
--------------- Linear optimization problem characteristics ---------------
Seed:                    4
Number of variables:     4
Number of constraints:   4

Norm of primal sol:      3.09e-02
Norm of dual sol:        1.00e+01
Norm of dual slacks:     5.00e+00

Norm of vector b:        2.00e+00
Norm of vector c:        6.10e+02

Norm of matrix A:        1.00e+02
Condition number:        4.00e+00

----------------------- Linear optimization problem -----------------------
Coeff matrix A:          [[+58.625 +2.448 +3.903 -29.421]
                          [+2.448 +50.354 +2.892 -13.713]
                          [+3.903 +2.892 +74.731 +17.777]
                          [-29.421 -13.713 +17.777 +66.291]]

RHS vector b:            [+0.769 +0.432 +1.711 +0.542]
Obj vector c:            [+358.037 -72.044 +351.317 -338.687]

---------------------------- Optimal solution -----------------------------
Primal variables:         [+0.018 +0.010 +0.018 +0.013]
Dual slacks:              [+2.947 +1.668 +2.964 +2.178]
Dual variables:           [+2.573 -3.695 +6.199 -6.426]

Optimal objective:       +7.66321563e+00
===========================================================================


----------------- Linear system Information -----------------
Norm of RHS vector:      2.00e+00
Norm of matrix:          1.00e+02
Condition number:        4.00e+00

Minimum eigenvalue:      +2.50e+01

RHS vector transpose:    [+0.769 +0.432 +1.711 +0.542]

Coffcient matrix:        [[+58.625 +2.448 +3.903 -29.421]
                          [+2.448 +50.354 +2.892 -13.713]
                          [+3.903 +2.892 +74.731 +17.777]
                          [-29.421 -13.713 +17.777 +66.291]]

------------- Modified linear system Information ------------
Norm of RHS vector:      1.00e+00
Norm of matrix:          5.00e+01
Condition number:        4.00e+00

Norm of difference:      8.38e-17
Norm of residual:        3.22e-15

------------------- Parameters of the QLSA ------------------
HHL method:              2
num_qubits:              6
Is simulator:            True

-------------------- Results of the QLSA --------------------
Quantum solution:        [+0.018 +0.010 +0.018 +0.013]
Exact solution:          [+0.018 +0.010 +0.018 +0.013]

Norm of difference:      8.38e-17
Norm of residual:        3.22e-15
Is sign changed:         False
Time (s):                6.13e-01
=============================================================
