
--------------- Linear optimization problem characteristics ---------------
Seed:                    66
Number of variables:     4
Number of constraints:   4

Norm of primal sol:      2.74e-02
Norm of dual sol:        1.00e+01
Norm of dual slacks:     5.00e+00

Norm of vector b:        2.00e+00
Norm of vector c:        7.36e+02

Norm of matrix A:        1.00e+02
Condition number:        4.00e+00

----------------------- Linear optimization problem -----------------------
Coeff matrix A:          [[+68.147 +3.265 -5.313 -23.701]
                          [+3.265 +63.708 +16.337 +8.881]
                          [-5.313 +16.337 +73.838 +19.228]
                          [-23.701 +8.881 +19.228 +44.307]]

RHS vector b:            [-0.243 +0.721 +1.416 +1.189]
Obj vector c:            [-512.458 -254.346 +376.140 +268.712]

---------------------------- Optimal solution -----------------------------
Primal variables:         [+0.005 +0.005 +0.012 +0.023]
Dual slacks:              [+0.969 +0.839 +2.277 +4.263]
Dual variables:           [-6.436 -5.241 +5.444 +1.214]

Optimal objective:       +7.07627027e+00
===========================================================================


----------------- Linear system Information -----------------
Norm of RHS vector:      2.00e+00
Norm of matrix:          1.00e+02
Condition number:        4.00e+00

Minimum eigenvalue:      +2.50e+01

RHS vector transpose:    [-0.243 +0.721 +1.416 +1.189]

Coffcient matrix:        [[+68.147 +3.265 -5.313 -23.701]
                          [+3.265 +63.708 +16.337 +8.881]
                          [-5.313 +16.337 +73.838 +19.228]
                          [-23.701 +8.881 +19.228 +44.307]]

------------- Modified linear system Information ------------
Norm of RHS vector:      1.00e+00
Norm of matrix:          5.00e+01
Condition number:        4.00e+00

Norm of difference:      2.57e-16
Norm of residual:        9.82e-15

------------------- Parameters of the QLSA ------------------
HHL method:              2
num_qubits:              6
Is simulator:            True

-------------------- Results of the QLSA --------------------
Quantum solution:        [+0.005 +0.005 +0.012 +0.023]
Exact solution:          [+0.005 +0.005 +0.012 +0.023]

Norm of difference:      2.57e-16
Norm of residual:        9.82e-15
Is sign changed:         False
Time (s):                7.01e-01
=============================================================
