
--------------- Linear optimization problem characteristics ---------------
Seed:                    92
Number of variables:     4
Number of constraints:   4

Norm of primal sol:      4.54e-02
Norm of dual sol:        1.00e+01
Norm of dual slacks:     5.00e+00

Norm of vector b:        2.00e+00
Norm of vector c:        5.77e+02

Norm of matrix A:        1.00e+02
Condition number:        4.00e+00

----------------------- Linear optimization problem -----------------------
Coeff matrix A:          [[+41.892 -9.471 -21.149 +8.771]
                          [-9.471 +62.085 +5.119 -17.318]
                          [-21.149 +5.119 +57.037 +6.661]
                          [+8.771 -17.318 +6.661 +88.986]]

RHS vector b:            [+0.837 +1.159 +0.428 +1.331]
Obj vector c:            [-334.518 +420.198 +63.952 -199.608]

---------------------------- Optimal solution -----------------------------
Primal variables:         [+0.030 +0.027 +0.014 +0.016]
Dual slacks:              [+3.287 +2.926 +1.576 +1.777]
Dual variables:           [-7.917 +5.646 -2.324 -0.210]

Optimal objective:       -1.12435010e+00
===========================================================================


----------------- Linear system Information -----------------
Norm of RHS vector:      2.00e+00
Norm of matrix:          1.00e+02
Condition number:        4.00e+00

Minimum eigenvalue:      +2.50e+01

RHS vector transpose:    [+0.837 +1.159 +0.428 +1.331]

Coffcient matrix:        [[+41.892 -9.471 -21.149 +8.771]
                          [-9.471 +62.085 +5.119 -17.318]
                          [-21.149 +5.119 +57.037 +6.661]
                          [+8.771 -17.318 +6.661 +88.986]]

------------- Modified linear system Information ------------
Norm of RHS vector:      1.00e+00
Norm of matrix:          5.00e+01
Condition number:        4.00e+00

Norm of difference:      1.22e-16
Norm of residual:        5.92e-15

------------------- Parameters of the QLSA ------------------
HHL method:              2
num_qubits:              6
Is simulator:            True

-------------------- Results of the QLSA --------------------
Quantum solution:        [+0.030 +0.027 +0.014 +0.016]
Exact solution:          [+0.030 +0.027 +0.014 +0.016]

Norm of difference:      1.22e-16
Norm of residual:        5.92e-15
Is sign changed:         False
Time (s):                7.47e-01
=============================================================
