
--------------- Linear optimization problem characteristics ---------------
Seed:                    88
Number of variables:     4
Number of constraints:   4

Norm of primal sol:      3.07e-02
Norm of dual sol:        1.00e+01
Norm of dual slacks:     5.00e+00

Norm of vector b:        2.00e+00
Norm of vector c:        4.37e+02

Norm of matrix A:        1.00e+02
Condition number:        4.00e+00

----------------------- Linear optimization problem -----------------------
Coeff matrix A:          [[+48.302 -10.469 +6.009 +22.464]
                          [-10.469 +81.447 -21.376 +6.687]
                          [+6.009 -21.376 +65.231 -9.925]
                          [+22.464 +6.687 -9.925 +55.021]]

RHS vector b:            [+1.140 +0.676 +0.431 +1.434]
Obj vector c:            [+56.910 +195.275 +297.665 -247.185]

---------------------------- Optimal solution -----------------------------
Primal variables:         [+0.015 +0.012 +0.012 +0.021]
Dual slacks:              [+2.441 +1.912 +1.992 +3.379]
Dual variables:           [+4.364 +4.677 +4.743 -6.049]

Optimal objective:       +1.65650208e+00
===========================================================================


----------------- Linear system Information -----------------
Norm of RHS vector:      2.00e+00
Norm of matrix:          1.00e+02
Condition number:        4.00e+00

Minimum eigenvalue:      +2.50e+01

RHS vector transpose:    [+1.140 +0.676 +0.431 +1.434]

Coffcient matrix:        [[+48.302 -10.469 +6.009 +22.464]
                          [-10.469 +81.447 -21.376 +6.687]
                          [+6.009 -21.376 +65.231 -9.925]
                          [+22.464 +6.687 -9.925 +55.021]]

------------- Modified linear system Information ------------
Norm of RHS vector:      1.00e+00
Norm of matrix:          5.00e+01
Condition number:        4.00e+00

Norm of difference:      8.23e-17
Norm of residual:        5.43e-15

------------------- Parameters of the QLSA ------------------
HHL method:              2
num_qubits:              6
Is simulator:            True

-------------------- Results of the QLSA --------------------
Quantum solution:        [+0.015 +0.012 +0.012 +0.021]
Exact solution:          [+0.015 +0.012 +0.012 +0.021]

Norm of difference:      8.23e-17
Norm of residual:        5.43e-15
Is sign changed:         False
Time (s):                8.11e-01
=============================================================
