
--------------- Linear optimization problem characteristics ---------------
Seed:                    69
Number of variables:     4
Number of constraints:   4

Norm of primal sol:      3.94e-02
Norm of dual sol:        1.00e+01
Norm of dual slacks:     5.00e+00

Norm of vector b:        2.00e+00
Norm of vector c:        3.74e+02

Norm of matrix A:        1.00e+02
Condition number:        4.00e+00

----------------------- Linear optimization problem -----------------------
Coeff matrix A:          [[+81.779 -9.043 -21.377 +11.584]
                          [-9.043 +75.384 -5.953 -10.244]
                          [-21.377 -5.953 +38.886 -12.845]
                          [+11.584 -10.244 -12.845 +53.951]]

RHS vector b:            [+0.600 +1.557 -0.248 +1.075]
Obj vector c:            [+165.276 -186.819 -146.470 -237.428]

---------------------------- Optimal solution -----------------------------
Primal variables:         [+0.010 +0.026 +0.011 +0.026]
Dual slacks:              [+1.214 +3.316 +1.436 +3.236]
Dual variables:           [+0.952 -3.823 -6.128 -6.850]

Optimal objective:       -1.10237006e+01
===========================================================================


----------------- Linear system Information -----------------
Norm of RHS vector:      2.00e+00
Norm of matrix:          1.00e+02
Condition number:        4.00e+00

Minimum eigenvalue:      +2.50e+01

RHS vector transpose:    [+0.600 +1.557 -0.248 +1.075]

Coffcient matrix:        [[+81.779 -9.043 -21.377 +11.584]
                          [-9.043 +75.384 -5.953 -10.244]
                          [-21.377 -5.953 +38.886 -12.845]
                          [+11.584 -10.244 -12.845 +53.951]]

------------- Modified linear system Information ------------
Norm of RHS vector:      1.00e+00
Norm of matrix:          5.00e+01
Condition number:        4.00e+00

Norm of difference:      2.41e-16
Norm of residual:        6.58e-15

------------------- Parameters of the QLSA ------------------
HHL method:              2
num_qubits:              6
Is simulator:            True

-------------------- Results of the QLSA --------------------
Quantum solution:        [+0.010 +0.026 +0.011 +0.026]
Exact solution:          [+0.010 +0.026 +0.011 +0.026]

Norm of difference:      2.41e-16
Norm of residual:        6.58e-15
Is sign changed:         False
Time (s):                7.19e-01
=============================================================
