
--------------- Linear optimization problem characteristics ---------------
Seed:                    31
Number of variables:     4
Number of constraints:   4

Norm of primal sol:      6.91e-02
Norm of dual sol:        1.00e+01
Norm of dual slacks:     5.00e+00

Norm of vector b:        2.00e+00
Norm of vector c:        2.54e+02

Norm of matrix A:        5.00e+01
Condition number:        4.00e+00

----------------------- Linear optimization problem -----------------------
Coeff matrix A:          [[+30.910 +8.101 +10.062 +1.258]
                          [+8.101 +37.576 +0.990 -12.216]
                          [+10.062 +0.990 +33.783 -3.523]
                          [+1.258 -12.216 -3.523 +22.731]]

RHS vector b:            [+1.104 +1.165 +1.137 +0.361]
Obj vector c:            [-110.326 -133.900 +161.634 -91.973]

---------------------------- Optimal solution -----------------------------
Primal variables:         [+0.012 +0.041 +0.033 +0.043]
Dual slacks:              [+0.893 +2.990 +2.404 +3.080]
Dual variables:           [-3.866 -4.810 +5.410 -5.714]

Optimal objective:       -5.43777271e+00
===========================================================================


----------------- Linear system Information -----------------
Norm of RHS vector:      2.00e+00
Norm of matrix:          5.00e+01
Condition number:        4.00e+00

Minimum eigenvalue:      +1.25e+01

RHS vector transpose:    [+1.104 +1.165 +1.137 +0.361]

Coffcient matrix:        [[+30.910 +8.101 +10.062 +1.258]
                          [+8.101 +37.576 +0.990 -12.216]
                          [+10.062 +0.990 +33.783 -3.523]
                          [+1.258 -12.216 -3.523 +22.731]]

------------- Modified linear system Information ------------
Norm of RHS vector:      1.00e+00
Norm of matrix:          2.50e+01
Condition number:        4.00e+00

Norm of difference:      1.79e-16
Norm of residual:        5.78e-15

------------------- Parameters of the QLSA ------------------
HHL method:              2
num_qubits:              6
Is simulator:            True

-------------------- Results of the QLSA --------------------
Quantum solution:        [+0.012 +0.041 +0.033 +0.043]
Exact solution:          [+0.012 +0.041 +0.033 +0.043]

Norm of difference:      1.79e-16
Norm of residual:        5.78e-15
Is sign changed:         True
Time (s):                8.11e-01
=============================================================
