
--------------- Linear optimization problem characteristics ---------------
Seed:                    43
Number of variables:     4
Number of constraints:   4

Norm of primal sol:      5.25e-02
Norm of dual sol:        1.00e+01
Norm of dual slacks:     5.00e+00

Norm of vector b:        2.00e+00
Norm of vector c:        4.89e+02

Norm of matrix A:        1.00e+02
Condition number:        4.00e+00

----------------------- Linear optimization problem -----------------------
Coeff matrix A:          [[+68.375 -6.824 -12.084 +7.115]
                          [-6.824 +47.156 -28.732 -8.995]
                          [-12.084 -28.732 +73.716 +14.609]
                          [+7.115 -8.995 +14.609 +60.754]]

RHS vector b:            [+0.295 +1.697 -0.429 +0.921]
Obj vector c:            [-367.657 +303.566 +107.374 +12.539]

---------------------------- Optimal solution -----------------------------
Primal variables:         [+0.009 +0.047 +0.010 +0.019]
Dual slacks:              [+0.848 +4.491 +0.984 +1.774]
Dual variables:           [-3.985 +8.280 +3.829 +0.949]

Optimal objective:       +1.23729396e+01
===========================================================================


----------------- Linear system Information -----------------
Norm of RHS vector:      2.00e+00
Norm of matrix:          1.00e+02
Condition number:        4.00e+00

Minimum eigenvalue:      +2.50e+01

RHS vector transpose:    [+0.295 +1.697 -0.429 +0.921]

Coffcient matrix:        [[+68.375 -6.824 -12.084 +7.115]
                          [-6.824 +47.156 -28.732 -8.995]
                          [-12.084 -28.732 +73.716 +14.609]
                          [+7.115 -8.995 +14.609 +60.754]]

------------- Modified linear system Information ------------
Norm of RHS vector:      1.00e+00
Norm of matrix:          5.00e+01
Condition number:        4.00e+00

Norm of difference:      6.18e-17
Norm of residual:        2.57e-15

------------------- Parameters of the QLSA ------------------
HHL method:              2
num_qubits:              6
Is simulator:            True

-------------------- Results of the QLSA --------------------
Quantum solution:        [+0.009 +0.047 +0.010 +0.019]
Exact solution:          [+0.009 +0.047 +0.010 +0.019]

Norm of difference:      6.18e-17
Norm of residual:        2.57e-15
Is sign changed:         False
Time (s):                8.51e-01
=============================================================
