
--------------- Linear optimization problem characteristics ---------------
Seed:                    62
Number of variables:     4
Number of constraints:   4

Norm of primal sol:      2.80e-02
Norm of dual sol:        1.00e+01
Norm of dual slacks:     5.00e+00

Norm of vector b:        2.00e+00
Norm of vector c:        4.94e+02

Norm of matrix A:        1.00e+02
Condition number:        4.00e+00

----------------------- Linear optimization problem -----------------------
Coeff matrix A:          [[+63.540 +2.560 +32.509 +17.741]
                          [+2.560 +54.546 +3.951 -9.521]
                          [+32.509 +3.951 +66.950 -5.745]
                          [+17.741 -9.521 -5.745 +64.964]]

RHS vector b:            [+1.008 +0.691 +1.512 +0.470]
Obj vector c:            [+118.731 -222.446 +216.943 -365.432]

---------------------------- Optimal solution -----------------------------
Primal variables:         [+0.001 +0.013 +0.022 +0.011]
Dual slacks:              [+0.159 +2.305 +3.988 +1.939]
Dual variables:           [+3.554 -5.654 +1.158 -7.352]

Optimal objective:       -1.88841497e+00
===========================================================================


----------------- Linear system Information -----------------
Norm of RHS vector:      2.00e+00
Norm of matrix:          1.00e+02
Condition number:        4.00e+00

Minimum eigenvalue:      +2.50e+01

RHS vector transpose:    [+1.008 +0.691 +1.512 +0.470]

Coffcient matrix:        [[+63.540 +2.560 +32.509 +17.741]
                          [+2.560 +54.546 +3.951 -9.521]
                          [+32.509 +3.951 +66.950 -5.745]
                          [+17.741 -9.521 -5.745 +64.964]]

------------- Modified linear system Information ------------
Norm of RHS vector:      1.00e+00
Norm of matrix:          5.00e+01
Condition number:        4.00e+00

Norm of difference:      1.71e-17
Norm of residual:        8.33e-16

------------------- Parameters of the QLSA ------------------
HHL method:              2
num_qubits:              6
Is simulator:            True

-------------------- Results of the QLSA --------------------
Quantum solution:        [+0.001 +0.013 +0.022 +0.011]
Exact solution:          [+0.001 +0.013 +0.022 +0.011]

Norm of difference:      1.71e-17
Norm of residual:        8.33e-16
Is sign changed:         False
Time (s):                9.73e-01
=============================================================
