
--------------- Linear optimization problem characteristics ---------------
Seed:                    84
Number of variables:     4
Number of constraints:   4

Norm of primal sol:      6.52e-02
Norm of dual sol:        1.00e+01
Norm of dual slacks:     5.00e+00

Norm of vector b:        2.00e+00
Norm of vector c:        4.32e+02

Norm of matrix A:        5.00e+01
Condition number:        4.00e+00

----------------------- Linear optimization problem -----------------------
Coeff matrix A:          [[+36.702 -9.645 -1.407 -10.293]
                          [-9.645 +38.051 -3.544 -1.613]
                          [-1.407 -3.544 +16.902 -5.603]
                          [-10.293 -1.613 -5.603 +33.345]]

RHS vector b:            [-0.736 +0.997 -0.068 +1.569]
Obj vector c:            [+333.169 -231.809 -46.572 -141.026]

---------------------------- Optimal solution -----------------------------
Primal variables:         [+0.004 +0.031 +0.021 +0.053]
Dual slacks:              [+0.299 +2.404 +1.573 +4.081]
Dual variables:           [+6.660 -5.019 -4.435 -3.284]

Optimal objective:       -1.44269717e+01
===========================================================================


----------------- Linear system Information -----------------
Norm of RHS vector:      2.00e+00
Norm of matrix:          5.00e+01
Condition number:        4.00e+00

Minimum eigenvalue:      +1.25e+01

RHS vector transpose:    [-0.736 +0.997 -0.068 +1.569]

Coffcient matrix:        [[+36.702 -9.645 -1.407 -10.293]
                          [-9.645 +38.051 -3.544 -1.613]
                          [-1.407 -3.544 +16.902 -5.603]
                          [-10.293 -1.613 -5.603 +33.345]]

------------- Modified linear system Information ------------
Norm of RHS vector:      1.00e+00
Norm of matrix:          2.50e+01
Condition number:        4.00e+00

Norm of difference:      2.28e-16
Norm of residual:        3.28e-15

------------------- Parameters of the QLSA ------------------
HHL method:              2
num_qubits:              6
Is simulator:            True

-------------------- Results of the QLSA --------------------
Quantum solution:        [+0.004 +0.031 +0.021 +0.053]
Exact solution:          [+0.004 +0.031 +0.021 +0.053]

Norm of difference:      2.28e-16
Norm of residual:        3.28e-15
Is sign changed:         False
Time (s):                7.36e-01
=============================================================
