
--------------- Linear optimization problem characteristics ---------------
Seed:                    82
Number of variables:     4
Number of constraints:   4

Norm of primal sol:      2.91e-02
Norm of dual sol:        1.00e+01
Norm of dual slacks:     5.00e+00

Norm of vector b:        2.00e+00
Norm of vector c:        7.65e+02

Norm of matrix A:        1.00e+02
Condition number:        4.00e+00

----------------------- Linear optimization problem -----------------------
Coeff matrix A:          [[+56.058 +14.636 +12.317 -28.620]
                          [+14.636 +58.878 +12.301 -6.086]
                          [+12.317 +12.301 +79.127 +1.421]
                          [-28.620 -6.086 +1.421 +55.937]]

RHS vector b:            [+0.244 +1.069 +1.479 +0.782]
Obj vector c:            [+29.006 +410.945 +601.778 +230.350]

---------------------------- Optimal solution -----------------------------
Primal variables:         [+0.007 +0.015 +0.015 +0.019]
Dual slacks:              [+1.132 +2.628 +2.565 +3.199]
Dual variables:           [-0.290 +6.085 +6.593 +4.407]

Optimal objective:       +1.97730737e+01
===========================================================================


----------------- Linear system Information -----------------
Norm of RHS vector:      2.00e+00
Norm of matrix:          1.00e+02
Condition number:        4.00e+00

Minimum eigenvalue:      +2.50e+01

RHS vector transpose:    [+0.244 +1.069 +1.479 +0.782]

Coffcient matrix:        [[+56.058 +14.636 +12.317 -28.620]
                          [+14.636 +58.878 +12.301 -6.086]
                          [+12.317 +12.301 +79.127 +1.421]
                          [-28.620 -6.086 +1.421 +55.937]]

------------- Modified linear system Information ------------
Norm of RHS vector:      1.00e+00
Norm of matrix:          5.00e+01
Condition number:        4.00e+00

Norm of difference:      4.60e-17
Norm of residual:        4.16e-15

------------------- Parameters of the QLSA ------------------
HHL method:              2
num_qubits:              6
Is simulator:            True

-------------------- Results of the QLSA --------------------
Quantum solution:        [+0.007 +0.015 +0.015 +0.019]
Exact solution:          [+0.007 +0.015 +0.015 +0.019]

Norm of difference:      4.60e-17
Norm of residual:        4.16e-15
Is sign changed:         False
Time (s):                8.17e-01
=============================================================
