
--------------- Linear optimization problem characteristics ---------------
Seed:                    69
Number of variables:     4
Number of constraints:   4

Norm of primal sol:      7.89e-02
Norm of dual sol:        1.00e+01
Norm of dual slacks:     5.00e+00

Norm of vector b:        2.00e+00
Norm of vector c:        1.85e+02

Norm of matrix A:        5.00e+01
Condition number:        4.00e+00

----------------------- Linear optimization problem -----------------------
Coeff matrix A:          [[+40.889 -4.522 -10.688 +5.792]
                          [-4.522 +37.692 -2.977 -5.122]
                          [-10.688 -2.977 +19.443 -6.423]
                          [+5.792 -5.122 -6.423 +26.976]]

RHS vector b:            [+0.600 +1.557 -0.248 +1.075]
Obj vector c:            [+83.245 -91.751 -72.517 -117.096]

---------------------------- Optimal solution -----------------------------
Primal variables:         [+0.019 +0.052 +0.023 +0.051]
Dual slacks:              [+1.214 +3.316 +1.436 +3.236]
Dual variables:           [+0.952 -3.823 -6.128 -6.850]

Optimal objective:       -1.08264670e+01
===========================================================================


----------------- Linear system Information -----------------
Norm of RHS vector:      2.00e+00
Norm of matrix:          5.00e+01
Condition number:        4.00e+00

Minimum eigenvalue:      +1.25e+01

RHS vector transpose:    [+0.600 +1.557 -0.248 +1.075]

Coffcient matrix:        [[+40.889 -4.522 -10.688 +5.792]
                          [-4.522 +37.692 -2.977 -5.122]
                          [-10.688 -2.977 +19.443 -6.423]
                          [+5.792 -5.122 -6.423 +26.976]]

------------- Modified linear system Information ------------
Norm of RHS vector:      1.00e+00
Norm of matrix:          2.50e+01
Condition number:        4.00e+00

Norm of difference:      4.82e-16
Norm of residual:        6.58e-15

------------------- Parameters of the QLSA ------------------
HHL method:              2
num_qubits:              6
Is simulator:            True

-------------------- Results of the QLSA --------------------
Quantum solution:        [+0.019 +0.052 +0.023 +0.051]
Exact solution:          [+0.019 +0.052 +0.023 +0.051]

Norm of difference:      4.82e-16
Norm of residual:        6.58e-15
Is sign changed:         False
Time (s):                7.07e-01
=============================================================
