
--------------- Linear optimization problem characteristics ---------------
Seed:                    83
Number of variables:     4
Number of constraints:   4

Norm of primal sol:      4.80e-02
Norm of dual sol:        1.00e+01
Norm of dual slacks:     5.00e+00

Norm of vector b:        2.00e+00
Norm of vector c:        4.13e+02

Norm of matrix A:        5.00e+01
Condition number:        4.00e+00

----------------------- Linear optimization problem -----------------------
Coeff matrix A:          [[+35.267 +2.475 +5.352 +11.215]
                          [+2.475 +34.343 +3.947 -6.818]
                          [+5.352 +3.947 +24.237 +11.427]
                          [+11.215 -6.818 +11.427 +31.153]]

RHS vector b:            [+0.881 +0.820 +1.111 +1.148]
Obj vector c:            [+298.892 -136.393 +29.998 +247.788]

---------------------------- Optimal solution -----------------------------
Primal variables:         [+0.010 +0.026 +0.025 +0.030]
Dual slacks:              [+1.023 +2.722 +2.642 +3.093]
Dual variables:           [+7.324 -3.206 -2.534 +5.446]

Optimal objective:       +7.49834075e+00
===========================================================================


----------------- Linear system Information -----------------
Norm of RHS vector:      2.00e+00
Norm of matrix:          5.00e+01
Condition number:        4.00e+00

Minimum eigenvalue:      +1.25e+01

RHS vector transpose:    [+0.881 +0.820 +1.111 +1.148]

Coffcient matrix:        [[+35.267 +2.475 +5.352 +11.215]
                          [+2.475 +34.343 +3.947 -6.818]
                          [+5.352 +3.947 +24.237 +11.427]
                          [+11.215 -6.818 +11.427 +31.153]]

------------- Modified linear system Information ------------
Norm of RHS vector:      1.00e+00
Norm of matrix:          2.50e+01
Condition number:        4.00e+00

Norm of difference:      5.54e-15
Norm of residual:        7.06e-14

------------------- Parameters of the QLSA ------------------
HHL method:              2
num_qubits:              6
Is simulator:            True

-------------------- Results of the QLSA --------------------
Quantum solution:        [+0.010 +0.026 +0.025 +0.030]
Exact solution:          [+0.010 +0.026 +0.025 +0.030]

Norm of difference:      5.54e-15
Norm of residual:        7.06e-14
Is sign changed:         True
Time (s):                6.98e-01
=============================================================
