
--------------- Linear optimization problem characteristics ---------------
Seed:                    46
Number of variables:     4
Number of constraints:   4

Norm of primal sol:      2.05e-02
Norm of dual sol:        1.00e+01
Norm of dual slacks:     5.00e+00

Norm of vector b:        2.00e+00
Norm of vector c:        4.58e+02

Norm of matrix A:        1.00e+02
Condition number:        4.00e+00

----------------------- Linear optimization problem -----------------------
Coeff matrix A:          [[+45.231 +20.783 -5.759 +21.052]
                          [+20.783 +74.345 +9.538 +4.285]
                          [-5.759 +9.538 +47.494 +2.084]
                          [+21.052 +4.285 +2.084 +82.931]]

RHS vector b:            [+1.005 +1.099 +0.238 +1.314]
Obj vector c:            [+33.555 +364.984 -249.499 -116.614]

---------------------------- Optimal solution -----------------------------
Primal variables:         [+0.012 +0.010 +0.004 +0.012]
Dual slacks:              [+3.047 +2.468 +0.968 +2.947]
Dual variables:           [-2.823 +6.602 -6.903 -0.893]

Optimal objective:       +1.70915919e+00
===========================================================================


----------------- Linear system Information -----------------
Norm of RHS vector:      2.00e+00
Norm of matrix:          1.00e+02
Condition number:        4.00e+00

Minimum eigenvalue:      +2.50e+01

RHS vector transpose:    [+1.005 +1.099 +0.238 +1.314]

Coffcient matrix:        [[+45.231 +20.783 -5.759 +21.052]
                          [+20.783 +74.345 +9.538 +4.285]
                          [-5.759 +9.538 +47.494 +2.084]
                          [+21.052 +4.285 +2.084 +82.931]]

------------- Modified linear system Information ------------
Norm of RHS vector:      1.00e+00
Norm of matrix:          5.00e+01
Condition number:        4.00e+00

Norm of difference:      1.09e-16
Norm of residual:        3.51e-15

------------------- Parameters of the QLSA ------------------
HHL method:              2
num_qubits:              6
Is simulator:            True

-------------------- Results of the QLSA --------------------
Quantum solution:        [+0.012 +0.010 +0.004 +0.012]
Exact solution:          [+0.012 +0.010 +0.004 +0.012]

Norm of difference:      1.09e-16
Norm of residual:        3.51e-15
Is sign changed:         False
Time (s):                8.98e-01
=============================================================
