
--------------- Linear optimization problem characteristics ---------------
Seed:                    65
Number of variables:     4
Number of constraints:   4

Norm of primal sol:      2.89e-02
Norm of dual sol:        1.00e+01
Norm of dual slacks:     5.00e+00

Norm of vector b:        2.00e+00
Norm of vector c:        8.59e+02

Norm of matrix A:        1.00e+02
Condition number:        4.00e+00

----------------------- Linear optimization problem -----------------------
Coeff matrix A:          [[+76.225 +1.204 +0.405 +13.002]
                          [+1.204 +57.629 -16.528 -26.659]
                          [+0.405 -16.528 +41.271 -0.048]
                          [+13.002 -26.659 -0.048 +74.875]]

RHS vector b:            [+1.375 -0.525 +0.823 +1.076]
Obj vector c:            [-225.854 -585.350 +269.436 +521.073]

---------------------------- Optimal solution -----------------------------
Primal variables:         [+0.016 +0.002 +0.021 +0.012]
Dual slacks:              [+2.724 +0.391 +3.577 +2.151]
Dual variables:           [-3.814 -6.539 +3.867 +5.267]

Optimal objective:       +7.17948530e+00
===========================================================================


----------------- Linear system Information -----------------
Norm of RHS vector:      2.00e+00
Norm of matrix:          1.00e+02
Condition number:        4.00e+00

Minimum eigenvalue:      +2.50e+01

RHS vector transpose:    [+1.375 -0.525 +0.823 +1.076]

Coffcient matrix:        [[+76.225 +1.204 +0.405 +13.002]
                          [+1.204 +57.629 -16.528 -26.659]
                          [+0.405 -16.528 +41.271 -0.048]
                          [+13.002 -26.659 -0.048 +74.875]]

------------- Modified linear system Information ------------
Norm of RHS vector:      1.00e+00
Norm of matrix:          5.00e+01
Condition number:        4.00e+00

Norm of difference:      7.33e-17
Norm of residual:        3.87e-15

------------------- Parameters of the QLSA ------------------
HHL method:              2
num_qubits:              6
Is simulator:            True

-------------------- Results of the QLSA --------------------
Quantum solution:        [+0.016 +0.002 +0.021 +0.012]
Exact solution:          [+0.016 +0.002 +0.021 +0.012]

Norm of difference:      7.33e-17
Norm of residual:        3.87e-15
Is sign changed:         True
Time (s):                6.34e-01
=============================================================
