
--------------- Linear optimization problem characteristics ---------------
Seed:                    70
Number of variables:     4
Number of constraints:   4

Norm of primal sol:      4.91e-02
Norm of dual sol:        1.00e+01
Norm of dual slacks:     5.00e+00

Norm of vector b:        2.00e+00
Norm of vector c:        3.49e+02

Norm of matrix A:        5.00e+01
Condition number:        4.00e+00

----------------------- Linear optimization problem -----------------------
Coeff matrix A:          [[+32.691 +2.605 -5.728 -0.875]
                          [+2.605 +24.051 -6.078 +10.668]
                          [-5.728 -6.078 +23.708 +7.461]
                          [-0.875 +10.668 +7.461 +44.550]]

RHS vector b:            [+0.838 +0.869 +0.295 +1.567]
Obj vector c:            [-162.291 -216.745 +209.666 -68.935]

---------------------------- Optimal solution -----------------------------
Primal variables:         [+0.027 +0.026 +0.017 +0.027]
Dual slacks:              [+2.780 +2.615 +1.752 +2.713]
Dual variables:           [-3.395 -6.524 +6.664 -1.229]

Optimal objective:       -8.23276072e+00
===========================================================================


----------------- Linear system Information -----------------
Norm of RHS vector:      2.00e+00
Norm of matrix:          5.00e+01
Condition number:        4.00e+00

Minimum eigenvalue:      +1.25e+01

RHS vector transpose:    [+0.838 +0.869 +0.295 +1.567]

Coffcient matrix:        [[+32.691 +2.605 -5.728 -0.875]
                          [+2.605 +24.051 -6.078 +10.668]
                          [-5.728 -6.078 +23.708 +7.461]
                          [-0.875 +10.668 +7.461 +44.550]]

------------- Modified linear system Information ------------
Norm of RHS vector:      1.00e+00
Norm of matrix:          2.50e+01
Condition number:        4.00e+00

Norm of difference:      1.08e-16
Norm of residual:        2.42e-15

------------------- Parameters of the QLSA ------------------
HHL method:              2
num_qubits:              6
Is simulator:            True

-------------------- Results of the QLSA --------------------
Quantum solution:        [+0.027 +0.026 +0.017 +0.027]
Exact solution:          [+0.027 +0.026 +0.017 +0.027]

Norm of difference:      1.08e-16
Norm of residual:        2.42e-15
Is sign changed:         False
Time (s):                7.55e-01
=============================================================
