
--------------- Linear optimization problem characteristics ---------------
Seed:                    21
Number of variables:     4
Number of constraints:   4

Norm of primal sol:      1.54e-01
Norm of dual sol:        1.00e+01
Norm of dual slacks:     5.00e+00

Norm of vector b:        2.00e+00
Norm of vector c:        2.85e+02

Norm of matrix A:        5.00e+01
Condition number:        4.00e+00

----------------------- Linear optimization problem -----------------------
Coeff matrix A:          [[+32.536 -6.327 +0.361 -10.263]
                          [-6.327 +34.107 -9.681 +1.284]
                          [+0.361 -9.681 +17.455 -1.770]
                          [-10.263 +1.284 -1.770 +40.902]]

RHS vector b:            [-0.041 +0.514 +1.930 -0.103]
Obj vector c:            [-142.148 -188.615 +13.051 +159.682]

---------------------------- Optimal solution -----------------------------
Primal variables:         [+0.010 +0.057 +0.142 +0.004]
Dual slacks:              [+0.313 +1.857 +4.630 +0.139]
Dual variables:           [-4.941 -7.548 -3.322 +2.754]

Optimal objective:       -9.60286137e+00
===========================================================================


----------------- Linear system Information -----------------
Norm of RHS vector:      2.00e+00
Norm of matrix:          5.00e+01
Condition number:        4.00e+00

Minimum eigenvalue:      +1.25e+01

RHS vector transpose:    [-0.041 +0.514 +1.930 -0.103]

Coffcient matrix:        [[+32.536 -6.327 +0.361 -10.263]
                          [-6.327 +34.107 -9.681 +1.284]
                          [+0.361 -9.681 +17.455 -1.770]
                          [-10.263 +1.284 -1.770 +40.902]]

------------- Modified linear system Information ------------
Norm of RHS vector:      1.00e+00
Norm of matrix:          2.50e+01
Condition number:        4.00e+00

Norm of difference:      3.59e-16
Norm of residual:        1.55e-14

------------------- Parameters of the QLSA ------------------
HHL method:              2
num_qubits:              6
Is simulator:            True

-------------------- Results of the QLSA --------------------
Quantum solution:        [+0.010 +0.057 +0.142 +0.004]
Exact solution:          [+0.010 +0.057 +0.142 +0.004]

Norm of difference:      3.59e-16
Norm of residual:        1.55e-14
Is sign changed:         False
Time (s):                6.69e-01
=============================================================
