
--------------- Linear optimization problem characteristics ---------------
Seed:                    66
Number of variables:     4
Number of constraints:   4

Norm of primal sol:      5.48e-02
Norm of dual sol:        1.00e+01
Norm of dual slacks:     5.00e+00

Norm of vector b:        2.00e+00
Norm of vector c:        3.69e+02

Norm of matrix A:        5.00e+01
Condition number:        4.00e+00

----------------------- Linear optimization problem -----------------------
Coeff matrix A:          [[+34.073 +1.632 -2.657 -11.850]
                          [+1.632 +31.854 +8.168 +4.441]
                          [-2.657 +8.168 +36.919 +9.614]
                          [-11.850 +4.441 +9.614 +22.154]]

RHS vector b:            [-0.243 +0.721 +1.416 +1.189]
Obj vector c:            [-255.745 -126.753 +189.209 +136.487]

---------------------------- Optimal solution -----------------------------
Primal variables:         [+0.011 +0.009 +0.025 +0.047]
Dual slacks:              [+0.969 +0.839 +2.277 +4.263]
Dual variables:           [-6.436 -5.241 +5.444 +1.214]

Optimal objective:       +7.21318305e+00
===========================================================================


----------------- Linear system Information -----------------
Norm of RHS vector:      2.00e+00
Norm of matrix:          5.00e+01
Condition number:        4.00e+00

Minimum eigenvalue:      +1.25e+01

RHS vector transpose:    [-0.243 +0.721 +1.416 +1.189]

Coffcient matrix:        [[+34.073 +1.632 -2.657 -11.850]
                          [+1.632 +31.854 +8.168 +4.441]
                          [-2.657 +8.168 +36.919 +9.614]
                          [-11.850 +4.441 +9.614 +22.154]]

------------- Modified linear system Information ------------
Norm of RHS vector:      1.00e+00
Norm of matrix:          2.50e+01
Condition number:        4.00e+00

Norm of difference:      5.14e-16
Norm of residual:        9.82e-15

------------------- Parameters of the QLSA ------------------
HHL method:              2
num_qubits:              6
Is simulator:            True

-------------------- Results of the QLSA --------------------
Quantum solution:        [+0.011 +0.009 +0.025 +0.047]
Exact solution:          [+0.011 +0.009 +0.025 +0.047]

Norm of difference:      5.14e-16
Norm of residual:        9.82e-15
Is sign changed:         False
Time (s):                8.31e-01
=============================================================
