
--------------- Linear optimization problem characteristics ---------------
Seed:                    98
Number of variables:     4
Number of constraints:   4

Norm of primal sol:      2.62e-02
Norm of dual sol:        1.00e+01
Norm of dual slacks:     5.00e+00

Norm of vector b:        2.00e+00
Norm of vector c:        5.28e+02

Norm of matrix A:        1.00e+02
Condition number:        4.00e+00

----------------------- Linear optimization problem -----------------------
Coeff matrix A:          [[+68.749 +0.281 +24.255 -7.392]
                          [+0.281 +38.083 -8.313 +15.081]
                          [+24.255 -8.313 +79.272 +12.794]
                          [-7.392 +15.081 +12.794 +63.896]]

RHS vector b:            [+1.090 +0.651 +0.983 +1.192]
Obj vector c:            [-50.070 -367.160 -170.795 -334.981]

---------------------------- Optimal solution -----------------------------
Primal variables:         [+0.015 +0.012 +0.006 +0.016]
Dual slacks:              [+2.933 +2.272 +1.207 +3.127]
Dual variables:           [-0.052 -9.277 -2.713 -2.565]

Optimal objective:       -1.16900502e+01
===========================================================================


----------------- Linear system Information -----------------
Norm of RHS vector:      2.00e+00
Norm of matrix:          1.00e+02
Condition number:        4.00e+00

Minimum eigenvalue:      +2.50e+01

RHS vector transpose:    [+1.090 +0.651 +0.983 +1.192]

Coffcient matrix:        [[+68.749 +0.281 +24.255 -7.392]
                          [+0.281 +38.083 -8.313 +15.081]
                          [+24.255 -8.313 +79.272 +12.794]
                          [-7.392 +15.081 +12.794 +63.896]]

------------- Modified linear system Information ------------
Norm of RHS vector:      1.00e+00
Norm of matrix:          5.00e+01
Condition number:        4.00e+00

Norm of difference:      8.26e-17
Norm of residual:        3.29e-15

------------------- Parameters of the QLSA ------------------
HHL method:              2
num_qubits:              6
Is simulator:            True

-------------------- Results of the QLSA --------------------
Quantum solution:        [+0.015 +0.012 +0.006 +0.016]
Exact solution:          [+0.015 +0.012 +0.006 +0.016]

Norm of difference:      8.26e-17
Norm of residual:        3.29e-15
Is sign changed:         False
Time (s):                6.98e-01
=============================================================
