
--------------- Linear optimization problem characteristics ---------------
Seed:                    46
Number of variables:     4
Number of constraints:   4

Norm of primal sol:      4.09e-02
Norm of dual sol:        1.00e+01
Norm of dual slacks:     5.00e+00

Norm of vector b:        2.00e+00
Norm of vector c:        2.30e+02

Norm of matrix A:        5.00e+01
Condition number:        4.00e+00

----------------------- Linear optimization problem -----------------------
Coeff matrix A:          [[+22.615 +10.391 -2.880 +10.526]
                          [+10.391 +37.172 +4.769 +2.142]
                          [-2.880 +4.769 +23.747 +1.042]
                          [+10.526 +2.142 +1.042 +41.465]]

RHS vector b:            [+1.005 +1.099 +0.238 +1.314]
Obj vector c:            [+18.301 +183.726 -124.265 -56.833]

---------------------------- Optimal solution -----------------------------
Primal variables:         [+0.025 +0.020 +0.008 +0.024]
Dual slacks:              [+3.047 +2.468 +0.968 +2.947]
Dual variables:           [-2.823 +6.602 -6.903 -0.893]

Optimal objective:       +1.81143131e+00
===========================================================================


----------------- Linear system Information -----------------
Norm of RHS vector:      2.00e+00
Norm of matrix:          5.00e+01
Condition number:        4.00e+00

Minimum eigenvalue:      +1.25e+01

RHS vector transpose:    [+1.005 +1.099 +0.238 +1.314]

Coffcient matrix:        [[+22.615 +10.391 -2.880 +10.526]
                          [+10.391 +37.172 +4.769 +2.142]
                          [-2.880 +4.769 +23.747 +1.042]
                          [+10.526 +2.142 +1.042 +41.465]]

------------- Modified linear system Information ------------
Norm of RHS vector:      1.00e+00
Norm of matrix:          2.50e+01
Condition number:        4.00e+00

Norm of difference:      2.97e-16
Norm of residual:        3.94e-15

------------------- Parameters of the QLSA ------------------
HHL method:              2
num_qubits:              6
Is simulator:            True

-------------------- Results of the QLSA --------------------
Quantum solution:        [+0.025 +0.020 +0.008 +0.024]
Exact solution:          [+0.025 +0.020 +0.008 +0.024]

Norm of difference:      2.97e-16
Norm of residual:        3.94e-15
Is sign changed:         False
Time (s):                9.52e-01
=============================================================
