
--------------- Linear optimization problem characteristics ---------------
Seed:                    71
Number of variables:     4
Number of constraints:   4

Norm of primal sol:      5.04e-02
Norm of dual sol:        1.00e+01
Norm of dual slacks:     5.00e+00

Norm of vector b:        2.00e+00
Norm of vector c:        3.89e+02

Norm of matrix A:        5.00e+01
Condition number:        4.00e+00

----------------------- Linear optimization problem -----------------------
Coeff matrix A:          [[+28.538 +13.614 +8.542 -8.806]
                          [+13.614 +32.018 +5.198 +3.390]
                          [+8.542 +5.198 +29.221 -1.526]
                          [-8.806 +3.390 -1.526 +35.223]]

RHS vector b:            [+0.839 +1.049 +1.454 +0.285]
Obj vector c:            [+180.657 +240.810 +149.788 +195.261]

---------------------------- Optimal solution -----------------------------
Primal variables:         [+0.010 +0.020 +0.044 +0.010]
Dual slacks:              [+0.970 +2.020 +4.347 +1.038]
Dual variables:           [+5.607 +3.881 +2.996 +6.672]

Optimal objective:       +1.52836992e+01
===========================================================================


----------------- Linear system Information -----------------
Norm of RHS vector:      2.00e+00
Norm of matrix:          5.00e+01
Condition number:        4.00e+00

Minimum eigenvalue:      +1.25e+01

RHS vector transpose:    [+0.839 +1.049 +1.454 +0.285]

Coffcient matrix:        [[+28.538 +13.614 +8.542 -8.806]
                          [+13.614 +32.018 +5.198 +3.390]
                          [+8.542 +5.198 +29.221 -1.526]
                          [-8.806 +3.390 -1.526 +35.223]]

------------- Modified linear system Information ------------
Norm of RHS vector:      1.00e+00
Norm of matrix:          2.50e+01
Condition number:        4.00e+00

Norm of difference:      1.37e-16
Norm of residual:        3.57e-15

------------------- Parameters of the QLSA ------------------
HHL method:              2
num_qubits:              6
Is simulator:            True

-------------------- Results of the QLSA --------------------
Quantum solution:        [+0.010 +0.020 +0.044 +0.010]
Exact solution:          [+0.010 +0.020 +0.044 +0.010]

Norm of difference:      1.37e-16
Norm of residual:        3.57e-15
Is sign changed:         True
Time (s):                8.62e-01
=============================================================
