
--------------- Linear optimization problem characteristics ---------------
Seed:                    28
Number of variables:     4
Number of constraints:   4

Norm of primal sol:      2.45e-02
Norm of dual sol:        1.00e+01
Norm of dual slacks:     5.00e+00

Norm of vector b:        2.00e+00
Norm of vector c:        7.08e+02

Norm of matrix A:        1.00e+02
Condition number:        4.00e+00

----------------------- Linear optimization problem -----------------------
Coeff matrix A:          [[+80.247 +20.884 +11.558 -11.261]
                          [+20.884 +40.057 +1.757 +10.505]
                          [+11.558 +1.757 +69.534 -17.769]
                          [-11.261 +10.505 -17.769 +60.161]]

RHS vector b:            [+1.631 +1.022 +0.268 +0.471]
Obj vector c:            [+278.074 +174.306 -453.474 +433.954]

---------------------------- Optimal solution -----------------------------
Primal variables:         [+0.018 +0.014 +0.003 +0.010]
Dual slacks:              [+3.609 +2.778 +0.619 +1.968]
Dual variables:           [+5.094 +0.199 -5.746 +6.402]

Optimal objective:       +1.01109231e+01
===========================================================================


----------------- Linear system Information -----------------
Norm of RHS vector:      2.00e+00
Norm of matrix:          1.00e+02
Condition number:        4.00e+00

Minimum eigenvalue:      +2.50e+01

RHS vector transpose:    [+1.631 +1.022 +0.268 +0.471]

Coffcient matrix:        [[+80.247 +20.884 +11.558 -11.261]
                          [+20.884 +40.057 +1.757 +10.505]
                          [+11.558 +1.757 +69.534 -17.769]
                          [-11.261 +10.505 -17.769 +60.161]]

------------- Modified linear system Information ------------
Norm of RHS vector:      1.00e+00
Norm of matrix:          5.00e+01
Condition number:        4.00e+00

Norm of difference:      3.82e-16
Norm of residual:        1.21e-14

------------------- Parameters of the QLSA ------------------
HHL method:              2
num_qubits:              6
Is simulator:            True

-------------------- Results of the QLSA --------------------
Quantum solution:        [+0.018 +0.014 +0.003 +0.010]
Exact solution:          [+0.018 +0.014 +0.003 +0.010]

Norm of difference:      3.82e-16
Norm of residual:        1.21e-14
Is sign changed:         False
Time (s):                8.93e-01
=============================================================
