
--------------- Linear optimization problem characteristics ---------------
Seed:                    91
Number of variables:     4
Number of constraints:   4

Norm of primal sol:      3.38e-02
Norm of dual sol:        1.00e+01
Norm of dual slacks:     5.00e+00

Norm of vector b:        2.00e+00
Norm of vector c:        4.77e+02

Norm of matrix A:        1.00e+02
Condition number:        4.00e+00

----------------------- Linear optimization problem -----------------------
Coeff matrix A:          [[+75.497 +8.661 +3.650 -11.819]
                          [+8.661 +31.474 -3.836 +11.700]
                          [+3.650 -3.836 +75.466 -22.809]
                          [-11.819 +11.700 -22.809 +67.563]]

RHS vector b:            [+1.228 +0.822 +1.345 +0.069]
Obj vector c:            [-316.131 +163.624 +313.693 +46.707]

---------------------------- Optimal solution -----------------------------
Primal variables:         [+0.014 +0.022 +0.020 +0.006]
Dual slacks:              [+2.029 +3.322 +2.993 +0.942]
Dual variables:           [-5.231 +7.058 +4.775 +0.152]

Optimal objective:       +5.98118059e+00
===========================================================================


----------------- Linear system Information -----------------
Norm of RHS vector:      2.00e+00
Norm of matrix:          1.00e+02
Condition number:        4.00e+00

Minimum eigenvalue:      +2.50e+01

RHS vector transpose:    [+1.228 +0.822 +1.345 +0.069]

Coffcient matrix:        [[+75.497 +8.661 +3.650 -11.819]
                          [+8.661 +31.474 -3.836 +11.700]
                          [+3.650 -3.836 +75.466 -22.809]
                          [-11.819 +11.700 -22.809 +67.563]]

------------- Modified linear system Information ------------
Norm of RHS vector:      1.00e+00
Norm of matrix:          5.00e+01
Condition number:        4.00e+00

Norm of difference:      5.67e-17
Norm of residual:        2.20e-15

------------------- Parameters of the QLSA ------------------
HHL method:              2
num_qubits:              6
Is simulator:            True

-------------------- Results of the QLSA --------------------
Quantum solution:        [+0.014 +0.022 +0.020 +0.006]
Exact solution:          [+0.014 +0.022 +0.020 +0.006]

Norm of difference:      5.67e-17
Norm of residual:        2.20e-15
Is sign changed:         False
Time (s):                8.67e-01
=============================================================
