
--------------- Linear optimization problem characteristics ---------------
Seed:                    32
Number of variables:     4
Number of constraints:   4

Norm of primal sol:      9.32e-02
Norm of dual sol:        1.00e+01
Norm of dual slacks:     5.00e+00

Norm of vector b:        2.00e+00
Norm of vector c:        2.40e+02

Norm of matrix A:        5.00e+01
Condition number:        4.00e+00

----------------------- Linear optimization problem -----------------------
Coeff matrix A:          [[+29.001 -4.421 +0.748 -9.720]
                          [-4.421 +25.953 +11.554 -9.446]
                          [+0.748 +11.554 +35.459 -4.724]
                          [-9.720 -9.446 -4.724 +34.587]]

RHS vector b:            [+0.925 +0.210 +1.294 +1.194]
Obj vector c:            [+17.156 -19.908 -172.802 +164.965]

---------------------------- Optimal solution -----------------------------
Primal variables:         [+0.055 +0.024 +0.036 +0.061]
Dual slacks:              [+2.965 +1.287 +1.916 +3.299]
Dual variables:           [+3.351 +4.477 -5.649 +6.067]

Optimal objective:       +4.44038525e+00
===========================================================================


----------------- Linear system Information -----------------
Norm of RHS vector:      2.00e+00
Norm of matrix:          5.00e+01
Condition number:        4.00e+00

Minimum eigenvalue:      +1.25e+01

RHS vector transpose:    [+0.925 +0.210 +1.294 +1.194]

Coffcient matrix:        [[+29.001 -4.421 +0.748 -9.720]
                          [-4.421 +25.953 +11.554 -9.446]
                          [+0.748 +11.554 +35.459 -4.724]
                          [-9.720 -9.446 -4.724 +34.587]]

------------- Modified linear system Information ------------
Norm of RHS vector:      1.00e+00
Norm of matrix:          2.50e+01
Condition number:        4.00e+00

Norm of difference:      7.98e-17
Norm of residual:        2.59e-15

------------------- Parameters of the QLSA ------------------
HHL method:              2
num_qubits:              6
Is simulator:            True

-------------------- Results of the QLSA --------------------
Quantum solution:        [+0.055 +0.024 +0.036 +0.061]
Exact solution:          [+0.055 +0.024 +0.036 +0.061]

Norm of difference:      7.98e-17
Norm of residual:        2.59e-15
Is sign changed:         False
Time (s):                7.39e-01
=============================================================
