
--------------- Linear optimization problem characteristics ---------------
Seed:                    9
Number of variables:     4
Number of constraints:   4

Norm of primal sol:      2.13e-02
Norm of dual sol:        1.00e+01
Norm of dual slacks:     5.00e+00

Norm of vector b:        2.00e+00
Norm of vector c:        5.33e+02

Norm of matrix A:        1.00e+02
Condition number:        4.00e+00

----------------------- Linear optimization problem -----------------------
Coeff matrix A:          [[+42.683 -10.564 -2.375 -14.269]
                          [-10.564 +94.603 +6.811 +2.341]
                          [-2.375 +6.811 +72.512 +13.395]
                          [-14.269 +2.341 +13.395 +40.203]]

RHS vector b:            [-0.236 +1.517 +1.222 +0.388]
Obj vector c:            [-161.597 -451.991 -193.068 -127.624]

---------------------------- Optimal solution -----------------------------
Primal variables:         [+0.000 +0.015 +0.015 +0.004]
Dual slacks:              [+0.072 +3.494 +3.452 +0.932]
Dual variables:           [-6.795 -5.344 -1.547 -4.783]

Optimal objective:       -1.01394447e+01
===========================================================================


----------------- Linear system Information -----------------
Norm of RHS vector:      2.00e+00
Norm of matrix:          1.00e+02
Condition number:        4.00e+00

Minimum eigenvalue:      +2.50e+01

RHS vector transpose:    [-0.236 +1.517 +1.222 +0.388]

Coffcient matrix:        [[+42.683 -10.564 -2.375 -14.269]
                          [-10.564 +94.603 +6.811 +2.341]
                          [-2.375 +6.811 +72.512 +13.395]
                          [-14.269 +2.341 +13.395 +40.203]]

------------- Modified linear system Information ------------
Norm of RHS vector:      1.00e+00
Norm of matrix:          5.00e+01
Condition number:        4.00e+00

Norm of difference:      5.04e-17
Norm of residual:        2.59e-15

------------------- Parameters of the QLSA ------------------
HHL method:              2
num_qubits:              6
Is simulator:            True

-------------------- Results of the QLSA --------------------
Quantum solution:        [+0.000 +0.015 +0.015 +0.004]
Exact solution:          [+0.000 +0.015 +0.015 +0.004]

Norm of difference:      5.04e-17
Norm of residual:        2.59e-15
Is sign changed:         False
Time (s):                6.06e-01
=============================================================
