
--------------- Linear optimization problem characteristics ---------------
Seed:                    39
Number of variables:     4
Number of constraints:   4

Norm of primal sol:      5.59e-02
Norm of dual sol:        1.00e+01
Norm of dual slacks:     5.00e+00

Norm of vector b:        2.00e+00
Norm of vector c:        3.55e+02

Norm of matrix A:        5.00e+01
Condition number:        4.00e+00

----------------------- Linear optimization problem -----------------------
Coeff matrix A:          [[+26.930 +14.103 -5.359 +3.027]
                          [+14.103 +32.416 +1.581 +5.137]
                          [-5.359 +1.581 +23.460 -4.972]
                          [+3.027 +5.137 -4.972 +42.194]]

RHS vector b:            [+0.963 +1.558 +0.745 +0.300]
Obj vector c:            [+282.145 +182.775 -102.292 -50.533]

---------------------------- Optimal solution -----------------------------
Primal variables:         [+0.024 +0.035 +0.036 +0.005]
Dual slacks:              [+2.146 +3.131 +3.219 +0.479]
Dual variables:           [+8.887 +2.223 -3.145 -2.488]

Optimal objective:       +9.21815419e+00
===========================================================================


----------------- Linear system Information -----------------
Norm of RHS vector:      2.00e+00
Norm of matrix:          5.00e+01
Condition number:        4.00e+00

Minimum eigenvalue:      +1.25e+01

RHS vector transpose:    [+0.963 +1.558 +0.745 +0.300]

Coffcient matrix:        [[+26.930 +14.103 -5.359 +3.027]
                          [+14.103 +32.416 +1.581 +5.137]
                          [-5.359 +1.581 +23.460 -4.972]
                          [+3.027 +5.137 -4.972 +42.194]]

------------- Modified linear system Information ------------
Norm of RHS vector:      1.00e+00
Norm of matrix:          2.50e+01
Condition number:        4.00e+00

Norm of difference:      3.69e-16
Norm of residual:        5.65e-15

------------------- Parameters of the QLSA ------------------
HHL method:              2
num_qubits:              6
Is simulator:            True

-------------------- Results of the QLSA --------------------
Quantum solution:        [+0.024 +0.035 +0.036 +0.005]
Exact solution:          [+0.024 +0.035 +0.036 +0.005]

Norm of difference:      3.69e-16
Norm of residual:        5.65e-15
Is sign changed:         False
Time (s):                8.14e-01
=============================================================
