
--------------- Linear optimization problem characteristics ---------------
Seed:                    49
Number of variables:     4
Number of constraints:   4

Norm of primal sol:      6.35e-02
Norm of dual sol:        1.00e+01
Norm of dual slacks:     5.00e+00

Norm of vector b:        2.00e+00
Norm of vector c:        4.03e+02

Norm of matrix A:        5.00e+01
Condition number:        4.00e+00

----------------------- Linear optimization problem -----------------------
Coeff matrix A:          [[+40.092 -1.226 -9.024 -4.760]
                          [-1.226 +22.691 -3.187 -13.026]
                          [-9.024 -3.187 +31.562 +5.409]
                          [-4.760 -13.026 +5.409 +30.655]]

RHS vector b:            [-0.040 -0.441 +1.445 +1.310]
Obj vector c:            [+234.449 +140.434 -51.930 -290.922]

---------------------------- Optimal solution -----------------------------
Primal variables:         [+0.014 +0.012 +0.044 +0.042]
Dual slacks:              [+1.120 +0.920 +3.448 +3.319]
Dual variables:           [+5.202 +1.898 +1.333 -8.219]

Optimal objective:       -9.56469817e+00
===========================================================================


----------------- Linear system Information -----------------
Norm of RHS vector:      2.00e+00
Norm of matrix:          5.00e+01
Condition number:        4.00e+00

Minimum eigenvalue:      +1.25e+01

RHS vector transpose:    [-0.040 -0.441 +1.445 +1.310]

Coffcient matrix:        [[+40.092 -1.226 -9.024 -4.760]
                          [-1.226 +22.691 -3.187 -13.026]
                          [-9.024 -3.187 +31.562 +5.409]
                          [-4.760 -13.026 +5.409 +30.655]]

------------- Modified linear system Information ------------
Norm of RHS vector:      1.00e+00
Norm of matrix:          2.50e+01
Condition number:        4.00e+00

Norm of difference:      1.40e-15
Norm of residual:        4.19e-14

------------------- Parameters of the QLSA ------------------
HHL method:              2
num_qubits:              6
Is simulator:            True

-------------------- Results of the QLSA --------------------
Quantum solution:        [+0.014 +0.012 +0.044 +0.042]
Exact solution:          [+0.014 +0.012 +0.044 +0.042]

Norm of difference:      1.40e-15
Norm of residual:        4.19e-14
Is sign changed:         True
Time (s):                8.89e-01
=============================================================
