
--------------- Linear optimization problem characteristics ---------------
Seed:                    53
Number of variables:     4
Number of constraints:   4

Norm of primal sol:      3.70e-02
Norm of dual sol:        1.00e+01
Norm of dual slacks:     5.00e+00

Norm of vector b:        2.00e+00
Norm of vector c:        5.41e+02

Norm of matrix A:        1.00e+02
Condition number:        4.00e+00

----------------------- Linear optimization problem -----------------------
Coeff matrix A:          [[+61.709 +9.585 -12.933 -30.845]
                          [+9.585 +77.916 -11.556 -0.351]
                          [-12.933 -11.556 +57.850 +6.211]
                          [-30.845 -0.351 +6.211 +52.524]]

RHS vector b:            [+1.296 +1.473 +0.351 -0.158]
Obj vector c:            [+213.055 +0.155 +387.482 -312.430]

---------------------------- Optimal solution -----------------------------
Primal variables:         [+0.027 +0.018 +0.014 +0.011]
Dual slacks:              [+3.626 +2.404 +1.948 +1.508]
Dual variables:           [+2.074 +0.864 +7.911 -5.689]

Optimal objective:       +7.82375836e+00
===========================================================================


----------------- Linear system Information -----------------
Norm of RHS vector:      2.00e+00
Norm of matrix:          1.00e+02
Condition number:        4.00e+00

Minimum eigenvalue:      +2.50e+01

RHS vector transpose:    [+1.296 +1.473 +0.351 -0.158]

Coffcient matrix:        [[+61.709 +9.585 -12.933 -30.845]
                          [+9.585 +77.916 -11.556 -0.351]
                          [-12.933 -11.556 +57.850 +6.211]
                          [-30.845 -0.351 +6.211 +52.524]]

------------- Modified linear system Information ------------
Norm of RHS vector:      1.00e+00
Norm of matrix:          5.00e+01
Condition number:        4.00e+00

Norm of difference:      7.44e-17
Norm of residual:        3.69e-15

------------------- Parameters of the QLSA ------------------
HHL method:              2
num_qubits:              6
Is simulator:            True

-------------------- Results of the QLSA --------------------
Quantum solution:        [+0.027 +0.018 +0.014 +0.011]
Exact solution:          [+0.027 +0.018 +0.014 +0.011]

Norm of difference:      7.44e-17
Norm of residual:        3.69e-15
Is sign changed:         True
Time (s):                8.42e-01
=============================================================
