
--------------- Linear optimization problem characteristics ---------------
Seed:                    48
Number of variables:     4
Number of constraints:   4

Norm of primal sol:      3.56e-02
Norm of dual sol:        1.00e+01
Norm of dual slacks:     5.00e+00

Norm of vector b:        2.00e+00
Norm of vector c:        5.42e+02

Norm of matrix A:        1.00e+02
Condition number:        4.00e+00

----------------------- Linear optimization problem -----------------------
Coeff matrix A:          [[+74.777 +1.191 -4.288 -4.986]
                          [+1.191 +69.790 +0.561 -28.476]
                          [-4.288 +0.561 +38.541 -17.551]
                          [-4.986 -28.476 -17.551 +66.892]]

RHS vector b:            [-0.012 +1.951 +0.223 -0.379]
Obj vector c:            [+405.111 -198.768 +272.976 -125.405]

---------------------------- Optimal solution -----------------------------
Primal variables:         [+0.001 +0.032 +0.010 +0.011]
Dual slacks:              [+0.089 +4.536 +1.449 +1.521]
Dual variables:           [+5.819 -3.498 +7.267 -1.046]

Optimal objective:       -4.70149796e+00
===========================================================================


----------------- Linear system Information -----------------
Norm of RHS vector:      2.00e+00
Norm of matrix:          1.00e+02
Condition number:        4.00e+00

Minimum eigenvalue:      +2.50e+01

RHS vector transpose:    [-0.012 +1.951 +0.223 -0.379]

Coffcient matrix:        [[+74.777 +1.191 -4.288 -4.986]
                          [+1.191 +69.790 +0.561 -28.476]
                          [-4.288 +0.561 +38.541 -17.551]
                          [-4.986 -28.476 -17.551 +66.892]]

------------- Modified linear system Information ------------
Norm of RHS vector:      1.00e+00
Norm of matrix:          5.00e+01
Condition number:        4.00e+00

Norm of difference:      1.24e-16
Norm of residual:        6.79e-15

------------------- Parameters of the QLSA ------------------
HHL method:              2
num_qubits:              6
Is simulator:            True

-------------------- Results of the QLSA --------------------
Quantum solution:        [+0.001 +0.032 +0.010 +0.011]
Exact solution:          [+0.001 +0.032 +0.010 +0.011]

Norm of difference:      1.24e-16
Norm of residual:        6.79e-15
Is sign changed:         False
Time (s):                8.58e-01
=============================================================
