
--------------- Linear optimization problem characteristics ---------------
Seed:                    36
Number of variables:     4
Number of constraints:   4

Norm of primal sol:      3.81e-02
Norm of dual sol:        1.00e+01
Norm of dual slacks:     5.00e+00

Norm of vector b:        2.00e+00
Norm of vector c:        9.11e+02

Norm of matrix A:        1.00e+02
Condition number:        4.00e+00

----------------------- Linear optimization problem -----------------------
Coeff matrix A:          [[+87.533 -2.078 -22.117 -6.035]
                          [-2.078 +58.095 +4.411 +22.067]
                          [-22.117 +4.411 +57.834 -8.055]
                          [-6.035 +22.067 -8.055 +46.538]]

RHS vector b:            [+1.147 +1.153 +1.143 +0.222]
Obj vector c:            [+688.040 -292.201 -450.913 -260.648]

---------------------------- Optimal solution -----------------------------
Primal variables:         [+0.021 +0.017 +0.027 +0.004]
Dual slacks:              [+2.700 +2.230 +3.529 +0.531]
Dual variables:           [+5.921 -2.635 -6.039 -4.640]

Optimal objective:       -3.98984546e+00
===========================================================================


----------------- Linear system Information -----------------
Norm of RHS vector:      2.00e+00
Norm of matrix:          1.00e+02
Condition number:        4.00e+00

Minimum eigenvalue:      +2.50e+01

RHS vector transpose:    [+1.147 +1.153 +1.143 +0.222]

Coffcient matrix:        [[+87.533 -2.078 -22.117 -6.035]
                          [-2.078 +58.095 +4.411 +22.067]
                          [-22.117 +4.411 +57.834 -8.055]
                          [-6.035 +22.067 -8.055 +46.538]]

------------- Modified linear system Information ------------
Norm of RHS vector:      1.00e+00
Norm of matrix:          5.00e+01
Condition number:        4.00e+00

Norm of difference:      7.08e-17
Norm of residual:        4.92e-15

------------------- Parameters of the QLSA ------------------
HHL method:              2
num_qubits:              6
Is simulator:            True

-------------------- Results of the QLSA --------------------
Quantum solution:        [+0.021 +0.017 +0.027 +0.004]
Exact solution:          [+0.021 +0.017 +0.027 +0.004]

Norm of difference:      7.08e-17
Norm of residual:        4.92e-15
Is sign changed:         True
Time (s):                6.68e-01
=============================================================
