
--------------- Linear optimization problem characteristics ---------------
Seed:                    72
Number of variables:     4
Number of constraints:   4

Norm of primal sol:      2.50e-02
Norm of dual sol:        1.00e+01
Norm of dual slacks:     5.00e+00

Norm of vector b:        2.00e+00
Norm of vector c:        7.59e+02

Norm of matrix A:        1.00e+02
Condition number:        4.00e+00

----------------------- Linear optimization problem -----------------------
Coeff matrix A:          [[+48.709 -13.857 -9.262 +17.822]
                          [-13.857 +76.428 +11.958 -11.935]
                          [-9.262 +11.958 +84.248 +3.686]
                          [+17.822 -11.935 +3.686 +40.615]]

RHS vector b:            [-0.070 +1.389 +1.410 +0.281]
Obj vector c:            [-323.122 +354.327 +461.912 -365.077]

---------------------------- Optimal solution -----------------------------
Primal variables:         [+0.003 +0.018 +0.014 +0.010]
Dual slacks:              [+0.562 +3.602 +2.816 +1.943]
Dual variables:           [-2.127 +2.138 +5.260 -7.952]

Optimal objective:       +8.42164966e+00
===========================================================================


----------------- Linear system Information -----------------
Norm of RHS vector:      2.00e+00
Norm of matrix:          1.00e+02
Condition number:        4.00e+00

Minimum eigenvalue:      +2.50e+01

RHS vector transpose:    [-0.070 +1.389 +1.410 +0.281]

Coffcient matrix:        [[+48.709 -13.857 -9.262 +17.822]
                          [-13.857 +76.428 +11.958 -11.935]
                          [-9.262 +11.958 +84.248 +3.686]
                          [+17.822 -11.935 +3.686 +40.615]]

------------- Modified linear system Information ------------
Norm of RHS vector:      1.00e+00
Norm of matrix:          5.00e+01
Condition number:        4.00e+00

Norm of difference:      1.46e-16
Norm of residual:        7.02e-15

------------------- Parameters of the QLSA ------------------
HHL method:              2
num_qubits:              6
Is simulator:            True

-------------------- Results of the QLSA --------------------
Quantum solution:        [+0.003 +0.018 +0.014 +0.010]
Exact solution:          [+0.003 +0.018 +0.014 +0.010]

Norm of difference:      1.46e-16
Norm of residual:        7.02e-15
Is sign changed:         False
Time (s):                7.01e-01
=============================================================
