
--------------- Linear optimization problem characteristics ---------------
Seed:                    50
Number of variables:     4
Number of constraints:   4

Norm of primal sol:      6.44e-02
Norm of dual sol:        1.00e+01
Norm of dual slacks:     5.00e+00

Norm of vector b:        2.00e+00
Norm of vector c:        3.59e+02

Norm of matrix A:        5.00e+01
Condition number:        4.00e+00

----------------------- Linear optimization problem -----------------------
Coeff matrix A:          [[+34.091 +6.134 +4.046 -14.128]
                          [+6.134 +36.564 +2.147 +0.031]
                          [+4.046 +2.147 +19.570 +6.312]
                          [-14.128 +0.031 +6.312 +34.775]]

RHS vector b:            [+1.224 +1.067 +0.893 +0.752]
Obj vector c:            [-87.775 +295.111 +10.115 +183.895]

---------------------------- Optimal solution -----------------------------
Primal variables:         [+0.044 +0.020 +0.023 +0.035]
Dual slacks:              [+3.433 +1.583 +1.773 +2.751]
Dual variables:           [-2.092 +8.467 -1.565 +4.636]

Optimal objective:       +8.88188618e+00
===========================================================================


----------------- Linear system Information -----------------
Norm of RHS vector:      2.00e+00
Norm of matrix:          5.00e+01
Condition number:        4.00e+00

Minimum eigenvalue:      +1.25e+01

RHS vector transpose:    [+1.224 +1.067 +0.893 +0.752]

Coffcient matrix:        [[+34.091 +6.134 +4.046 -14.128]
                          [+6.134 +36.564 +2.147 +0.031]
                          [+4.046 +2.147 +19.570 +6.312]
                          [-14.128 +0.031 +6.312 +34.775]]

------------- Modified linear system Information ------------
Norm of RHS vector:      1.00e+00
Norm of matrix:          2.50e+01
Condition number:        4.00e+00

Norm of difference:      3.97e-15
Norm of residual:        1.08e-13

------------------- Parameters of the QLSA ------------------
HHL method:              2
num_qubits:              6
Is simulator:            True

-------------------- Results of the QLSA --------------------
Quantum solution:        [+0.044 +0.020 +0.023 +0.035]
Exact solution:          [+0.044 +0.020 +0.023 +0.035]

Norm of difference:      3.97e-15
Norm of residual:        1.08e-13
Is sign changed:         True
Time (s):                8.79e-01
=============================================================
