
--------------- Linear optimization problem characteristics ---------------
Seed:                    75
Number of variables:     4
Number of constraints:   4

Norm of primal sol:      2.72e-02
Norm of dual sol:        1.00e+01
Norm of dual slacks:     5.00e+00

Norm of vector b:        2.00e+00
Norm of vector c:        6.52e+02

Norm of matrix A:        1.00e+02
Condition number:        4.00e+00

----------------------- Linear optimization problem -----------------------
Coeff matrix A:          [[+59.471 -2.010 -7.256 -17.777]
                          [-2.010 +37.012 +23.041 +5.857]
                          [-7.256 +23.041 +70.263 +7.051]
                          [-17.777 +5.857 +7.051 +83.254]]

RHS vector b:            [+0.207 +0.525 +1.281 +1.428]
Obj vector c:            [+283.943 -136.587 -557.075 +126.707]

---------------------------- Optimal solution -----------------------------
Primal variables:         [+0.011 +0.001 +0.017 +0.018]
Dual slacks:              [+2.021 +0.234 +3.155 +3.303]
Dual variables:           [+4.708 +1.160 -8.178 +3.099]

Optimal objective:       -4.33428586e+00
===========================================================================


----------------- Linear system Information -----------------
Norm of RHS vector:      2.00e+00
Norm of matrix:          1.00e+02
Condition number:        4.00e+00

Minimum eigenvalue:      +2.50e+01

RHS vector transpose:    [+0.207 +0.525 +1.281 +1.428]

Coffcient matrix:        [[+59.471 -2.010 -7.256 -17.777]
                          [-2.010 +37.012 +23.041 +5.857]
                          [-7.256 +23.041 +70.263 +7.051]
                          [-17.777 +5.857 +7.051 +83.254]]

------------- Modified linear system Information ------------
Norm of RHS vector:      1.00e+00
Norm of matrix:          5.00e+01
Condition number:        4.00e+00

Norm of difference:      3.94e-17
Norm of residual:        1.83e-15

------------------- Parameters of the QLSA ------------------
HHL method:              2
num_qubits:              6
Is simulator:            True

-------------------- Results of the QLSA --------------------
Quantum solution:        [+0.011 +0.001 +0.017 +0.018]
Exact solution:          [+0.011 +0.001 +0.017 +0.018]

Norm of difference:      3.94e-17
Norm of residual:        1.83e-15
Is sign changed:         False
Time (s):                8.18e-01
=============================================================
