
--------------- Linear optimization problem characteristics ---------------
Seed:                    57
Number of variables:     4
Number of constraints:   4

Norm of primal sol:      2.49e-02
Norm of dual sol:        1.00e+01
Norm of dual slacks:     5.00e+00

Norm of vector b:        2.00e+00
Norm of vector c:        7.40e+02

Norm of matrix A:        1.00e+02
Condition number:        4.00e+00

----------------------- Linear optimization problem -----------------------
Coeff matrix A:          [[+53.445 -17.518 -13.104 +17.112]
                          [-17.518 +85.994 +12.735 +8.692]
                          [-13.104 +12.735 +49.149 +12.111]
                          [+17.112 +8.692 +12.111 +61.412]]

RHS vector b:            [+0.024 +1.142 +1.121 +1.200]
Obj vector c:            [+112.527 +197.575 +382.084 +591.743]

---------------------------- Optimal solution -----------------------------
Primal variables:         [+0.004 +0.010 +0.018 +0.014]
Dual slacks:              [+0.765 +2.017 +3.598 +2.720]
Dual variables:           [+1.256 +0.858 +5.850 +7.966]

Optimal objective:       +1.72511812e+01
===========================================================================


----------------- Linear system Information -----------------
Norm of RHS vector:      2.00e+00
Norm of matrix:          1.00e+02
Condition number:        4.00e+00

Minimum eigenvalue:      +2.50e+01

RHS vector transpose:    [+0.024 +1.142 +1.121 +1.200]

Coffcient matrix:        [[+53.445 -17.518 -13.104 +17.112]
                          [-17.518 +85.994 +12.735 +8.692]
                          [-13.104 +12.735 +49.149 +12.111]
                          [+17.112 +8.692 +12.111 +61.412]]

------------- Modified linear system Information ------------
Norm of RHS vector:      1.00e+00
Norm of matrix:          5.00e+01
Condition number:        4.00e+00

Norm of difference:      4.42e-17
Norm of residual:        1.82e-15

------------------- Parameters of the QLSA ------------------
HHL method:              2
num_qubits:              6
Is simulator:            True

-------------------- Results of the QLSA --------------------
Quantum solution:        [+0.004 +0.010 +0.018 +0.014]
Exact solution:          [+0.004 +0.010 +0.018 +0.014]

Norm of difference:      4.42e-17
Norm of residual:        1.82e-15
Is sign changed:         False
Time (s):                9.15e-01
=============================================================
