
--------------- Linear optimization problem characteristics ---------------
Seed:                    2
Number of variables:     4
Number of constraints:   4

Norm of primal sol:      2.54e-02
Norm of dual sol:        1.00e+01
Norm of dual slacks:     5.00e+00

Norm of vector b:        2.00e+00
Norm of vector c:        6.11e+02

Norm of matrix A:        1.00e+02
Condition number:        4.00e+00

----------------------- Linear optimization problem -----------------------
Coeff matrix A:          [[+46.893 -20.418 -3.634 +7.800]
                          [-20.418 +55.838 -18.799 -19.707]
                          [-3.634 -18.799 +80.630 +3.590]
                          [+7.800 -19.707 +3.590 +66.639]]

RHS vector b:            [+0.656 -0.812 +1.349 +1.043]
Obj vector c:            [+49.549 -125.557 -535.324 +262.671]

---------------------------- Optimal solution -----------------------------
Primal variables:         [+0.013 +0.001 +0.017 +0.013]
Dual slacks:              [+2.639 +0.157 +3.327 +2.635]
Dual variables:           [-2.155 -4.591 -7.992 +3.227]

Optimal objective:       -4.97606888e+00
===========================================================================


----------------- Linear system Information -----------------
Norm of RHS vector:      2.00e+00
Norm of matrix:          1.00e+02
Condition number:        4.00e+00

Minimum eigenvalue:      +2.50e+01

RHS vector transpose:    [+0.656 -0.812 +1.349 +1.043]

Coffcient matrix:        [[+46.893 -20.418 -3.634 +7.800]
                          [-20.418 +55.838 -18.799 -19.707]
                          [-3.634 -18.799 +80.630 +3.590]
                          [+7.800 -19.707 +3.590 +66.639]]

------------- Modified linear system Information ------------
Norm of RHS vector:      1.00e+00
Norm of matrix:          5.00e+01
Condition number:        4.00e+00

Norm of difference:      1.09e-15
Norm of residual:        3.40e-14

------------------- Parameters of the QLSA ------------------
HHL method:              2
num_qubits:              6
Is simulator:            True

-------------------- Results of the QLSA --------------------
Quantum solution:        [+0.013 +0.001 +0.017 +0.013]
Exact solution:          [+0.013 +0.001 +0.017 +0.013]

Norm of difference:      1.09e-15
Norm of residual:        3.40e-14
Is sign changed:         False
Time (s):                6.12e-01
=============================================================
