
--------------- Linear optimization problem characteristics ---------------
Seed:                    41
Number of variables:     4
Number of constraints:   4

Norm of primal sol:      3.54e-02
Norm of dual sol:        1.00e+01
Norm of dual slacks:     5.00e+00

Norm of vector b:        2.00e+00
Norm of vector c:        7.14e+02

Norm of matrix A:        1.00e+02
Condition number:        4.00e+00

----------------------- Linear optimization problem -----------------------
Coeff matrix A:          [[+71.592 +1.814 -9.342 -4.814]
                          [+1.814 +77.640 -16.329 +25.907]
                          [-9.342 -16.329 +62.269 -8.184]
                          [-4.814 +25.907 -8.184 +38.499]]

RHS vector b:            [+0.562 -0.288 +1.888 -0.189]
Obj vector c:            [-472.881 +316.409 -348.268 +255.613]

---------------------------- Optimal solution -----------------------------
Primal variables:         [+0.012 +0.002 +0.033 +0.002]
Dual slacks:              [+1.731 +0.318 +4.670 +0.300]
Dual variables:           [-7.225 +1.956 -5.822 +3.174]

Optimal objective:       -1.60403710e+01
===========================================================================


----------------- Linear system Information -----------------
Norm of RHS vector:      2.00e+00
Norm of matrix:          1.00e+02
Condition number:        4.00e+00

Minimum eigenvalue:      +2.50e+01

RHS vector transpose:    [+0.562 -0.288 +1.888 -0.189]

Coffcient matrix:        [[+71.592 +1.814 -9.342 -4.814]
                          [+1.814 +77.640 -16.329 +25.907]
                          [-9.342 -16.329 +62.269 -8.184]
                          [-4.814 +25.907 -8.184 +38.499]]

------------- Modified linear system Information ------------
Norm of RHS vector:      1.00e+00
Norm of matrix:          5.00e+01
Condition number:        4.00e+00

Norm of difference:      7.22e-17
Norm of residual:        1.93e-15

------------------- Parameters of the QLSA ------------------
HHL method:              2
num_qubits:              6
Is simulator:            True

-------------------- Results of the QLSA --------------------
Quantum solution:        [+0.012 +0.002 +0.033 +0.002]
Exact solution:          [+0.012 +0.002 +0.033 +0.002]

Norm of difference:      7.22e-17
Norm of residual:        1.93e-15
Is sign changed:         True
Time (s):                7.24e-01
=============================================================
