
--------------- Linear optimization problem characteristics ---------------
Seed:                    74
Number of variables:     4
Number of constraints:   4

Norm of primal sol:      7.34e-02
Norm of dual sol:        1.00e+01
Norm of dual slacks:     5.00e+00

Norm of vector b:        2.00e+00
Norm of vector c:        1.95e+02

Norm of matrix A:        5.00e+01
Condition number:        4.00e+00

----------------------- Linear optimization problem -----------------------
Coeff matrix A:          [[+34.042 +2.215 +6.231 +10.029]
                          [+2.215 +36.714 -9.532 -9.547]
                          [+6.231 -9.532 +31.182 +3.459]
                          [+10.029 -9.547 +3.459 +23.063]]

RHS vector b:            [+1.033 +1.072 +1.301 +0.303]
Obj vector c:            [-101.419 +154.333 +59.484 -19.949]

---------------------------- Optimal solution -----------------------------
Primal variables:         [+0.012 +0.047 +0.051 +0.020]
Dual slacks:              [+0.824 +3.199 +3.509 +1.334]
Dual variables:           [-5.226 +6.458 +4.441 +3.357]

Optimal objective:       +8.68782579e+00
===========================================================================


----------------- Linear system Information -----------------
Norm of RHS vector:      2.00e+00
Norm of matrix:          5.00e+01
Condition number:        4.00e+00

Minimum eigenvalue:      +1.25e+01

RHS vector transpose:    [+1.033 +1.072 +1.301 +0.303]

Coffcient matrix:        [[+34.042 +2.215 +6.231 +10.029]
                          [+2.215 +36.714 -9.532 -9.547]
                          [+6.231 -9.532 +31.182 +3.459]
                          [+10.029 -9.547 +3.459 +23.063]]

------------- Modified linear system Information ------------
Norm of RHS vector:      1.00e+00
Norm of matrix:          2.50e+01
Condition number:        4.00e+00

Norm of difference:      1.39e-16
Norm of residual:        2.23e-15

------------------- Parameters of the QLSA ------------------
HHL method:              2
num_qubits:              6
Is simulator:            True

-------------------- Results of the QLSA --------------------
Quantum solution:        [+0.012 +0.047 +0.051 +0.020]
Exact solution:          [+0.012 +0.047 +0.051 +0.020]

Norm of difference:      1.39e-16
Norm of residual:        2.23e-15
Is sign changed:         True
Time (s):                6.23e-01
=============================================================
