
--------------- Linear optimization problem characteristics ---------------
Seed:                    25
Number of variables:     4
Number of constraints:   4

Norm of primal sol:      2.55e-02
Norm of dual sol:        1.00e+01
Norm of dual slacks:     5.00e+00

Norm of vector b:        2.00e+00
Norm of vector c:        3.94e+02

Norm of matrix A:        1.00e+02
Condition number:        4.00e+00

----------------------- Linear optimization problem -----------------------
Coeff matrix A:          [[+78.511 -7.960 +25.210 +3.745]
                          [-7.960 +43.848 +11.399 +0.087]
                          [+25.210 +11.399 +62.919 -20.371]
                          [+3.745 +0.087 -20.371 +64.722]]

RHS vector b:            [+1.654 +0.505 +0.980 +0.224]
Obj vector c:            [+15.251 -315.754 +145.040 -185.452]

---------------------------- Optimal solution -----------------------------
Primal variables:         [+0.020 +0.013 +0.006 +0.004]
Dual slacks:              [+3.958 +2.648 +1.268 +0.846]
Dual variables:           [-2.027 -8.723 +4.217 -1.422]

Optimal objective:       -3.81215268e+00
===========================================================================


----------------- Linear system Information -----------------
Norm of RHS vector:      2.00e+00
Norm of matrix:          1.00e+02
Condition number:        4.00e+00

Minimum eigenvalue:      +2.50e+01

RHS vector transpose:    [+1.654 +0.505 +0.980 +0.224]

Coffcient matrix:        [[+78.511 -7.960 +25.210 +3.745]
                          [-7.960 +43.848 +11.399 +0.087]
                          [+25.210 +11.399 +62.919 -20.371]
                          [+3.745 +0.087 -20.371 +64.722]]

------------- Modified linear system Information ------------
Norm of RHS vector:      1.00e+00
Norm of matrix:          5.00e+01
Condition number:        4.00e+00

Norm of difference:      9.01e-17
Norm of residual:        2.92e-15

------------------- Parameters of the QLSA ------------------
HHL method:              2
num_qubits:              6
Is simulator:            True

-------------------- Results of the QLSA --------------------
Quantum solution:        [+0.020 +0.013 +0.006 +0.004]
Exact solution:          [+0.020 +0.013 +0.006 +0.004]

Norm of difference:      9.01e-17
Norm of residual:        2.92e-15
Is sign changed:         False
Time (s):                7.22e-01
=============================================================
