
--------------- Linear optimization problem characteristics ---------------
Seed:                    29
Number of variables:     4
Number of constraints:   4

Norm of primal sol:      6.60e-02
Norm of dual sol:        1.00e+01
Norm of dual slacks:     5.00e+00

Norm of vector b:        2.00e+00
Norm of vector c:        1.49e+02

Norm of matrix A:        5.00e+01
Condition number:        4.00e+00

----------------------- Linear optimization problem -----------------------
Coeff matrix A:          [[+29.687 +9.437 +1.432 -2.105]
                          [+9.437 +44.030 -0.638 -4.294]
                          [+1.432 -0.638 +26.071 -12.717]
                          [-2.105 -4.294 -12.717 +25.212]]

RHS vector b:            [+1.488 +0.964 -0.374 +0.847]
Obj vector c:            [-29.981 -4.183 +33.024 +141.792]

---------------------------- Optimal solution -----------------------------
Primal variables:         [+0.048 +0.016 +0.004 +0.042]
Dual slacks:              [+3.630 +1.197 +0.308 +3.208]
Dual variables:           [-1.123 +1.005 +5.385 +8.290]

Optimal objective:       +4.63431513e+00
===========================================================================


----------------- Linear system Information -----------------
Norm of RHS vector:      2.00e+00
Norm of matrix:          5.00e+01
Condition number:        4.00e+00

Minimum eigenvalue:      +1.25e+01

RHS vector transpose:    [+1.488 +0.964 -0.374 +0.847]

Coffcient matrix:        [[+29.687 +9.437 +1.432 -2.105]
                          [+9.437 +44.030 -0.638 -4.294]
                          [+1.432 -0.638 +26.071 -12.717]
                          [-2.105 -4.294 -12.717 +25.212]]

------------- Modified linear system Information ------------
Norm of RHS vector:      1.00e+00
Norm of matrix:          2.50e+01
Condition number:        4.00e+00

Norm of difference:      5.22e-16
Norm of residual:        1.04e-14

------------------- Parameters of the QLSA ------------------
HHL method:              2
num_qubits:              6
Is simulator:            True

-------------------- Results of the QLSA --------------------
Quantum solution:        [+0.048 +0.016 +0.004 +0.042]
Exact solution:          [+0.048 +0.016 +0.004 +0.042]

Norm of difference:      5.22e-16
Norm of residual:        1.04e-14
Is sign changed:         False
Time (s):                9.05e-01
=============================================================
