
--------------- Linear optimization problem characteristics ---------------
Seed:                    28
Number of variables:     4
Number of constraints:   4

Norm of primal sol:      4.90e-02
Norm of dual sol:        1.00e+01
Norm of dual slacks:     5.00e+00

Norm of vector b:        2.00e+00
Norm of vector c:        3.56e+02

Norm of matrix A:        5.00e+01
Condition number:        4.00e+00

----------------------- Linear optimization problem -----------------------
Coeff matrix A:          [[+40.124 +10.442 +5.779 -5.630]
                          [+10.442 +20.029 +0.878 +5.253]
                          [+5.779 +0.878 +34.767 -8.884]
                          [-5.630 +5.253 -8.884 +30.081]]

RHS vector b:            [+1.631 +1.022 +0.268 +0.471]
Obj vector c:            [+140.841 +88.542 -226.428 +217.961]

---------------------------- Optimal solution -----------------------------
Primal variables:         [+0.035 +0.027 +0.006 +0.019]
Dual slacks:              [+3.609 +2.778 +0.619 +1.968]
Dual variables:           [+5.094 +0.199 -5.746 +6.402]

Optimal objective:       +1.02335444e+01
===========================================================================


----------------- Linear system Information -----------------
Norm of RHS vector:      2.00e+00
Norm of matrix:          5.00e+01
Condition number:        4.00e+00

Minimum eigenvalue:      +1.25e+01

RHS vector transpose:    [+1.631 +1.022 +0.268 +0.471]

Coffcient matrix:        [[+40.124 +10.442 +5.779 -5.630]
                          [+10.442 +20.029 +0.878 +5.253]
                          [+5.779 +0.878 +34.767 -8.884]
                          [-5.630 +5.253 -8.884 +30.081]]

------------- Modified linear system Information ------------
Norm of RHS vector:      1.00e+00
Norm of matrix:          2.50e+01
Condition number:        4.00e+00

Norm of difference:      7.65e-16
Norm of residual:        1.21e-14

------------------- Parameters of the QLSA ------------------
HHL method:              2
num_qubits:              6
Is simulator:            True

-------------------- Results of the QLSA --------------------
Quantum solution:        [+0.035 +0.027 +0.006 +0.019]
Exact solution:          [+0.035 +0.027 +0.006 +0.019]

Norm of difference:      7.65e-16
Norm of residual:        1.21e-14
Is sign changed:         False
Time (s):                9.31e-01
=============================================================
