
--------------- Linear optimization problem characteristics ---------------
Seed:                    2
Number of variables:     4
Number of constraints:   4

Norm of primal sol:      5.09e-02
Norm of dual sol:        1.00e+01
Norm of dual slacks:     5.00e+00

Norm of vector b:        2.00e+00
Norm of vector c:        3.05e+02

Norm of matrix A:        5.00e+01
Condition number:        4.00e+00

----------------------- Linear optimization problem -----------------------
Coeff matrix A:          [[+23.447 -10.209 -1.817 +3.900]
                          [-10.209 +27.919 -9.399 -9.854]
                          [-1.817 -9.399 +40.315 +1.795]
                          [+3.900 -9.854 +1.795 +33.319]]

RHS vector b:            [+0.656 -0.812 +1.349 +1.043]
Obj vector c:            [+26.094 -62.700 -265.998 +132.653]

---------------------------- Optimal solution -----------------------------
Primal variables:         [+0.027 +0.002 +0.034 +0.027]
Dual slacks:              [+2.639 +0.157 +3.327 +2.635]
Dual variables:           [-2.155 -4.591 -7.992 +3.227]

Optimal objective:       -4.84884759e+00
===========================================================================


----------------- Linear system Information -----------------
Norm of RHS vector:      2.00e+00
Norm of matrix:          5.00e+01
Condition number:        4.00e+00

Minimum eigenvalue:      +1.25e+01

RHS vector transpose:    [+0.656 -0.812 +1.349 +1.043]

Coffcient matrix:        [[+23.447 -10.209 -1.817 +3.900]
                          [-10.209 +27.919 -9.399 -9.854]
                          [-1.817 -9.399 +40.315 +1.795]
                          [+3.900 -9.854 +1.795 +33.319]]

------------- Modified linear system Information ------------
Norm of RHS vector:      1.00e+00
Norm of matrix:          2.50e+01
Condition number:        4.00e+00

Norm of difference:      2.18e-15
Norm of residual:        3.40e-14

------------------- Parameters of the QLSA ------------------
HHL method:              2
num_qubits:              6
Is simulator:            True

-------------------- Results of the QLSA --------------------
Quantum solution:        [+0.027 +0.002 +0.034 +0.027]
Exact solution:          [+0.027 +0.002 +0.034 +0.027]

Norm of difference:      2.18e-15
Norm of residual:        3.40e-14
Is sign changed:         False
Time (s):                6.09e-01
=============================================================
