
--------------- Linear optimization problem characteristics ---------------
Seed:                    54
Number of variables:     4
Number of constraints:   4

Norm of primal sol:      3.76e-02
Norm of dual sol:        1.00e+01
Norm of dual slacks:     5.00e+00

Norm of vector b:        2.00e+00
Norm of vector c:        8.92e+02

Norm of matrix A:        1.00e+02
Condition number:        4.00e+00

----------------------- Linear optimization problem -----------------------
Coeff matrix A:          [[+74.258 -15.303 -2.851 -15.332]
                          [-15.303 +58.797 -17.038 +24.637]
                          [-2.851 -17.038 +68.073 +1.857]
                          [-15.332 +24.637 +1.857 +48.873]]

RHS vector b:            [+0.826 +1.181 +0.296 +1.355]
Obj vector c:            [-613.679 +463.880 +184.361 +413.068]

---------------------------- Optimal solution -----------------------------
Primal variables:         [+0.020 +0.017 +0.009 +0.025]
Dual slacks:              [+2.687 +2.323 +1.182 +3.314]
Dual variables:           [-6.249 +5.963 +3.832 +3.272]

Optimal objective:       +7.63776244e+00
===========================================================================


----------------- Linear system Information -----------------
Norm of RHS vector:      2.00e+00
Norm of matrix:          1.00e+02
Condition number:        4.00e+00

Minimum eigenvalue:      +2.50e+01

RHS vector transpose:    [+0.826 +1.181 +0.296 +1.355]

Coffcient matrix:        [[+74.258 -15.303 -2.851 -15.332]
                          [-15.303 +58.797 -17.038 +24.637]
                          [-2.851 -17.038 +68.073 +1.857]
                          [-15.332 +24.637 +1.857 +48.873]]

------------- Modified linear system Information ------------
Norm of RHS vector:      1.00e+00
Norm of matrix:          5.00e+01
Condition number:        4.00e+00

Norm of difference:      1.54e-16
Norm of residual:        8.16e-15

------------------- Parameters of the QLSA ------------------
HHL method:              2
num_qubits:              6
Is simulator:            True

-------------------- Results of the QLSA --------------------
Quantum solution:        [+0.020 +0.017 +0.009 +0.025]
Exact solution:          [+0.020 +0.017 +0.009 +0.025]

Norm of difference:      1.54e-16
Norm of residual:        8.16e-15
Is sign changed:         False
Time (s):                7.69e-01
=============================================================
