
--------------- Linear optimization problem characteristics ---------------
Seed:                    22
Number of variables:     4
Number of constraints:   4

Norm of primal sol:      2.27e-02
Norm of dual sol:        1.00e+01
Norm of dual slacks:     5.00e+00

Norm of vector b:        2.00e+00
Norm of vector c:        5.15e+02

Norm of matrix A:        1.00e+02
Condition number:        4.00e+00

----------------------- Linear optimization problem -----------------------
Coeff matrix A:          [[+67.494 +20.654 -6.835 +13.814]
                          [+20.654 +44.770 -14.869 +19.526]
                          [-6.835 -14.869 +64.864 +8.356]
                          [+13.814 +19.526 +8.356 +72.871]]

RHS vector b:            [+0.687 +0.758 +0.539 +1.632]
Obj vector c:            [-450.169 -143.058 -181.022 +95.268]

---------------------------- Optimal solution -----------------------------
Primal variables:         [+0.004 +0.010 +0.009 +0.018]
Dual slacks:              [+0.955 +2.207 +1.927 +3.937]
Dual variables:           [-6.960 -3.410 -4.856 +4.043]

Optimal objective:       -3.26862296e+00
===========================================================================


----------------- Linear system Information -----------------
Norm of RHS vector:      2.00e+00
Norm of matrix:          1.00e+02
Condition number:        4.00e+00

Minimum eigenvalue:      +2.50e+01

RHS vector transpose:    [+0.687 +0.758 +0.539 +1.632]

Coffcient matrix:        [[+67.494 +20.654 -6.835 +13.814]
                          [+20.654 +44.770 -14.869 +19.526]
                          [-6.835 -14.869 +64.864 +8.356]
                          [+13.814 +19.526 +8.356 +72.871]]

------------- Modified linear system Information ------------
Norm of RHS vector:      1.00e+00
Norm of matrix:          5.00e+01
Condition number:        4.00e+00

Norm of difference:      1.40e-16
Norm of residual:        6.22e-15

------------------- Parameters of the QLSA ------------------
HHL method:              2
num_qubits:              6
Is simulator:            True

-------------------- Results of the QLSA --------------------
Quantum solution:        [+0.004 +0.010 +0.009 +0.018]
Exact solution:          [+0.004 +0.010 +0.009 +0.018]

Norm of difference:      1.40e-16
Norm of residual:        6.22e-15
Is sign changed:         False
Time (s):                8.06e-01
=============================================================
