
--------------- Linear optimization problem characteristics ---------------
Seed:                    24
Number of variables:     4
Number of constraints:   4

Norm of primal sol:      5.81e-02
Norm of dual sol:        1.00e+01
Norm of dual slacks:     5.00e+00

Norm of vector b:        2.00e+00
Norm of vector c:        3.08e+02

Norm of matrix A:        5.00e+01
Condition number:        4.00e+00

----------------------- Linear optimization problem -----------------------
Coeff matrix A:          [[+24.506 +5.841 -5.995 +12.077]
                          [+5.841 +25.836 -0.833 +1.339]
                          [-5.995 -0.833 +33.394 +9.077]
                          [+12.077 +1.339 +9.077 +41.264]]

RHS vector b:            [+0.900 +0.858 +1.077 +1.138]
Obj vector c:            [-117.411 +81.315 +263.344 -73.418]

---------------------------- Optimal solution -----------------------------
Primal variables:         [+0.036 +0.026 +0.037 +0.008]
Dual slacks:              [+3.061 +2.230 +3.188 +0.702]
Dual variables:           [-2.325 +4.014 +8.309 -3.074]

Optimal objective:       +7.09270346e+00
===========================================================================


----------------- Linear system Information -----------------
Norm of RHS vector:      2.00e+00
Norm of matrix:          5.00e+01
Condition number:        4.00e+00

Minimum eigenvalue:      +1.25e+01

RHS vector transpose:    [+0.900 +0.858 +1.077 +1.138]

Coffcient matrix:        [[+24.506 +5.841 -5.995 +12.077]
                          [+5.841 +25.836 -0.833 +1.339]
                          [-5.995 -0.833 +33.394 +9.077]
                          [+12.077 +1.339 +9.077 +41.264]]

------------- Modified linear system Information ------------
Norm of RHS vector:      1.00e+00
Norm of matrix:          2.50e+01
Condition number:        4.00e+00

Norm of difference:      3.00e-15
Norm of residual:        4.07e-14

------------------- Parameters of the QLSA ------------------
HHL method:              2
num_qubits:              6
Is simulator:            True

-------------------- Results of the QLSA --------------------
Quantum solution:        [+0.036 +0.026 +0.037 +0.008]
Exact solution:          [+0.036 +0.026 +0.037 +0.008]

Norm of difference:      3.00e-15
Norm of residual:        4.07e-14
Is sign changed:         False
Time (s):                9.66e-01
=============================================================
