
--------------- Linear optimization problem characteristics ---------------
Seed:                    27
Number of variables:     4
Number of constraints:   4

Norm of primal sol:      2.51e-02
Norm of dual sol:        1.00e+01
Norm of dual slacks:     5.00e+00

Norm of vector b:        2.00e+00
Norm of vector c:        6.29e+02

Norm of matrix A:        1.00e+02
Condition number:        4.00e+00

----------------------- Linear optimization problem -----------------------
Coeff matrix A:          [[+57.214 +6.443 +34.052 +7.037]
                          [+6.443 +70.822 -1.640 +7.506]
                          [+34.052 -1.640 +72.398 -8.467]
                          [+7.037 +7.506 -8.467 +49.566]]

RHS vector b:            [+1.042 +1.127 +1.012 +0.787]
Obj vector c:            [+113.237 +440.225 +379.279 -212.138]

---------------------------- Optimal solution -----------------------------
Primal variables:         [+0.007 +0.014 +0.013 +0.015]
Dual slacks:              [+1.455 +2.785 +2.514 +2.967]
Dual variables:           [-1.679 +6.904 +5.661 -4.180]

Optimal objective:       +8.59974518e+00
===========================================================================


----------------- Linear system Information -----------------
Norm of RHS vector:      2.00e+00
Norm of matrix:          1.00e+02
Condition number:        4.00e+00

Minimum eigenvalue:      +2.50e+01

RHS vector transpose:    [+1.042 +1.127 +1.012 +0.787]

Coffcient matrix:        [[+57.214 +6.443 +34.052 +7.037]
                          [+6.443 +70.822 -1.640 +7.506]
                          [+34.052 -1.640 +72.398 -8.467]
                          [+7.037 +7.506 -8.467 +49.566]]

------------- Modified linear system Information ------------
Norm of RHS vector:      1.00e+00
Norm of matrix:          5.00e+01
Condition number:        4.00e+00

Norm of difference:      1.83e-16
Norm of residual:        5.36e-15

------------------- Parameters of the QLSA ------------------
HHL method:              2
num_qubits:              6
Is simulator:            True

-------------------- Results of the QLSA --------------------
Quantum solution:        [+0.007 +0.014 +0.013 +0.015]
Exact solution:          [+0.007 +0.014 +0.013 +0.015]

Norm of difference:      1.83e-16
Norm of residual:        5.36e-15
Is sign changed:         False
Time (s):                7.24e-01
=============================================================
