
--------------- Linear optimization problem characteristics ---------------
Seed:                    38
Number of variables:     4
Number of constraints:   4

Norm of primal sol:      4.16e-02
Norm of dual sol:        1.00e+01
Norm of dual slacks:     5.00e+00

Norm of vector b:        2.00e+00
Norm of vector c:        7.86e+02

Norm of matrix A:        1.00e+02
Condition number:        4.00e+00

----------------------- Linear optimization problem -----------------------
Coeff matrix A:          [[+63.879 -8.535 -9.765 -13.855]
                          [-8.535 +53.592 +4.769 -30.786]
                          [-9.765 +4.769 +56.837 +9.390]
                          [-13.855 -30.786 +9.390 +75.691]]

RHS vector b:            [-0.047 +0.708 +1.673 +0.835]
Obj vector c:            [+335.278 +184.030 -517.708 -451.056]

---------------------------- Optimal solution -----------------------------
Primal variables:         [+0.011 +0.024 +0.026 +0.019]
Dual slacks:              [+1.276 +2.851 +3.132 +2.331]
Dual variables:           [+3.682 +2.920 -8.263 -3.103]

Optimal objective:       -1.43145252e+01
===========================================================================


----------------- Linear system Information -----------------
Norm of RHS vector:      2.00e+00
Norm of matrix:          1.00e+02
Condition number:        4.00e+00

Minimum eigenvalue:      +2.50e+01

RHS vector transpose:    [-0.047 +0.708 +1.673 +0.835]

Coffcient matrix:        [[+63.879 -8.535 -9.765 -13.855]
                          [-8.535 +53.592 +4.769 -30.786]
                          [-9.765 +4.769 +56.837 +9.390]
                          [-13.855 -30.786 +9.390 +75.691]]

------------- Modified linear system Information ------------
Norm of RHS vector:      1.00e+00
Norm of matrix:          5.00e+01
Condition number:        4.00e+00

Norm of difference:      9.32e-17
Norm of residual:        3.71e-15

------------------- Parameters of the QLSA ------------------
HHL method:              2
num_qubits:              6
Is simulator:            True

-------------------- Results of the QLSA --------------------
Quantum solution:        [+0.011 +0.024 +0.026 +0.019]
Exact solution:          [+0.011 +0.024 +0.026 +0.019]

Norm of difference:      9.32e-17
Norm of residual:        3.71e-15
Is sign changed:         False
Time (s):                8.24e-01
=============================================================
