
--------------- Linear optimization problem characteristics ---------------
Seed:                    62
Number of variables:     4
Number of constraints:   4

Norm of primal sol:      5.60e-02
Norm of dual sol:        1.00e+01
Norm of dual slacks:     5.00e+00

Norm of vector b:        2.00e+00
Norm of vector c:        2.47e+02

Norm of matrix A:        5.00e+01
Condition number:        4.00e+00

----------------------- Linear optimization problem -----------------------
Coeff matrix A:          [[+31.770 +1.280 +16.254 +8.871]
                          [+1.280 +27.273 +1.975 -4.761]
                          [+16.254 +1.975 +33.475 -2.873]
                          [+8.871 -4.761 -2.873 +32.482]]

RHS vector b:            [+1.008 +0.691 +1.512 +0.470]
Obj vector c:            [+59.445 -110.070 +110.465 -181.746]

---------------------------- Optimal solution -----------------------------
Primal variables:         [+0.002 +0.026 +0.045 +0.022]
Dual slacks:              [+0.159 +2.305 +3.988 +1.939]
Dual variables:           [+3.554 -5.654 +1.158 -7.352]

Optimal objective:       -1.74847291e+00
===========================================================================


----------------- Linear system Information -----------------
Norm of RHS vector:      2.00e+00
Norm of matrix:          5.00e+01
Condition number:        4.00e+00

Minimum eigenvalue:      +1.25e+01

RHS vector transpose:    [+1.008 +0.691 +1.512 +0.470]

Coffcient matrix:        [[+31.770 +1.280 +16.254 +8.871]
                          [+1.280 +27.273 +1.975 -4.761]
                          [+16.254 +1.975 +33.475 -2.873]
                          [+8.871 -4.761 -2.873 +32.482]]

------------- Modified linear system Information ------------
Norm of RHS vector:      1.00e+00
Norm of matrix:          2.50e+01
Condition number:        4.00e+00

Norm of difference:      9.71e-17
Norm of residual:        2.99e-15

------------------- Parameters of the QLSA ------------------
HHL method:              2
num_qubits:              6
Is simulator:            True

-------------------- Results of the QLSA --------------------
Quantum solution:        [+0.002 +0.026 +0.045 +0.022]
Exact solution:          [+0.002 +0.026 +0.045 +0.022]

Norm of difference:      9.71e-17
Norm of residual:        2.99e-15
Is sign changed:         False
Time (s):                8.57e-01
=============================================================
