
--------------- Linear optimization problem characteristics ---------------
Seed:                    88
Number of variables:     4
Number of constraints:   4

Norm of primal sol:      6.14e-02
Norm of dual sol:        1.00e+01
Norm of dual slacks:     5.00e+00

Norm of vector b:        2.00e+00
Norm of vector c:        2.19e+02

Norm of matrix A:        5.00e+01
Condition number:        4.00e+00

----------------------- Linear optimization problem -----------------------
Coeff matrix A:          [[+24.151 -5.234 +3.005 +11.232]
                          [-5.234 +40.723 -10.688 +3.344]
                          [+3.005 -10.688 +32.615 -4.962]
                          [+11.232 +3.344 -4.962 +27.510]]

RHS vector b:            [+1.140 +0.676 +0.431 +1.434]
Obj vector c:            [+29.676 +98.593 +149.828 -121.903]

---------------------------- Optimal solution -----------------------------
Primal variables:         [+0.030 +0.023 +0.024 +0.041]
Dual slacks:              [+2.441 +1.912 +1.992 +3.379]
Dual variables:           [+4.364 +4.677 +4.743 -6.049]

Optimal objective:       +1.80990962e+00
===========================================================================


----------------- Linear system Information -----------------
Norm of RHS vector:      2.00e+00
Norm of matrix:          5.00e+01
Condition number:        4.00e+00

Minimum eigenvalue:      +1.25e+01

RHS vector transpose:    [+1.140 +0.676 +0.431 +1.434]

Coffcient matrix:        [[+24.151 -5.234 +3.005 +11.232]
                          [-5.234 +40.723 -10.688 +3.344]
                          [+3.005 -10.688 +32.615 -4.962]
                          [+11.232 +3.344 -4.962 +27.510]]

------------- Modified linear system Information ------------
Norm of RHS vector:      1.00e+00
Norm of matrix:          2.50e+01
Condition number:        4.00e+00

Norm of difference:      1.65e-16
Norm of residual:        5.43e-15

------------------- Parameters of the QLSA ------------------
HHL method:              2
num_qubits:              6
Is simulator:            True

-------------------- Results of the QLSA --------------------
Quantum solution:        [+0.030 +0.023 +0.024 +0.041]
Exact solution:          [+0.030 +0.023 +0.024 +0.041]

Norm of difference:      1.65e-16
Norm of residual:        5.43e-15
Is sign changed:         False
Time (s):                7.93e-01
=============================================================
