
--------------- Linear optimization problem characteristics ---------------
Seed:                    90
Number of variables:     4
Number of constraints:   4

Norm of primal sol:      5.10e-02
Norm of dual sol:        1.00e+01
Norm of dual slacks:     5.00e+00

Norm of vector b:        2.00e+00
Norm of vector c:        4.32e+02

Norm of matrix A:        5.00e+01
Condition number:        4.00e+00

----------------------- Linear optimization problem -----------------------
Coeff matrix A:          [[+29.018 +1.956 +5.341 -9.916]
                          [+1.956 +27.085 +0.974 -14.058]
                          [+5.341 +0.974 +34.002 +6.307]
                          [-9.916 -14.058 +6.307 +34.895]]

RHS vector b:            [+0.039 -0.270 +1.512 +1.281]
Obj vector c:            [-264.537 -202.416 -144.344 +234.831]

---------------------------- Optimal solution -----------------------------
Primal variables:         [+0.006 +0.006 +0.037 +0.034]
Dual slacks:              [+0.565 +0.582 +3.635 +3.336]
Dual variables:           [-7.003 -5.182 -3.702 +3.226]

Optimal objective:       -8.47087883e-02
===========================================================================


----------------- Linear system Information -----------------
Norm of RHS vector:      2.00e+00
Norm of matrix:          5.00e+01
Condition number:        4.00e+00

Minimum eigenvalue:      +1.25e+01

RHS vector transpose:    [+0.039 -0.270 +1.512 +1.281]

Coffcient matrix:        [[+29.018 +1.956 +5.341 -9.916]
                          [+1.956 +27.085 +0.974 -14.058]
                          [+5.341 +0.974 +34.002 +6.307]
                          [-9.916 -14.058 +6.307 +34.895]]

------------- Modified linear system Information ------------
Norm of RHS vector:      1.00e+00
Norm of matrix:          2.50e+01
Condition number:        4.00e+00

Norm of difference:      1.00e-16
Norm of residual:        2.90e-15

------------------- Parameters of the QLSA ------------------
HHL method:              2
num_qubits:              6
Is simulator:            True

-------------------- Results of the QLSA --------------------
Quantum solution:        [+0.006 +0.006 +0.037 +0.034]
Exact solution:          [+0.006 +0.006 +0.037 +0.034]

Norm of difference:      1.00e-16
Norm of residual:        2.90e-15
Is sign changed:         True
Time (s):                8.22e-01
=============================================================
