
--------------- Linear optimization problem characteristics ---------------
Seed:                    73
Number of variables:     4
Number of constraints:   4

Norm of primal sol:      1.28e-01
Norm of dual sol:        1.00e+01
Norm of dual slacks:     5.00e+00

Norm of vector b:        2.00e+00
Norm of vector c:        2.81e+02

Norm of matrix A:        5.00e+01
Condition number:        4.00e+00

----------------------- Linear optimization problem -----------------------
Coeff matrix A:          [[+32.864 -6.706 -15.294 -2.671]
                          [-6.706 +31.619 -8.490 -1.582]
                          [-15.294 -8.490 +35.251 +1.658]
                          [-2.671 -1.582 +1.658 +25.266]]

RHS vector b:            [+0.888 +0.817 +0.513 +1.510]
Obj vector c:            [+141.328 -175.022 -161.099 +50.486]

---------------------------- Optimal solution -----------------------------
Primal variables:         [+0.071 +0.059 +0.056 +0.067]
Dual slacks:              [+2.778 +2.329 +2.213 +2.638]
Dual variables:           [-0.180 -7.316 -6.560 +1.847]

Optimal objective:       -6.07488752e+00
===========================================================================


----------------- Linear system Information -----------------
Norm of RHS vector:      2.00e+00
Norm of matrix:          5.00e+01
Condition number:        4.00e+00

Minimum eigenvalue:      +1.25e+01

RHS vector transpose:    [+0.888 +0.817 +0.513 +1.510]

Coffcient matrix:        [[+32.864 -6.706 -15.294 -2.671]
                          [-6.706 +31.619 -8.490 -1.582]
                          [-15.294 -8.490 +35.251 +1.658]
                          [-2.671 -1.582 +1.658 +25.266]]

------------- Modified linear system Information ------------
Norm of RHS vector:      1.00e+00
Norm of matrix:          2.50e+01
Condition number:        4.00e+00

Norm of difference:      3.98e-16
Norm of residual:        6.84e-15

------------------- Parameters of the QLSA ------------------
HHL method:              2
num_qubits:              6
Is simulator:            True

-------------------- Results of the QLSA --------------------
Quantum solution:        [+0.071 +0.059 +0.056 +0.067]
Exact solution:          [+0.071 +0.059 +0.056 +0.067]

Norm of difference:      3.98e-16
Norm of residual:        6.84e-15
Is sign changed:         False
Time (s):                6.20e-01
=============================================================
