
--------------- Linear optimization problem characteristics ---------------
Seed:                    67
Number of variables:     4
Number of constraints:   4

Norm of primal sol:      2.38e-02
Norm of dual sol:        1.00e+01
Norm of dual slacks:     5.00e+00

Norm of vector b:        2.00e+00
Norm of vector c:        5.81e+02

Norm of matrix A:        1.00e+02
Condition number:        4.00e+00

----------------------- Linear optimization problem -----------------------
Coeff matrix A:          [[+65.097 -19.835 +7.518 +11.926]
                          [-19.835 +69.772 +27.764 +2.950]
                          [+7.518 +27.764 +68.337 -4.535]
                          [+11.926 +2.950 -4.535 +46.794]]

RHS vector b:            [+0.518 +1.296 +1.375 +0.402]
Obj vector c:            [-336.857 -82.080 -403.614 +232.614]

---------------------------- Optimal solution -----------------------------
Primal variables:         [+0.010 +0.016 +0.013 +0.006]
Dual slacks:              [+2.147 +3.378 +2.698 +1.304]
Dual variables:           [-6.378 -1.649 -4.158 +6.270]

Optimal objective:       -8.51484060e+00
===========================================================================


----------------- Linear system Information -----------------
Norm of RHS vector:      2.00e+00
Norm of matrix:          1.00e+02
Condition number:        4.00e+00

Minimum eigenvalue:      +2.50e+01

RHS vector transpose:    [+0.518 +1.296 +1.375 +0.402]

Coffcient matrix:        [[+65.097 -19.835 +7.518 +11.926]
                          [-19.835 +69.772 +27.764 +2.950]
                          [+7.518 +27.764 +68.337 -4.535]
                          [+11.926 +2.950 -4.535 +46.794]]

------------- Modified linear system Information ------------
Norm of RHS vector:      1.00e+00
Norm of matrix:          5.00e+01
Condition number:        4.00e+00

Norm of difference:      2.82e-16
Norm of residual:        1.29e-14

------------------- Parameters of the QLSA ------------------
HHL method:              2
num_qubits:              6
Is simulator:            True

-------------------- Results of the QLSA --------------------
Quantum solution:        [+0.010 +0.016 +0.013 +0.006]
Exact solution:          [+0.010 +0.016 +0.013 +0.006]

Norm of difference:      2.82e-16
Norm of residual:        1.29e-14
Is sign changed:         False
Time (s):                6.18e-01
=============================================================
