
--------------- Linear optimization problem characteristics ---------------
Seed:                    1
Number of variables:     4
Number of constraints:   4

Norm of primal sol:      6.92e-02
Norm of dual sol:        1.00e+01
Norm of dual slacks:     5.00e+00

Norm of vector b:        2.00e+00
Norm of vector c:        3.08e+02

Norm of matrix A:        5.00e+01
Condition number:        4.00e+00

----------------------- Linear optimization problem -----------------------
Coeff matrix A:          [[+18.600 -4.713 -6.431 +11.123]
                          [-4.713 +31.110 +8.152 -2.941]
                          [-6.431 +8.152 +36.006 -2.152]
                          [+11.123 -2.941 -2.152 +39.285]]

RHS vector b:            [+0.603 +1.527 +0.199 +1.124]
Obj vector c:            [-65.300 -200.037 -186.915 -124.639]

---------------------------- Optimal solution -----------------------------
Primal variables:         [+0.033 +0.056 +0.000 +0.024]
Dual slacks:              [+2.355 +4.067 +0.001 +1.707]
Dual variables:           [-5.495 -6.341 -4.880 -2.402]

Optimal objective:       -1.63246123e+01
===========================================================================


----------------- Linear system Information -----------------
Norm of RHS vector:      2.00e+00
Norm of matrix:          5.00e+01
Condition number:        4.00e+00

Minimum eigenvalue:      +1.25e+01

RHS vector transpose:    [+0.603 +1.527 +0.199 +1.124]

Coffcient matrix:        [[+18.600 -4.713 -6.431 +11.123]
                          [-4.713 +31.110 +8.152 -2.941]
                          [-6.431 +8.152 +36.006 -2.152]
                          [+11.123 -2.941 -2.152 +39.285]]

------------- Modified linear system Information ------------
Norm of RHS vector:      1.00e+00
Norm of matrix:          2.50e+01
Condition number:        4.00e+00

Norm of difference:      1.03e-16
Norm of residual:        3.13e-15

------------------- Parameters of the QLSA ------------------
HHL method:              2
num_qubits:              6
Is simulator:            True

-------------------- Results of the QLSA --------------------
Quantum solution:        [+0.033 +0.056 +0.000 +0.024]
Exact solution:          [+0.033 +0.056 +0.000 +0.024]

Norm of difference:      1.03e-16
Norm of residual:        3.13e-15
Is sign changed:         False
Time (s):                6.56e-01
=============================================================
