
--------------- Linear optimization problem characteristics ---------------
Seed:                    27
Number of variables:     4
Number of constraints:   4

Norm of primal sol:      5.02e-02
Norm of dual sol:        1.00e+01
Norm of dual slacks:     5.00e+00

Norm of vector b:        2.00e+00
Norm of vector c:        3.16e+02

Norm of matrix A:        5.00e+01
Condition number:        4.00e+00

----------------------- Linear optimization problem -----------------------
Coeff matrix A:          [[+28.607 +3.222 +17.026 +3.518]
                          [+3.222 +35.411 -0.820 +3.753]
                          [+17.026 -0.820 +36.199 -4.233]
                          [+3.518 +3.753 -4.233 +24.783]]

RHS vector b:            [+1.042 +1.127 +1.012 +0.787]
Obj vector c:            [+57.346 +221.505 +190.896 -104.585]

---------------------------- Optimal solution -----------------------------
Primal variables:         [+0.015 +0.028 +0.025 +0.030]
Dual slacks:              [+1.455 +2.785 +2.514 +2.967]
Dual variables:           [-1.679 +6.904 +5.661 -4.180]

Optimal objective:       +8.72512067e+00
===========================================================================


----------------- Linear system Information -----------------
Norm of RHS vector:      2.00e+00
Norm of matrix:          5.00e+01
Condition number:        4.00e+00

Minimum eigenvalue:      +1.25e+01

RHS vector transpose:    [+1.042 +1.127 +1.012 +0.787]

Coffcient matrix:        [[+28.607 +3.222 +17.026 +3.518]
                          [+3.222 +35.411 -0.820 +3.753]
                          [+17.026 -0.820 +36.199 -4.233]
                          [+3.518 +3.753 -4.233 +24.783]]

------------- Modified linear system Information ------------
Norm of RHS vector:      1.00e+00
Norm of matrix:          2.50e+01
Condition number:        4.00e+00

Norm of difference:      3.65e-16
Norm of residual:        5.36e-15

------------------- Parameters of the QLSA ------------------
HHL method:              2
num_qubits:              6
Is simulator:            True

-------------------- Results of the QLSA --------------------
Quantum solution:        [+0.015 +0.028 +0.025 +0.030]
Exact solution:          [+0.015 +0.028 +0.025 +0.030]

Norm of difference:      3.65e-16
Norm of residual:        5.36e-15
Is sign changed:         False
Time (s):                6.78e-01
=============================================================
