
--------------- Linear optimization problem characteristics ---------------
Seed:                    53
Number of variables:     4
Number of constraints:   4

Norm of primal sol:      7.40e-02
Norm of dual sol:        1.00e+01
Norm of dual slacks:     5.00e+00

Norm of vector b:        2.00e+00
Norm of vector c:        2.72e+02

Norm of matrix A:        5.00e+01
Condition number:        4.00e+00

----------------------- Linear optimization problem -----------------------
Coeff matrix A:          [[+30.855 +4.793 -6.466 -15.422]
                          [+4.793 +38.958 -5.778 -0.175]
                          [-6.466 -5.778 +28.925 +3.106]
                          [-15.422 -0.175 +3.106 +26.262]]

RHS vector b:            [+1.296 +1.473 +0.351 -0.158]
Obj vector c:            [+108.341 +1.279 +194.715 -155.461]

---------------------------- Optimal solution -----------------------------
Primal variables:         [+0.054 +0.036 +0.029 +0.022]
Dual slacks:              [+3.626 +2.404 +1.948 +1.508]
Dual variables:           [+2.074 +0.864 +7.911 -5.689]

Optimal objective:       +8.00886257e+00
===========================================================================


----------------- Linear system Information -----------------
Norm of RHS vector:      2.00e+00
Norm of matrix:          5.00e+01
Condition number:        4.00e+00

Minimum eigenvalue:      +1.25e+01

RHS vector transpose:    [+1.296 +1.473 +0.351 -0.158]

Coffcient matrix:        [[+30.855 +4.793 -6.466 -15.422]
                          [+4.793 +38.958 -5.778 -0.175]
                          [-6.466 -5.778 +28.925 +3.106]
                          [-15.422 -0.175 +3.106 +26.262]]

------------- Modified linear system Information ------------
Norm of RHS vector:      1.00e+00
Norm of matrix:          2.50e+01
Condition number:        4.00e+00

Norm of difference:      1.49e-16
Norm of residual:        3.69e-15

------------------- Parameters of the QLSA ------------------
HHL method:              2
num_qubits:              6
Is simulator:            True

-------------------- Results of the QLSA --------------------
Quantum solution:        [+0.054 +0.036 +0.029 +0.022]
Exact solution:          [+0.054 +0.036 +0.029 +0.022]

Norm of difference:      1.49e-16
Norm of residual:        3.69e-15
Is sign changed:         True
Time (s):                8.97e-01
=============================================================
