
--------------- Linear optimization problem characteristics ---------------
Seed:                    34
Number of variables:     4
Number of constraints:   4

Norm of primal sol:      3.31e-02
Norm of dual sol:        1.00e+01
Norm of dual slacks:     5.00e+00

Norm of vector b:        2.00e+00
Norm of vector c:        6.69e+02

Norm of matrix A:        1.00e+02
Condition number:        4.00e+00

----------------------- Linear optimization problem -----------------------
Coeff matrix A:          [[+78.872 +17.672 -20.673 +4.176]
                          [+17.672 +72.618 -5.394 -12.502]
                          [-20.673 -5.394 +33.156 +0.443]
                          [+4.176 -12.502 +0.443 +65.354]]

RHS vector b:            [+0.576 +1.605 -0.054 +1.044]
Obj vector c:            [-429.193 +382.254 +73.854 -333.760]

---------------------------- Optimal solution -----------------------------
Primal variables:         [+0.001 +0.026 +0.003 +0.021]
Dual slacks:              [+0.191 +3.864 +0.459 +3.135]
Dual variables:           [-6.924 +6.213 -1.046 -3.517]

Optimal objective:       +2.53482121e+00
===========================================================================


----------------- Linear system Information -----------------
Norm of RHS vector:      2.00e+00
Norm of matrix:          1.00e+02
Condition number:        4.00e+00

Minimum eigenvalue:      +2.50e+01

RHS vector transpose:    [+0.576 +1.605 -0.054 +1.044]

Coffcient matrix:        [[+78.872 +17.672 -20.673 +4.176]
                          [+17.672 +72.618 -5.394 -12.502]
                          [-20.673 -5.394 +33.156 +0.443]
                          [+4.176 -12.502 +0.443 +65.354]]

------------- Modified linear system Information ------------
Norm of RHS vector:      1.00e+00
Norm of matrix:          5.00e+01
Condition number:        4.00e+00

Norm of difference:      7.48e-16
Norm of residual:        1.88e-14

------------------- Parameters of the QLSA ------------------
HHL method:              2
num_qubits:              6
Is simulator:            True

-------------------- Results of the QLSA --------------------
Quantum solution:        [+0.001 +0.026 +0.003 +0.021]
Exact solution:          [+0.001 +0.026 +0.003 +0.021]

Norm of difference:      7.48e-16
Norm of residual:        1.88e-14
Is sign changed:         False
Time (s):                6.45e-01
=============================================================
