
--------------- Linear optimization problem characteristics ---------------
Seed:                    4
Number of variables:     4
Number of constraints:   4

Norm of primal sol:      6.19e-02
Norm of dual sol:        1.00e+01
Norm of dual slacks:     5.00e+00

Norm of vector b:        2.00e+00
Norm of vector c:        3.06e+02

Norm of matrix A:        5.00e+01
Condition number:        4.00e+00

----------------------- Linear optimization problem -----------------------
Coeff matrix A:          [[+29.312 +1.224 +1.952 -14.710]
                          [+1.224 +25.177 +1.446 -6.857]
                          [+1.952 +1.446 +37.365 +8.888]
                          [-14.710 -6.857 +8.888 +33.146]]

RHS vector b:            [+0.769 +0.432 +1.711 +0.542]
Obj vector c:            [+180.492 -35.188 +177.141 -168.254]

---------------------------- Optimal solution -----------------------------
Primal variables:         [+0.036 +0.021 +0.037 +0.027]
Dual slacks:              [+2.947 +1.668 +2.964 +2.178]
Dual variables:           [+2.573 -3.695 +6.199 -6.426]

Optimal objective:       +7.81788643e+00
===========================================================================


----------------- Linear system Information -----------------
Norm of RHS vector:      2.00e+00
Norm of matrix:          5.00e+01
Condition number:        4.00e+00

Minimum eigenvalue:      +1.25e+01

RHS vector transpose:    [+0.769 +0.432 +1.711 +0.542]

Coffcient matrix:        [[+29.312 +1.224 +1.952 -14.710]
                          [+1.224 +25.177 +1.446 -6.857]
                          [+1.952 +1.446 +37.365 +8.888]
                          [-14.710 -6.857 +8.888 +33.146]]

------------- Modified linear system Information ------------
Norm of RHS vector:      1.00e+00
Norm of matrix:          2.50e+01
Condition number:        4.00e+00

Norm of difference:      1.68e-16
Norm of residual:        3.22e-15

------------------- Parameters of the QLSA ------------------
HHL method:              2
num_qubits:              6
Is simulator:            True

-------------------- Results of the QLSA --------------------
Quantum solution:        [+0.036 +0.021 +0.037 +0.027]
Exact solution:          [+0.036 +0.021 +0.037 +0.027]

Norm of difference:      1.68e-16
Norm of residual:        3.22e-15
Is sign changed:         False
Time (s):                6.08e-01
=============================================================
