
--------------- Linear optimization problem characteristics ---------------
Seed:                    77
Number of variables:     4
Number of constraints:   4

Norm of primal sol:      2.64e-02
Norm of dual sol:        1.00e+01
Norm of dual slacks:     5.00e+00

Norm of vector b:        2.00e+00
Norm of vector c:        7.60e+02

Norm of matrix A:        1.00e+02
Condition number:        4.00e+00

----------------------- Linear optimization problem -----------------------
Coeff matrix A:          [[+49.723 -9.926 +8.704 +17.583]
                          [-9.926 +90.440 +4.414 +19.694]
                          [+8.704 +4.414 +60.664 +10.454]
                          [+17.583 +19.694 +10.454 +49.172]]

RHS vector b:            [+0.938 +1.068 +1.126 +0.845]
Obj vector c:            [-449.227 +567.612 -230.137 -25.374]

---------------------------- Optimal solution -----------------------------
Primal variables:         [+0.018 +0.012 +0.015 +0.003]
Dual slacks:              [+3.384 +2.364 +2.775 +0.513]
Dual variables:           [-7.728 +5.393 -3.256 +0.769]

Optimal objective:       -4.37252362e+00
===========================================================================


----------------- Linear system Information -----------------
Norm of RHS vector:      2.00e+00
Norm of matrix:          1.00e+02
Condition number:        4.00e+00

Minimum eigenvalue:      +2.50e+01

RHS vector transpose:    [+0.938 +1.068 +1.126 +0.845]

Coffcient matrix:        [[+49.723 -9.926 +8.704 +17.583]
                          [-9.926 +90.440 +4.414 +19.694]
                          [+8.704 +4.414 +60.664 +10.454]
                          [+17.583 +19.694 +10.454 +49.172]]

------------- Modified linear system Information ------------
Norm of RHS vector:      1.00e+00
Norm of matrix:          5.00e+01
Condition number:        4.00e+00

Norm of difference:      6.39e-16
Norm of residual:        2.43e-14

------------------- Parameters of the QLSA ------------------
HHL method:              2
num_qubits:              6
Is simulator:            True

-------------------- Results of the QLSA --------------------
Quantum solution:        [+0.018 +0.012 +0.015 +0.003]
Exact solution:          [+0.018 +0.012 +0.015 +0.003]

Norm of difference:      6.39e-16
Norm of residual:        2.43e-14
Is sign changed:         True
Time (s):                7.79e-01
=============================================================
