
--------------- Linear optimization problem characteristics ---------------
Seed:                    85
Number of variables:     4
Number of constraints:   4

Norm of primal sol:      2.11e-02
Norm of dual sol:        1.00e+01
Norm of dual slacks:     5.00e+00

Norm of vector b:        2.00e+00
Norm of vector c:        7.99e+02

Norm of matrix A:        1.00e+02
Condition number:        4.00e+00

----------------------- Linear optimization problem -----------------------
Coeff matrix A:          [[+53.330 +7.503 -1.958 +13.856]
                          [+7.503 +69.857 -8.221 +14.730]
                          [-1.958 -8.221 +53.975 +29.443]
                          [+13.856 +14.730 +29.443 +72.838]]

RHS vector b:            [+0.888 +0.927 +0.586 +1.418]
Obj vector c:            [-459.123 -30.821 -356.626 -547.556]

---------------------------- Optimal solution -----------------------------
Primal variables:         [+0.012 +0.010 +0.006 +0.013]
Dual slacks:              [+2.880 +2.362 +1.384 +3.035]
Dual variables:           [-7.769 +0.793 -4.348 -4.484]

Optimal objective:       -1.49590566e+01
===========================================================================


----------------- Linear system Information -----------------
Norm of RHS vector:      2.00e+00
Norm of matrix:          1.00e+02
Condition number:        4.00e+00

Minimum eigenvalue:      +2.50e+01

RHS vector transpose:    [+0.888 +0.927 +0.586 +1.418]

Coffcient matrix:        [[+53.330 +7.503 -1.958 +13.856]
                          [+7.503 +69.857 -8.221 +14.730]
                          [-1.958 -8.221 +53.975 +29.443]
                          [+13.856 +14.730 +29.443 +72.838]]

------------- Modified linear system Information ------------
Norm of RHS vector:      1.00e+00
Norm of matrix:          5.00e+01
Condition number:        4.00e+00

Norm of difference:      3.43e-17
Norm of residual:        1.61e-15

------------------- Parameters of the QLSA ------------------
HHL method:              2
num_qubits:              6
Is simulator:            True

-------------------- Results of the QLSA --------------------
Quantum solution:        [+0.012 +0.010 +0.006 +0.013]
Exact solution:          [+0.012 +0.010 +0.006 +0.013]

Norm of difference:      3.43e-17
Norm of residual:        1.61e-15
Is sign changed:         False
Time (s):                6.99e-01
=============================================================
