
--------------- Linear optimization problem characteristics ---------------
Seed:                    31
Number of variables:     4
Number of constraints:   4

Norm of primal sol:      3.45e-02
Norm of dual sol:        1.00e+01
Norm of dual slacks:     5.00e+00

Norm of vector b:        2.00e+00
Norm of vector c:        5.10e+02

Norm of matrix A:        1.00e+02
Condition number:        4.00e+00

----------------------- Linear optimization problem -----------------------
Coeff matrix A:          [[+61.820 +16.201 +20.123 +2.516]
                          [+16.201 +75.152 +1.980 -24.432]
                          [+20.123 +1.980 +67.567 -7.045]
                          [+2.516 -24.432 -7.045 +45.461]]

RHS vector b:            [+1.104 +1.165 +1.137 +0.361]
Obj vector c:            [-221.545 -270.790 +320.864 -187.027]

---------------------------- Optimal solution -----------------------------
Primal variables:         [+0.006 +0.021 +0.017 +0.021]
Dual slacks:              [+0.893 +2.990 +2.404 +3.080]
Dual variables:           [-3.866 -4.810 +5.410 -5.714]

Optimal objective:       -5.61049293e+00
===========================================================================


----------------- Linear system Information -----------------
Norm of RHS vector:      2.00e+00
Norm of matrix:          1.00e+02
Condition number:        4.00e+00

Minimum eigenvalue:      +2.50e+01

RHS vector transpose:    [+1.104 +1.165 +1.137 +0.361]

Coffcient matrix:        [[+61.820 +16.201 +20.123 +2.516]
                          [+16.201 +75.152 +1.980 -24.432]
                          [+20.123 +1.980 +67.567 -7.045]
                          [+2.516 -24.432 -7.045 +45.461]]

------------- Modified linear system Information ------------
Norm of RHS vector:      1.00e+00
Norm of matrix:          5.00e+01
Condition number:        4.00e+00

Norm of difference:      8.96e-17
Norm of residual:        5.78e-15

------------------- Parameters of the QLSA ------------------
HHL method:              2
num_qubits:              6
Is simulator:            True

-------------------- Results of the QLSA --------------------
Quantum solution:        [+0.006 +0.021 +0.017 +0.021]
Exact solution:          [+0.006 +0.021 +0.017 +0.021]

Norm of difference:      8.96e-17
Norm of residual:        5.78e-15
Is sign changed:         True
Time (s):                6.83e-01
=============================================================
