
--------------- Linear optimization problem characteristics ---------------
Seed:                    56
Number of variables:     4
Number of constraints:   4

Norm of primal sol:      6.53e-02
Norm of dual sol:        1.00e+01
Norm of dual slacks:     5.00e+00

Norm of vector b:        2.00e+00
Norm of vector c:        4.62e+02

Norm of matrix A:        5.00e+01
Condition number:        4.00e+00

----------------------- Linear optimization problem -----------------------
Coeff matrix A:          [[+38.000 -12.357 -1.913 +0.954]
                          [-12.357 +35.218 -7.574 -0.224]
                          [-1.913 -7.574 +26.244 +10.792]
                          [+0.954 -0.224 +10.792 +25.539]]

RHS vector b:            [+1.675 -0.290 +0.801 +0.685]
Obj vector c:            [-204.585 +344.644 -210.445 -91.998]

---------------------------- Optimal solution -----------------------------
Primal variables:         [+0.051 +0.017 +0.035 +0.010]
Dual slacks:              [+3.925 +1.330 +2.686 +0.783]
Dual variables:           [-3.387 +7.292 -5.868 -0.963]

Optimal objective:       -1.28200779e+01
===========================================================================


----------------- Linear system Information -----------------
Norm of RHS vector:      2.00e+00
Norm of matrix:          5.00e+01
Condition number:        4.00e+00

Minimum eigenvalue:      +1.25e+01

RHS vector transpose:    [+1.675 -0.290 +0.801 +0.685]

Coffcient matrix:        [[+38.000 -12.357 -1.913 +0.954]
                          [-12.357 +35.218 -7.574 -0.224]
                          [-1.913 -7.574 +26.244 +10.792]
                          [+0.954 -0.224 +10.792 +25.539]]

------------- Modified linear system Information ------------
Norm of RHS vector:      1.00e+00
Norm of matrix:          2.50e+01
Condition number:        4.00e+00

Norm of difference:      1.44e-16
Norm of residual:        4.31e-15

------------------- Parameters of the QLSA ------------------
HHL method:              2
num_qubits:              6
Is simulator:            True

-------------------- Results of the QLSA --------------------
Quantum solution:        [+0.051 +0.017 +0.035 +0.010]
Exact solution:          [+0.051 +0.017 +0.035 +0.010]

Norm of difference:      1.44e-16
Norm of residual:        4.31e-15
Is sign changed:         False
Time (s):                7.54e-01
=============================================================
