
--------------- Linear optimization problem characteristics ---------------
Seed:                    45
Number of variables:     4
Number of constraints:   4

Norm of primal sol:      8.75e-02
Norm of dual sol:        1.00e+01
Norm of dual slacks:     5.00e+00

Norm of vector b:        2.00e+00
Norm of vector c:        3.75e+02

Norm of matrix A:        5.00e+01
Condition number:        4.00e+00

----------------------- Linear optimization problem -----------------------
Coeff matrix A:          [[+26.559 -10.491 +6.478 -12.530]
                          [-10.491 +30.573 -3.012 +3.168]
                          [+6.478 -3.012 +29.968 +5.322]
                          [-12.530 +3.168 +5.322 +37.901]]

RHS vector b:            [+1.599 +0.436 +1.018 -0.466]
Obj vector c:            [+6.074 +3.139 -274.123 -256.531]

---------------------------- Optimal solution -----------------------------
Primal variables:         [+0.074 +0.041 +0.021 +0.006]
Dual slacks:              [+4.232 +2.352 +1.204 +0.331]
Dual variables:           [-0.980 -0.480 -7.969 -5.942]

Optimal objective:       -6.68180130e+00
===========================================================================


----------------- Linear system Information -----------------
Norm of RHS vector:      2.00e+00
Norm of matrix:          5.00e+01
Condition number:        4.00e+00

Minimum eigenvalue:      +1.25e+01

RHS vector transpose:    [+1.599 +0.436 +1.018 -0.466]

Coffcient matrix:        [[+26.559 -10.491 +6.478 -12.530]
                          [-10.491 +30.573 -3.012 +3.168]
                          [+6.478 -3.012 +29.968 +5.322]
                          [-12.530 +3.168 +5.322 +37.901]]

------------- Modified linear system Information ------------
Norm of RHS vector:      1.00e+00
Norm of matrix:          2.50e+01
Condition number:        4.00e+00

Norm of difference:      8.36e-17
Norm of residual:        1.27e-15

------------------- Parameters of the QLSA ------------------
HHL method:              2
num_qubits:              6
Is simulator:            True

-------------------- Results of the QLSA --------------------
Quantum solution:        [+0.074 +0.041 +0.021 +0.006]
Exact solution:          [+0.074 +0.041 +0.021 +0.006]

Norm of difference:      8.36e-17
Norm of residual:        1.27e-15
Is sign changed:         False
Time (s):                7.84e-01
=============================================================
