
--------------- Linear optimization problem characteristics ---------------
Seed:                    97
Number of variables:     4
Number of constraints:   4

Norm of primal sol:      2.76e-02
Norm of dual sol:        1.00e+01
Norm of dual slacks:     5.00e+00

Norm of vector b:        2.00e+00
Norm of vector c:        9.90e+02

Norm of matrix A:        1.00e+02
Condition number:        4.00e+00

----------------------- Linear optimization problem -----------------------
Coeff matrix A:          [[+54.140 -4.654 +12.791 +8.603]
                          [-4.654 +75.939 +0.933 -7.500]
                          [+12.791 +0.933 +52.193 +32.466]
                          [+8.603 -7.500 +32.466 +67.728]]

RHS vector b:            [+0.973 +1.353 +0.879 +0.670]
Obj vector c:            [+353.617 -262.918 +582.283 +668.585]

---------------------------- Optimal solution -----------------------------
Primal variables:         [+0.017 +0.019 +0.009 +0.006]
Dual slacks:              [+3.018 +3.499 +1.612 +1.026]
Dual variables:           [+3.743 -2.775 +6.574 +5.923]

Optimal objective:       +9.77163321e+00
===========================================================================


----------------- Linear system Information -----------------
Norm of RHS vector:      2.00e+00
Norm of matrix:          1.00e+02
Condition number:        4.00e+00

Minimum eigenvalue:      +2.50e+01

RHS vector transpose:    [+0.973 +1.353 +0.879 +0.670]

Coffcient matrix:        [[+54.140 -4.654 +12.791 +8.603]
                          [-4.654 +75.939 +0.933 -7.500]
                          [+12.791 +0.933 +52.193 +32.466]
                          [+8.603 -7.500 +32.466 +67.728]]

------------- Modified linear system Information ------------
Norm of RHS vector:      1.00e+00
Norm of matrix:          5.00e+01
Condition number:        4.00e+00

Norm of difference:      1.07e-15
Norm of residual:        4.46e-14

------------------- Parameters of the QLSA ------------------
HHL method:              2
num_qubits:              6
Is simulator:            True

-------------------- Results of the QLSA --------------------
Quantum solution:        [+0.017 +0.019 +0.009 +0.006]
Exact solution:          [+0.017 +0.019 +0.009 +0.006]

Norm of difference:      1.07e-15
Norm of residual:        4.46e-14
Is sign changed:         False
Time (s):                7.22e-01
=============================================================
