
--------------- Linear optimization problem characteristics ---------------
Seed:                    44
Number of variables:     4
Number of constraints:   4

Norm of primal sol:      3.82e-02
Norm of dual sol:        1.00e+01
Norm of dual slacks:     5.00e+00

Norm of vector b:        2.00e+00
Norm of vector c:        7.31e+02

Norm of matrix A:        1.00e+02
Condition number:        4.00e+00

----------------------- Linear optimization problem -----------------------
Coeff matrix A:          [[+57.985 -13.039 +11.406 -8.148]
                          [-13.039 +83.116 -12.238 +2.243]
                          [+11.406 -12.238 +41.898 -24.416]
                          [-8.148 +2.243 -24.416 +67.000]]

RHS vector b:            [+1.703 -0.339 +0.992 -0.019]
Obj vector c:            [-440.407 +530.812 -225.242 -91.533]

---------------------------- Optimal solution -----------------------------
Primal variables:         [+0.027 +0.003 +0.024 +0.012]
Dual slacks:              [+3.537 +0.444 +3.155 +1.528]
Dual variables:           [-6.213 +4.824 -4.691 -4.015]

Optimal objective:       -1.66028409e+01
===========================================================================


----------------- Linear system Information -----------------
Norm of RHS vector:      2.00e+00
Norm of matrix:          1.00e+02
Condition number:        4.00e+00

Minimum eigenvalue:      +2.50e+01

RHS vector transpose:    [+1.703 -0.339 +0.992 -0.019]

Coffcient matrix:        [[+57.985 -13.039 +11.406 -8.148]
                          [-13.039 +83.116 -12.238 +2.243]
                          [+11.406 -12.238 +41.898 -24.416]
                          [-8.148 +2.243 -24.416 +67.000]]

------------- Modified linear system Information ------------
Norm of RHS vector:      1.00e+00
Norm of matrix:          5.00e+01
Condition number:        4.00e+00

Norm of difference:      7.57e-17
Norm of residual:        3.27e-15

------------------- Parameters of the QLSA ------------------
HHL method:              2
num_qubits:              6
Is simulator:            True

-------------------- Results of the QLSA --------------------
Quantum solution:        [+0.027 +0.003 +0.024 +0.012]
Exact solution:          [+0.027 +0.003 +0.024 +0.012]

Norm of difference:      7.57e-17
Norm of residual:        3.27e-15
Is sign changed:         True
Time (s):                7.96e-01
=============================================================
