
--------------- Linear optimization problem characteristics ---------------
Seed:                    92
Number of variables:     4
Number of constraints:   4

Norm of primal sol:      9.07e-02
Norm of dual sol:        1.00e+01
Norm of dual slacks:     5.00e+00

Norm of vector b:        2.00e+00
Norm of vector c:        2.88e+02

Norm of matrix A:        5.00e+01
Condition number:        4.00e+00

----------------------- Linear optimization problem -----------------------
Coeff matrix A:          [[+20.946 -4.735 -10.575 +4.386]
                          [-4.735 +31.042 +2.559 -8.659]
                          [-10.575 +2.559 +28.519 +3.331]
                          [+4.386 -8.659 +3.331 +44.493]]

RHS vector b:            [+0.837 +1.159 +0.428 +1.331]
Obj vector c:            [-165.616 +211.562 +32.764 -98.916]

---------------------------- Optimal solution -----------------------------
Primal variables:         [+0.060 +0.053 +0.029 +0.032]
Dual slacks:              [+3.287 +2.926 +1.576 +1.777]
Dual variables:           [-7.917 +5.646 -2.324 -0.210]

Optimal objective:       -8.97553059e-01
===========================================================================


----------------- Linear system Information -----------------
Norm of RHS vector:      2.00e+00
Norm of matrix:          5.00e+01
Condition number:        4.00e+00

Minimum eigenvalue:      +1.25e+01

RHS vector transpose:    [+0.837 +1.159 +0.428 +1.331]

Coffcient matrix:        [[+20.946 -4.735 -10.575 +4.386]
                          [-4.735 +31.042 +2.559 -8.659]
                          [-10.575 +2.559 +28.519 +3.331]
                          [+4.386 -8.659 +3.331 +44.493]]

------------- Modified linear system Information ------------
Norm of RHS vector:      1.00e+00
Norm of matrix:          2.50e+01
Condition number:        4.00e+00

Norm of difference:      2.43e-16
Norm of residual:        5.92e-15

------------------- Parameters of the QLSA ------------------
HHL method:              2
num_qubits:              6
Is simulator:            True

-------------------- Results of the QLSA --------------------
Quantum solution:        [+0.060 +0.053 +0.029 +0.032]
Exact solution:          [+0.060 +0.053 +0.029 +0.032]

Norm of difference:      2.43e-16
Norm of residual:        5.92e-15
Is sign changed:         False
Time (s):                7.65e-01
=============================================================
