
--------------- Linear optimization problem characteristics ---------------
Seed:                    96
Number of variables:     4
Number of constraints:   4

Norm of primal sol:      2.63e-02
Norm of dual sol:        1.00e+01
Norm of dual slacks:     5.00e+00

Norm of vector b:        2.00e+00
Norm of vector c:        7.41e+02

Norm of matrix A:        1.00e+02
Condition number:        4.00e+00

----------------------- Linear optimization problem -----------------------
Coeff matrix A:          [[+68.512 -2.783 +25.151 +6.850]
                          [-2.783 +46.901 +22.376 -13.526]
                          [+25.151 +22.376 +72.003 +2.596]
                          [+6.850 -13.526 +2.596 +62.584]]

RHS vector b:            [+0.666 +0.823 +1.487 +0.818]
Obj vector c:            [+91.029 -472.049 -540.530 +159.964]

---------------------------- Optimal solution -----------------------------
Primal variables:         [+0.004 +0.016 +0.014 +0.015]
Dual slacks:              [+0.699 +2.961 +2.661 +2.943]
Dual variables:           [+3.455 -6.377 -6.806 +1.035]

Optimal objective:       -1.20885989e+01
===========================================================================


----------------- Linear system Information -----------------
Norm of RHS vector:      2.00e+00
Norm of matrix:          1.00e+02
Condition number:        4.00e+00

Minimum eigenvalue:      +2.50e+01

RHS vector transpose:    [+0.666 +0.823 +1.487 +0.818]

Coffcient matrix:        [[+68.512 -2.783 +25.151 +6.850]
                          [-2.783 +46.901 +22.376 -13.526]
                          [+25.151 +22.376 +72.003 +2.596]
                          [+6.850 -13.526 +2.596 +62.584]]

------------- Modified linear system Information ------------
Norm of RHS vector:      1.00e+00
Norm of matrix:          5.00e+01
Condition number:        4.00e+00

Norm of difference:      5.69e-17
Norm of residual:        2.21e-15

------------------- Parameters of the QLSA ------------------
HHL method:              2
num_qubits:              6
Is simulator:            True

-------------------- Results of the QLSA --------------------
Quantum solution:        [+0.004 +0.016 +0.014 +0.015]
Exact solution:          [+0.004 +0.016 +0.014 +0.015]

Norm of difference:      5.69e-17
Norm of residual:        2.21e-15
Is sign changed:         False
Time (s):                7.39e-01
=============================================================
