[F[K 
================= Linear system Information =================
Norm of RHS vector:      2.00e+00
Condition number:        4.00e+00
Minimum eigenvalue:      +2.50e-01

RHS vector transpose:    [+0.392 +0.588 +0.588 +0.392 +0.981 +0.196 -0.000 +1.177 +0.784]

Coffcient matrix:        [[+0.646 -0.061 +0.008 -0.085 +0.051 -0.027 -0.038 -0.066 -0.165]
                          [-0.061 +0.681 +0.021 -0.135 +0.004 -0.030 -0.068 +0.036 -0.083]
                          [+0.008 +0.021 +0.629 -0.097 +0.037 +0.051 -0.041 -0.094 +0.096]
                          [-0.085 -0.135 -0.097 +0.577 -0.078 +0.035 +0.122 -0.032 -0.101]
                          [+0.051 +0.004 +0.037 -0.078 +0.565 -0.105 -0.181 +0.046 -0.118]
                          [-0.027 -0.030 +0.051 +0.035 -0.105 +0.707 +0.019 +0.133 +0.024]
                          [-0.038 -0.068 -0.041 +0.122 -0.181 +0.019 +0.585 -0.044 +0.016]
                          [-0.066 +0.036 -0.094 -0.032 +0.046 +0.133 -0.044 +0.570 -0.159]
                          [-0.165 -0.083 +0.096 -0.101 -0.118 +0.024 +0.016 -0.159 +0.665]]

=================== Parameters of the QLSA ==================
Num of ancillae qubits:  5
Expansion order:         1
Num of time slices:      1
Is simulator:            True

==================== Results of the QLSA ====================
Quantum solution:        [+1.824 +1.629 +0.968 +2.288 +2.192 -0.187 +0.710 +3.018 +2.779]
Exact solution:          [+2.171 +1.833 +1.157 +2.578 +2.474 -0.182 +0.831 +3.392 +3.409]

Norm of difference:      9.55e-01
Infeasibility error:     3.12e-01
Is sign changed:         False
Probability:             4.43e-02
Time (s):                5.14e+01

Circuit depth:           447
Circuit width:           12
=============================================================
