[F[K 
================= Linear system Information =================
Norm of RHS vector:      2.00e+00
Condition number:        4.00e+00
Minimum eigenvalue:      +2.50e-01

RHS vector transpose:    [+0.202 +1.212 +0.808 +0.404 +0.808 +1.010]

Coffcient matrix:        [[+0.690 -0.033 -0.126 -0.006 -0.064 +0.088]
                          [-0.033 +0.746 -0.084 -0.156 +0.079 -0.093]
                          [-0.126 -0.084 +0.547 -0.002 +0.042 -0.233]
                          [-0.006 -0.156 -0.002 +0.688 +0.085 +0.183]
                          [-0.064 +0.079 +0.042 +0.085 +0.544 -0.056]
                          [+0.088 -0.093 -0.233 +0.183 -0.056 +0.534]]

=================== Parameters of the QLSA ==================
Num of ancillae qubits:  5
Expansion order:         1
Num of time slices:      1
Is simulator:            True

==================== Results of the QLSA ====================
Quantum solution:        [+0.667 +2.434 +3.640 -0.116 +1.355 +3.766]
Exact solution:          [+0.686 +2.384 +3.554 -0.063 +1.360 +3.904]

Norm of difference:      1.80e-01
Infeasibility error:     1.65e-01
Is sign changed:         False
Probability:             3.35e-02
Time (s):                1.16e+01

Circuit depth:           409
Circuit width:           11
=============================================================
