
================= Linear system Information =================
Norm of RHS vector:      2.00e+00
Condition number:        4.00e+00
Minimum eigenvalue:      +2.50e-01

RHS vector transpose:    [+0.205 +1.026 +0.205 +1.026 +0.616 +0.616 +0.821 +0.616]

Coffcient matrix:        [[+0.352 +0.135 -0.130 +0.008 +0.099 -0.084 +0.005 +0.016]
                          [+0.135 +0.716 -0.087 -0.102 -0.015 -0.150 -0.032 -0.043]
                          [-0.130 -0.087 +0.674 +0.004 +0.031 +0.031 -0.064 -0.046]
                          [+0.008 -0.102 +0.004 +0.693 +0.058 -0.007 -0.228 -0.061]
                          [+0.099 -0.015 +0.031 +0.058 +0.705 -0.066 +0.047 -0.061]
                          [-0.084 -0.150 +0.031 -0.007 -0.066 +0.648 -0.037 +0.101]
                          [+0.005 -0.032 -0.064 -0.228 +0.047 -0.037 +0.680 -0.039]
                          [+0.016 -0.043 -0.046 -0.061 -0.061 +0.101 -0.039 +0.533]]

=================== Parameters of the QLSA ==================
Num of ancillae qubits:  5
Expansion order:         1
Num of time slices:      1
Is simulator:            True

==================== Results of the QLSA ====================
Quantum solution:        [-0.000 +2.528 +0.815 +2.657 +0.802 +1.471 +2.421 +1.677]
Exact solution:          [-0.122 +2.482 +0.832 +2.748 +0.802 +1.448 +2.449 +1.743]

Norm of difference:      1.76e-01
Infeasibility error:     1.02e-01
Is sign changed:         False
Probability:             2.38e-02
Time (s):                1.05e+01

Circuit depth:           409
Circuit width:           11
=============================================================
