[F[K 
================= Linear system Information =================
Norm of RHS vector:      2.00e+00
Condition number:        4.00e+00
Minimum eigenvalue:      +2.50e-01

RHS vector transpose:    [+0.800 +0.200 +0.800 +0.400 +1.000 +0.000 +1.000 +0.600 +0.400]

Coffcient matrix:        [[+0.534 -0.139 +0.014 +0.174 -0.068 -0.008 -0.036 +0.179 -0.124]
                          [-0.139 +0.660 +0.118 -0.044 -0.104 +0.030 -0.062 -0.116 -0.107]
                          [+0.014 +0.118 +0.524 -0.005 -0.156 -0.006 -0.118 -0.030 -0.077]
                          [+0.174 -0.044 -0.005 +0.620 +0.002 -0.009 -0.130 -0.032 +0.035]
                          [-0.068 -0.104 -0.156 +0.002 +0.669 +0.053 -0.013 +0.063 -0.081]
                          [-0.008 +0.030 -0.006 -0.009 +0.053 +0.647 +0.008 -0.003 +0.002]
                          [-0.036 -0.062 -0.118 -0.130 -0.013 +0.008 +0.623 +0.012 +0.015]
                          [+0.179 -0.116 -0.030 -0.032 +0.063 -0.003 +0.012 +0.670 -0.109]
                          [-0.124 -0.107 -0.077 +0.035 -0.081 +0.002 +0.015 -0.109 +0.678]]

=================== Parameters of the QLSA ==================
Num of ancillae qubits:  5
Expansion order:         1
Num of time slices:      1
Is simulator:            True

==================== Results of the QLSA ====================
Quantum solution:        [+2.049 +1.324 +2.612 +0.513 +2.515 -0.269 +2.282 +0.579 +1.527]
Exact solution:          [+2.395 +1.474 +2.896 +0.545 +2.889 -0.281 +2.560 +0.670 +1.964]

Norm of difference:      8.00e-01
Infeasibility error:     2.91e-01
Is sign changed:         False
Probability:             3.31e-02
Time (s):                5.32e+01

Circuit depth:           424
Circuit width:           12
=============================================================
