[F[K 
================= Linear system Information =================
Norm of RHS vector:      2.00e+00
Condition number:        4.00e+00
Minimum eigenvalue:      +2.50e-01

RHS vector transpose:    [+0.619 +1.031 +1.031 +0.206 +0.825 +0.619 +0.619]

Coffcient matrix:        [[+0.700 +0.187 +0.045 +0.087 +0.004 -0.004 -0.109]
                          [+0.187 +0.601 -0.072 +0.039 +0.073 +0.016 +0.006]
                          [+0.045 -0.072 +0.594 -0.110 -0.121 +0.033 +0.048]
                          [+0.087 +0.039 -0.110 +0.564 -0.126 +0.055 -0.197]
                          [+0.004 +0.073 -0.121 -0.126 +0.609 -0.188 -0.128]
                          [-0.004 +0.016 +0.033 +0.055 -0.188 +0.602 -0.034]
                          [-0.109 +0.006 +0.048 -0.197 -0.128 -0.034 +0.706]]

=================== Parameters of the QLSA ==================
Num of ancillae qubits:  5
Expansion order:         1
Num of time slices:      1
Is simulator:            True

==================== Results of the QLSA ====================
Quantum solution:        [+0.423 +1.352 +2.580 +1.928 +3.019 +1.800 +1.782]
Exact solution:          [+0.416 +1.339 +2.581 +1.886 +3.029 +1.732 +1.912]

Norm of difference:      1.53e-01
Infeasibility error:     1.29e-01
Is sign changed:         False
Probability:             2.70e-02
Time (s):                9.87e+00

Circuit depth:           409
Circuit width:           11
=============================================================
