[F[K 
================= Linear system Information =================
Norm of RHS vector:      2.00e+00
Condition number:        4.00e+00
Minimum eigenvalue:      +2.50e-01

RHS vector transpose:    [+0.390 +0.390 +1.171 +1.171 +0.976 +0.000]

Coffcient matrix:        [[+0.532 -0.056 -0.104 +0.064 +0.051 -0.190]
                          [-0.056 +0.604 +0.109 -0.039 -0.093 -0.192]
                          [-0.104 +0.109 +0.772 -0.182 +0.018 +0.006]
                          [+0.064 -0.039 -0.182 +0.574 +0.149 +0.085]
                          [+0.051 -0.093 +0.018 +0.149 +0.631 -0.039]
                          [-0.190 -0.192 +0.006 +0.085 -0.039 +0.636]]

=================== Parameters of the QLSA ==================
Num of ancillae qubits:  5
Expansion order:         1
Num of time slices:      1
Is simulator:            True

==================== Results of the QLSA ====================
Quantum solution:        [+0.706 +0.546 +1.670 +1.964 +0.826 +0.165]
Exact solution:          [+0.919 +0.733 +2.066 +2.356 +0.979 +0.221]

Norm of difference:      6.46e-01
Infeasibility error:     3.63e-01
Is sign changed:         False
Probability:             1.26e-02
Time (s):                1.02e+01

Circuit depth:           409
Circuit width:           11
=============================================================
