
================= Linear system Information =================
Norm of RHS vector:      2.00e+00
Condition number:        4.00e+00
Minimum eigenvalue:      +2.50e-01

RHS vector transpose:    [+0.788 +0.394 +0.788 +0.197 +0.985 +0.394 +1.182 +0.197]

Coffcient matrix:        [[+0.773 -0.063 +0.016 +0.123 -0.027 +0.042 -0.047 -0.104]
                          [-0.063 +0.656 +0.014 +0.023 +0.101 +0.104 -0.074 +0.052]
                          [+0.016 +0.014 +0.400 -0.076 -0.027 +0.030 +0.050 +0.121]
                          [+0.123 +0.023 -0.076 +0.648 +0.054 +0.018 -0.067 -0.038]
                          [-0.027 +0.101 -0.027 +0.054 +0.678 -0.050 -0.209 -0.101]
                          [+0.042 +0.104 +0.030 +0.018 -0.050 +0.599 +0.140 +0.059]
                          [-0.047 -0.074 +0.050 -0.067 -0.209 +0.140 +0.471 -0.035]
                          [-0.104 +0.052 +0.121 -0.038 -0.101 +0.059 -0.035 +0.774]]

=================== Parameters of the QLSA ==================
Num of ancillae qubits:  5
Expansion order:         1
Num of time slices:      1
Is simulator:            True

==================== Results of the QLSA ====================
Quantum solution:        [+1.527 +0.767 +1.278 +0.414 +2.842 -0.444 +4.028 +0.785]
Exact solution:          [+1.455 +0.746 +1.437 +0.423 +2.768 -0.463 +4.107 +0.778]

Norm of difference:      2.08e-01
Infeasibility error:     1.32e-01
Is sign changed:         False
Probability:             2.97e-02
Time (s):                1.03e+01

Circuit depth:           409
Circuit width:           11
=============================================================
