[F[K 
================= Linear system Information =================
Norm of RHS vector:      2.00e+00
Condition number:        4.00e+00
Minimum eigenvalue:      +2.50e-01

RHS vector transpose:    [+0.199 +0.995 +0.796 +0.597 +0.597 +0.796 +0.995]

Coffcient matrix:        [[+0.414 +0.032 +0.013 +0.048 +0.006 -0.064 -0.154]
                          [+0.032 +0.716 -0.045 +0.052 +0.040 -0.103 -0.056]
                          [+0.013 -0.045 +0.591 +0.082 -0.131 +0.003 -0.153]
                          [+0.048 +0.052 +0.082 +0.712 -0.103 +0.084 +0.031]
                          [+0.006 +0.040 -0.131 -0.103 +0.669 +0.093 -0.033]
                          [-0.064 -0.103 +0.003 +0.084 +0.093 +0.696 +0.237]
                          [-0.154 -0.056 -0.153 +0.031 -0.033 +0.237 +0.577]]

=================== Parameters of the QLSA ==================
Num of ancillae qubits:  5
Expansion order:         1
Num of time slices:      1
Is simulator:            True

==================== Results of the QLSA ====================
Quantum solution:        [+1.324 +1.694 +2.458 +0.452 +1.371 +0.269 +2.744]
Exact solution:          [+1.300 +1.638 +2.431 +0.400 +1.417 +0.300 +2.811]

Norm of difference:      1.22e-01
Infeasibility error:     1.11e-01
Is sign changed:         False
Probability:             1.93e-02
Time (s):                1.01e+01

Circuit depth:           409
Circuit width:           11
=============================================================
