[F[K 
================= Linear system Information =================
Norm of RHS vector:      2.00e+00
Condition number:        4.00e+00
Minimum eigenvalue:      +2.50e-01

RHS vector transpose:    [+0.967 +0.580 +0.580 +0.387 +0.580 +0.580 +0.967 +0.387 +0.580 +0.387]

Coffcient matrix:        [[+0.593 -0.062 +0.125 -0.038 +0.084 -0.076 -0.030 +0.082 +0.046 +0.024]
                          [-0.062 +0.642 +0.061 -0.020 -0.067 -0.038 +0.165 +0.037 -0.104 +0.070]
                          [+0.125 +0.061 +0.608 -0.013 -0.075 -0.132 +0.073 -0.010 +0.101 -0.031]
                          [-0.038 -0.020 -0.013 +0.749 -0.083 -0.043 +0.051 -0.020 +0.007 -0.052]
                          [+0.084 -0.067 -0.075 -0.083 +0.730 -0.044 -0.061 -0.061 -0.068 -0.018]
                          [-0.076 -0.038 -0.132 -0.043 -0.044 +0.710 +0.000 -0.035 -0.020 +0.049]
                          [-0.030 +0.165 +0.073 +0.051 -0.061 +0.000 +0.544 +0.157 +0.015 +0.012]
                          [+0.082 +0.037 -0.010 -0.020 -0.061 -0.035 +0.157 +0.537 +0.143 -0.126]
                          [+0.046 -0.104 +0.101 +0.007 -0.068 -0.020 +0.015 +0.143 +0.483 -0.138]
                          [+0.024 +0.070 -0.031 -0.052 -0.018 +0.049 +0.012 -0.126 -0.138 +0.653]]

=================== Parameters of the QLSA ==================
Num of ancillae qubits:  5
Expansion order:         1
Num of time slices:      1
Is simulator:            True

==================== Results of the QLSA ====================
Quantum solution:        [+1.564 +0.973 +0.613 +0.805 +1.233 +1.280 +1.462 +0.091 +1.410 +0.791]
Exact solution:          [+1.581 +1.012 +0.576 +0.777 +1.215 +1.264 +1.483 +0.007 +1.524 +0.750]

Norm of difference:      1.63e-01
Infeasibility error:     5.79e-02
Is sign changed:         False
Probability:             1.24e-02
Time (s):                5.74e+01

Circuit depth:           424
Circuit width:           12
=============================================================
