[F[K 
================= Linear system Information =================
Norm of RHS vector:      2.00e+00
Condition number:        4.00e+00
Minimum eigenvalue:      +2.50e-01

RHS vector transpose:    [+0.406 +1.218 +1.218 +0.203 +0.812 +0.406]

Coffcient matrix:        [[+0.507 -0.007 +0.077 -0.051 +0.157 -0.041]
                          [-0.007 +0.593 +0.022 +0.281 -0.124 -0.015]
                          [+0.077 +0.022 +0.696 -0.091 -0.062 -0.110]
                          [-0.051 +0.281 -0.091 +0.603 -0.014 +0.165]
                          [+0.157 -0.124 -0.062 -0.014 +0.725 -0.003]
                          [-0.041 -0.015 -0.110 +0.165 -0.003 +0.626]]

=================== Parameters of the QLSA ==================
Num of ancillae qubits:  5
Expansion order:         1
Num of time slices:      1
Is simulator:            True

==================== Results of the QLSA ====================
Quantum solution:        [+0.013 +2.845 +1.918 -0.979 +1.740 +1.180]
Exact solution:          [+0.010 +2.886 +1.888 -1.047 +1.760 +1.335]

Norm of difference:      1.77e-01
Infeasibility error:     9.48e-02
Is sign changed:         False
Probability:             1.67e-02
Time (s):                1.02e+01

Circuit depth:           409
Circuit width:           11
=============================================================
