[F[K 
================= Linear system Information =================
Norm of RHS vector:      2.00e+00
Condition number:        4.00e+00
Minimum eigenvalue:      +2.50e-01

RHS vector transpose:    [+0.821 +0.410 +0.616 +0.821 +0.616 +0.821 -0.000 +0.821 +0.616]

Coffcient matrix:        [[+0.747 +0.082 +0.014 +0.004 +0.114 -0.042 +0.007 -0.126 +0.066]
                          [+0.082 +0.716 +0.046 +0.009 +0.089 +0.090 -0.059 +0.163 -0.075]
                          [+0.014 +0.046 +0.579 -0.104 -0.057 -0.117 +0.025 -0.074 -0.052]
                          [+0.004 +0.009 -0.104 +0.659 -0.152 +0.135 -0.049 +0.099 +0.042]
                          [+0.114 +0.089 -0.057 -0.152 +0.572 +0.021 -0.046 -0.027 -0.031]
                          [-0.042 +0.090 -0.117 +0.135 +0.021 +0.668 +0.008 -0.062 -0.151]
                          [+0.007 -0.059 +0.025 -0.049 -0.046 +0.008 +0.503 -0.009 -0.033]
                          [-0.126 +0.163 -0.074 +0.099 -0.027 -0.062 -0.009 +0.644 -0.130]
                          [+0.066 -0.075 -0.052 +0.042 -0.031 -0.151 -0.033 -0.130 +0.537]]

=================== Parameters of the QLSA ==================
Num of ancillae qubits:  5
Expansion order:         1
Num of time slices:      1
Is simulator:            True

==================== Results of the QLSA ====================
Quantum solution:        [+1.027 -0.400 +2.071 +0.855 +1.417 +2.051 +0.196 +2.263 +2.051]
Exact solution:          [+1.205 -0.535 +2.425 +0.990 +1.612 +2.341 +0.221 +2.565 +2.466]

Norm of difference:      7.61e-01
Infeasibility error:     2.66e-01
Is sign changed:         False
Probability:             2.91e-02
Time (s):                5.21e+01

Circuit depth:           447
Circuit width:           12
=============================================================
