
================= Linear system Information =================
Norm of RHS vector:      2.00e+00
Condition number:        4.00e+00
Minimum eigenvalue:      +2.50e-01

RHS vector transpose:    [+0.000 +0.591 +1.182 +0.591 +0.985 +0.394 +0.788 +0.394]

Coffcient matrix:        [[+0.625 -0.170 +0.056 -0.051 +0.170 -0.196 -0.012 -0.173]
                          [-0.170 +0.632 +0.024 +0.124 +0.025 +0.004 -0.006 -0.062]
                          [+0.056 +0.024 +0.762 +0.069 -0.025 +0.088 +0.141 -0.010]
                          [-0.051 +0.124 +0.069 +0.542 +0.073 +0.037 -0.090 -0.006]
                          [+0.170 +0.025 -0.025 +0.073 +0.610 -0.107 -0.021 +0.030]
                          [-0.196 +0.004 +0.088 +0.037 -0.107 +0.537 +0.089 +0.029]
                          [-0.012 -0.006 +0.141 -0.090 -0.021 +0.089 +0.644 -0.040]
                          [-0.173 -0.062 -0.010 -0.006 +0.030 +0.029 -0.040 +0.647]]

=================== Parameters of the QLSA ==================
Num of ancillae qubits:  5
Expansion order:         1
Num of time slices:      1
Is simulator:            True

==================== Results of the QLSA ====================
Quantum solution:        [+0.157 +0.833 +1.240 +0.681 +1.607 +0.626 +1.079 +0.696]
Exact solution:          [+0.134 +0.800 +1.245 +0.685 +1.625 +0.632 +1.066 +0.709]

Norm of difference:      4.83e-02
Infeasibility error:     2.71e-02
Is sign changed:         False
Probability:             7.55e-03
Time (s):                1.00e+01

Circuit depth:           409
Circuit width:           11
=============================================================
