[F[K 
================= Linear system Information =================
Norm of RHS vector:      2.00e+00
Condition number:        4.00e+00
Minimum eigenvalue:      +2.50e-01

RHS vector transpose:    [+0.812 -0.000 +0.406 +0.812 +0.406 +1.218 +0.203 +0.406 +0.812]

Coffcient matrix:        [[+0.553 +0.103 -0.029 -0.099 -0.053 +0.045 +0.062 -0.001 -0.161]
                          [+0.103 +0.526 +0.028 +0.029 -0.070 +0.049 +0.092 -0.165 +0.050]
                          [-0.029 +0.028 +0.752 -0.134 +0.059 +0.042 +0.060 -0.007 +0.054]
                          [-0.099 +0.029 -0.134 +0.666 -0.052 +0.010 +0.060 -0.023 -0.055]
                          [-0.053 -0.070 +0.059 -0.052 +0.677 +0.107 -0.132 +0.114 -0.036]
                          [+0.045 +0.049 +0.042 +0.010 +0.107 +0.746 +0.112 +0.025 -0.014]
                          [+0.062 +0.092 +0.060 +0.060 -0.132 +0.112 +0.487 -0.058 +0.032]
                          [-0.001 -0.165 -0.007 -0.023 +0.114 +0.025 -0.058 +0.756 -0.057]
                          [-0.161 +0.050 +0.054 -0.055 -0.036 -0.014 +0.032 -0.057 +0.462]]

=================== Parameters of the QLSA ==================
Num of ancillae qubits:  5
Expansion order:         1
Num of time slices:      1
Is simulator:            True

==================== Results of the QLSA ====================
Quantum solution:        [+2.577 -0.785 +0.606 +2.014 +0.570 +1.302 -0.464 +0.460 +2.828]
Exact solution:          [+3.024 -0.880 +0.762 +2.219 +0.611 +1.465 -0.492 +0.492 +3.271]

Norm of difference:      7.08e-01
Infeasibility error:     2.68e-01
Is sign changed:         False
Probability:             2.77e-02
Time (s):                5.89e+01

Circuit depth:           447
Circuit width:           12
=============================================================
