[F[K 
================= Linear system Information =================
Norm of RHS vector:      2.00e+00
Condition number:        4.00e+00
Minimum eigenvalue:      +2.50e-01

RHS vector transpose:    [+1.021 +0.816 +0.000 +1.021 +0.204 +1.021 +0.408]

Coffcient matrix:        [[+0.700 +0.150 -0.053 -0.046 -0.003 -0.014 +0.047]
                          [+0.150 +0.691 +0.117 -0.049 +0.058 +0.048 +0.133]
                          [-0.053 +0.117 +0.488 -0.102 -0.186 +0.139 -0.045]
                          [-0.046 -0.049 -0.102 +0.504 +0.003 -0.058 +0.055]
                          [-0.003 +0.058 -0.186 +0.003 +0.715 -0.026 +0.061]
                          [-0.014 +0.048 +0.139 -0.058 -0.026 +0.476 +0.140]
                          [+0.047 +0.133 -0.045 +0.055 +0.061 +0.140 +0.802]]

=================== Parameters of the QLSA ==================
Num of ancillae qubits:  5
Expansion order:         1
Num of time slices:      1
Is simulator:            True

==================== Results of the QLSA ====================
Quantum solution:        [+1.239 +0.766 -0.158 +2.153 +0.315 +2.149 -0.253]
Exact solution:          [+1.486 +0.948 -0.204 +2.552 +0.278 +2.599 -0.395]

Norm of difference:      6.93e-01
Infeasibility error:     3.19e-01
Is sign changed:         False
Probability:             1.70e-02
Time (s):                1.00e+01

Circuit depth:           409
Circuit width:           11
=============================================================
