[F[K 
================= Linear system Information =================
Norm of RHS vector:      2.00e+00
Condition number:        4.00e+00
Minimum eigenvalue:      +2.50e-01

RHS vector transpose:    [+0.201 +1.005 +0.201 +1.005 +0.603 +0.603 +0.804 +0.603 +0.402]

Coffcient matrix:        [[+0.568 -0.014 -0.065 +0.002 -0.095 +0.043 -0.069 +0.041 -0.013]
                          [-0.014 +0.664 -0.126 +0.037 -0.062 +0.196 +0.030 +0.080 +0.003]
                          [-0.065 -0.126 +0.765 +0.075 +0.042 +0.028 -0.004 +0.112 -0.009]
                          [+0.002 +0.037 +0.075 +0.650 -0.030 +0.020 -0.188 +0.016 +0.011]
                          [-0.095 -0.062 +0.042 -0.030 +0.560 -0.138 +0.155 -0.010 +0.018]
                          [+0.043 +0.196 +0.028 +0.020 -0.138 +0.554 -0.108 +0.074 +0.083]
                          [-0.069 +0.030 -0.004 -0.188 +0.155 -0.108 +0.457 -0.018 -0.040]
                          [+0.041 +0.080 +0.112 +0.016 -0.010 +0.074 -0.018 +0.691 -0.101]
                          [-0.013 +0.003 -0.009 +0.011 +0.018 +0.083 -0.040 -0.101 +0.715]]

=================== Parameters of the QLSA ==================
Num of ancillae qubits:  5
Expansion order:         1
Num of time slices:      1
Is simulator:            True

==================== Results of the QLSA ====================
Quantum solution:        [+0.701 +0.908 +0.101 +2.239 +0.968 +1.235 +2.785 +0.731 +0.636]
Exact solution:          [+0.747 +0.939 +0.080 +2.269 +0.939 +1.203 +2.794 +0.702 +0.632]

Norm of difference:      8.49e-02
Infeasibility error:     5.28e-02
Is sign changed:         False
Probability:             1.78e-02
Time (s):                5.62e+01

Circuit depth:           424
Circuit width:           12
=============================================================
