[F[K 
================= Linear system Information =================
Norm of RHS vector:      2.00e+00
Condition number:        4.00e+00
Minimum eigenvalue:      +2.50e-01

RHS vector transpose:    [+1.015 +0.609 +0.203 +0.609 +0.812 +0.812 +0.203 +0.812 +0.406]

Coffcient matrix:        [[+0.695 -0.154 -0.074 +0.073 -0.035 +0.065 +0.004 -0.115 +0.105]
                          [-0.154 +0.635 +0.124 -0.022 +0.004 +0.020 -0.001 -0.092 +0.029]
                          [-0.074 +0.124 +0.577 +0.063 +0.057 +0.181 -0.122 -0.045 +0.045]
                          [+0.073 -0.022 +0.063 +0.696 +0.120 +0.051 -0.021 -0.069 -0.004]
                          [-0.035 +0.004 +0.057 +0.120 +0.575 +0.086 +0.051 -0.073 -0.064]
                          [+0.065 +0.020 +0.181 +0.051 +0.086 +0.592 +0.127 -0.142 +0.093]
                          [+0.004 -0.001 -0.122 -0.021 +0.051 +0.127 +0.716 +0.006 -0.059]
                          [-0.115 -0.092 -0.045 -0.069 -0.073 -0.142 +0.006 +0.600 +0.092]
                          [+0.105 +0.029 +0.045 -0.004 -0.064 +0.093 -0.059 +0.092 +0.538]]

=================== Parameters of the QLSA ==================
Num of ancillae qubits:  5
Expansion order:         1
Num of time slices:      1
Is simulator:            True

==================== Results of the QLSA ====================
Quantum solution:        [+2.129 +1.960 -0.371 +0.613 +1.486 +1.704 -0.200 +2.815 -0.274]
Exact solution:          [+2.222 +1.931 -0.316 +0.612 +1.523 +1.650 -0.214 +2.753 -0.355]

Norm of difference:      1.66e-01
Infeasibility error:     1.01e-01
Is sign changed:         False
Probability:             2.06e-02
Time (s):                5.30e+01

Circuit depth:           424
Circuit width:           12
=============================================================
