[F[K 
================= Linear system Information =================
Norm of RHS vector:      2.00e+00
Condition number:        4.00e+00
Minimum eigenvalue:      +2.50e-01

RHS vector transpose:    [+0.636 -0.000 +0.848 +0.636 +0.636 +0.636 +0.424 +1.060 +0.424 +0.424]

Coffcient matrix:        [[+0.688 +0.022 -0.062 +0.002 +0.080 +0.091 +0.032 +0.070 -0.065 -0.072]
                          [+0.022 +0.493 +0.051 -0.020 -0.079 -0.026 -0.042 +0.177 -0.001 -0.055]
                          [-0.062 +0.051 +0.625 +0.009 +0.076 -0.066 -0.046 +0.041 +0.120 -0.084]
                          [+0.002 -0.020 +0.009 +0.805 +0.075 +0.071 +0.045 +0.070 -0.022 -0.057]
                          [+0.080 -0.079 +0.076 +0.075 +0.636 +0.063 +0.122 -0.102 -0.048 +0.059]
                          [+0.091 -0.026 -0.066 +0.071 +0.063 +0.623 +0.070 -0.138 +0.019 +0.119]
                          [+0.032 -0.042 -0.046 +0.045 +0.122 +0.070 +0.610 -0.017 +0.129 -0.106]
                          [+0.070 +0.177 +0.041 +0.070 -0.102 -0.138 -0.017 +0.604 +0.019 -0.047]
                          [-0.065 -0.001 +0.120 -0.022 -0.048 +0.019 +0.129 +0.019 +0.654 -0.105]
                          [-0.072 -0.055 -0.084 -0.057 +0.059 +0.119 -0.106 -0.047 -0.105 +0.512]]

=================== Parameters of the QLSA ==================
Num of ancillae qubits:  5
Expansion order:         1
Num of time slices:      1
Is simulator:            True

==================== Results of the QLSA ====================
Quantum solution:        [+0.701 -0.440 +1.330 +0.460 +0.533 +0.939 +0.530 +1.898 +0.450 +1.020]
Exact solution:          [+0.801 -0.577 +1.493 +0.490 +0.630 +1.057 +0.617 +2.123 +0.507 +1.286]

Norm of difference:      4.60e-01
Infeasibility error:     2.44e-01
Is sign changed:         False
Probability:             1.20e-02
Time (s):                5.61e+01

Circuit depth:           447
Circuit width:           12
=============================================================
