[F[K 
================= Linear system Information =================
Norm of RHS vector:      2.00e+00
Condition number:        4.00e+00
Minimum eigenvalue:      +2.50e-01

RHS vector transpose:    [+1.010 +0.808 +0.808 +0.202 +0.202 +1.010 +0.404 +0.606 +0.202]

Coffcient matrix:        [[+0.726 +0.030 -0.151 -0.056 +0.006 +0.002 +0.061 +0.076 +0.057]
                          [+0.030 +0.598 -0.025 -0.092 +0.080 +0.011 -0.098 -0.039 -0.102]
                          [-0.151 -0.025 +0.581 +0.178 +0.027 -0.063 -0.006 +0.023 +0.019]
                          [-0.056 -0.092 +0.178 +0.565 +0.021 -0.160 +0.028 +0.099 +0.023]
                          [+0.006 +0.080 +0.027 +0.021 +0.619 -0.046 +0.137 +0.214 +0.004]
                          [+0.002 +0.011 -0.063 -0.160 -0.046 +0.596 -0.073 -0.063 +0.093]
                          [+0.061 -0.098 -0.006 +0.028 +0.137 -0.073 +0.543 -0.090 -0.007]
                          [+0.076 -0.039 +0.023 +0.099 +0.214 -0.063 -0.090 +0.688 +0.047]
                          [+0.057 -0.102 +0.019 +0.023 +0.004 +0.093 -0.007 +0.047 +0.710]]

=================== Parameters of the QLSA ==================
Num of ancillae qubits:  5
Expansion order:         1
Num of time slices:      1
Is simulator:            True

==================== Results of the QLSA ====================
Quantum solution:        [+1.518 +1.827 +1.874 +0.563 -0.634 +2.283 +1.569 +1.284 +0.025]
Exact solution:          [+1.493 +1.837 +1.932 +0.563 -0.657 +2.297 +1.592 +1.296 -0.005]

Norm of difference:      8.02e-02
Infeasibility error:     5.10e-02
Is sign changed:         False
Probability:             1.97e-02
Time (s):                5.30e+01

Circuit depth:           424
Circuit width:           12
=============================================================
