[F[K 
================= Linear system Information =================
Norm of RHS vector:      2.00e+00
Condition number:        4.00e+00
Minimum eigenvalue:      +2.50e-01

RHS vector transpose:    [+0.985 +0.591 +0.591 +0.394 +0.591 +0.591 +0.985 +0.394 +0.591]

Coffcient matrix:        [[+0.449 -0.119 +0.007 -0.072 -0.003 -0.085 +0.089 -0.107 +0.015]
                          [-0.119 +0.682 -0.067 -0.031 +0.099 +0.044 -0.010 +0.005 +0.044]
                          [+0.007 -0.067 +0.583 +0.112 -0.254 -0.000 +0.046 +0.081 -0.072]
                          [-0.072 -0.031 +0.112 +0.720 -0.027 +0.040 -0.063 +0.071 +0.007]
                          [-0.003 +0.099 -0.254 -0.027 +0.655 +0.002 -0.078 +0.017 -0.070]
                          [-0.085 +0.044 -0.000 +0.040 +0.002 +0.703 -0.033 +0.002 +0.172]
                          [+0.089 -0.010 +0.046 -0.063 -0.078 -0.033 +0.620 +0.111 +0.106]
                          [-0.107 +0.005 +0.081 +0.071 +0.017 +0.002 +0.111 +0.633 +0.056]
                          [+0.015 +0.044 -0.072 +0.007 -0.070 +0.172 +0.106 +0.056 +0.581]]

=================== Parameters of the QLSA ==================
Num of ancillae qubits:  5
Expansion order:         1
Num of time slices:      1
Is simulator:            True

==================== Results of the QLSA ====================
Quantum solution:        [+2.608 +1.233 +1.500 +0.727 +1.491 +1.015 +1.270 +0.485 +0.587]
Exact solution:          [+2.621 +1.191 +1.608 +0.676 +1.591 +0.932 +1.233 +0.449 +0.698]

Norm of difference:      2.19e-01
Infeasibility error:     8.00e-02
Is sign changed:         False
Probability:             1.69e-02
Time (s):                5.87e+01

Circuit depth:           424
Circuit width:           12
=============================================================
