[F[K 
================= Linear system Information =================
Norm of RHS vector:      2.00e+00
Condition number:        4.00e+00
Minimum eigenvalue:      +2.50e-01

RHS vector transpose:    [+1.177 +0.392 +0.981 -0.000 +0.196 +0.784 +0.588 +0.588 +0.392]

Coffcient matrix:        [[+0.672 +0.071 +0.092 +0.068 +0.012 +0.018 -0.117 +0.084 -0.052]
                          [+0.071 +0.628 +0.055 -0.012 +0.081 -0.049 -0.183 -0.066 -0.041]
                          [+0.092 +0.055 +0.624 +0.017 +0.134 -0.107 +0.001 -0.051 -0.085]
                          [+0.068 -0.012 +0.017 +0.656 -0.030 +0.120 -0.043 +0.077 -0.057]
                          [+0.012 +0.081 +0.134 -0.030 +0.650 +0.056 -0.060 +0.177 +0.044]
                          [+0.018 -0.049 -0.107 +0.120 +0.056 +0.589 -0.028 +0.064 -0.056]
                          [-0.117 -0.183 +0.001 -0.043 -0.060 -0.028 +0.671 -0.016 -0.031]
                          [+0.084 -0.066 -0.051 +0.077 +0.177 +0.064 -0.016 +0.548 +0.219]
                          [-0.052 -0.041 -0.085 -0.057 +0.044 -0.056 -0.031 +0.219 +0.586]]

=================== Parameters of the QLSA ==================
Num of ancillae qubits:  5
Expansion order:         1
Num of time slices:      1
Is simulator:            True

==================== Results of the QLSA ====================
Quantum solution:        [+1.410 +0.962 +1.711 -0.433 -0.528 +1.719 +1.348 +0.752 +0.892]
Exact solution:          [+1.642 +1.086 +1.929 -0.477 -0.590 +1.978 +1.526 +0.742 +1.159]

Norm of difference:      5.41e-01
Infeasibility error:     2.48e-01
Is sign changed:         False
Probability:             1.61e-02
Time (s):                5.61e+01

Circuit depth:           447
Circuit width:           12
=============================================================
