[F[K 
================= Linear system Information =================
Norm of RHS vector:      2.00e+00
Condition number:        4.00e+00
Minimum eigenvalue:      +2.50e-01

RHS vector transpose:    [+0.606 +0.202 +0.808 +0.808 +0.808 +0.404 +0.606 +0.606 +0.606 +0.606]

Coffcient matrix:        [[+0.737 -0.039 -0.110 +0.096 +0.042 -0.045 +0.060 -0.062 -0.032 +0.071]
                          [-0.039 +0.596 -0.047 -0.132 -0.010 +0.202 +0.049 +0.022 -0.049 +0.042]
                          [-0.110 -0.047 +0.607 -0.052 +0.071 +0.019 -0.004 -0.050 +0.069 +0.075]
                          [+0.096 -0.132 -0.052 +0.596 +0.032 -0.056 -0.015 +0.009 +0.111 +0.121]
                          [+0.042 -0.010 +0.071 +0.032 +0.632 +0.071 +0.021 -0.009 -0.191 +0.074]
                          [-0.045 +0.202 +0.019 -0.056 +0.071 +0.572 -0.058 -0.049 -0.094 -0.011]
                          [+0.060 +0.049 -0.004 -0.015 +0.021 -0.058 +0.669 +0.011 +0.042 +0.145]
                          [-0.062 +0.022 -0.050 +0.009 -0.009 -0.049 +0.011 +0.674 +0.123 +0.114]
                          [-0.032 -0.049 +0.069 +0.111 -0.191 -0.094 +0.042 +0.123 +0.603 -0.010]
                          [+0.071 +0.042 +0.075 +0.121 +0.074 -0.011 +0.145 +0.114 -0.010 +0.563]]

=================== Parameters of the QLSA ==================
Num of ancillae qubits:  5
Expansion order:         1
Num of time slices:      1
Is simulator:            True

==================== Results of the QLSA ====================
Quantum solution:        [+0.935 +0.531 +1.497 +1.387 +1.077 +0.793 +0.842 +1.000 +0.810 -0.048]
Exact solution:          [+0.950 +0.525 +1.482 +1.313 +1.179 +0.846 +0.799 +0.970 +0.938 -0.086]

Norm of difference:      2.00e-01
Infeasibility error:     8.47e-02
Is sign changed:         False
Probability:             1.05e-02
Time (s):                5.22e+01

Circuit depth:           424
Circuit width:           12
=============================================================
