[F[K 
================= Linear system Information =================
Norm of RHS vector:      2.00e+00
Condition number:        4.00e+00
Minimum eigenvalue:      +2.50e-01

RHS vector transpose:    [+0.804 +0.804 +1.206 +0.201 +1.005 +0.402 +0.201]

Coffcient matrix:        [[+0.661 +0.050 +0.162 -0.020 +0.006 +0.000 -0.047]
                          [+0.050 +0.522 +0.081 +0.091 -0.047 +0.128 +0.175]
                          [+0.162 +0.081 +0.678 -0.056 +0.017 -0.072 +0.052]
                          [-0.020 +0.091 -0.056 +0.761 +0.081 +0.048 +0.081]
                          [+0.006 -0.047 +0.017 +0.081 +0.472 +0.034 -0.194]
                          [+0.000 +0.128 -0.072 +0.048 +0.034 +0.680 +0.166]
                          [-0.047 +0.175 +0.052 +0.081 -0.194 +0.166 +0.602]]

=================== Parameters of the QLSA ==================
Num of ancillae qubits:  5
Expansion order:         1
Num of time slices:      1
Is simulator:            True

==================== Results of the QLSA ====================
Quantum solution:        [+0.802 +1.325 +1.323 -0.146 +2.433 +0.202 +0.626]
Exact solution:          [+0.820 +1.210 +1.337 -0.111 +2.474 +0.223 +0.683]

Norm of difference:      1.43e-01
Infeasibility error:     5.59e-02
Is sign changed:         False
Probability:             1.05e-02
Time (s):                9.73e+00

Circuit depth:           409
Circuit width:           11
=============================================================
