[F[K 
================= Linear system Information =================
Norm of RHS vector:      2.00e+00
Condition number:        4.00e+00
Minimum eigenvalue:      +2.50e-01

RHS vector transpose:    [+0.792 +0.990 +0.990 +0.198 +0.198 +0.990 +0.594]

Coffcient matrix:        [[+0.627 -0.062 -0.128 +0.086 -0.047 +0.125 +0.037]
                          [-0.062 +0.782 +0.003 -0.103 +0.153 -0.126 -0.011]
                          [-0.128 +0.003 +0.632 -0.034 +0.028 +0.131 -0.009]
                          [+0.086 -0.103 -0.034 +0.601 +0.152 +0.142 -0.035]
                          [-0.047 +0.153 +0.028 +0.152 +0.496 +0.127 -0.142]
                          [+0.125 -0.126 +0.131 +0.142 +0.127 +0.643 -0.002]
                          [+0.037 -0.011 -0.009 -0.035 -0.142 -0.002 +0.594]]

=================== Parameters of the QLSA ==================
Num of ancillae qubits:  5
Expansion order:         1
Num of time slices:      1
Is simulator:            True

==================== Results of the QLSA ====================
Quantum solution:        [+1.356 +1.702 +1.590 +0.394 -0.347 +1.305 +0.920]
Exact solution:          [+1.396 +1.670 +1.625 +0.324 -0.221 +1.239 +0.941]

Norm of difference:      1.71e-01
Infeasibility error:     5.21e-02
Is sign changed:         False
Probability:             9.93e-03
Time (s):                1.02e+01

Circuit depth:           409
Circuit width:           11
=============================================================
