[F[K 
================= Linear system Information =================
Norm of RHS vector:      2.00e+00
Condition number:        4.00e+00
Minimum eigenvalue:      +2.50e-01

RHS vector transpose:    [+0.206 +0.619 +0.619 +0.825 +0.619 +1.031 +1.031]

Coffcient matrix:        [[+0.577 -0.031 -0.151 +0.044 -0.213 +0.000 +0.048]
                          [-0.031 +0.589 +0.015 +0.118 +0.128 -0.025 +0.126]
                          [-0.151 +0.015 +0.599 +0.102 +0.154 +0.046 +0.057]
                          [+0.044 +0.118 +0.102 +0.675 -0.165 -0.011 +0.078]
                          [-0.213 +0.128 +0.154 -0.165 +0.582 +0.102 -0.007]
                          [+0.000 -0.025 +0.046 -0.011 +0.102 +0.761 +0.026]
                          [+0.048 +0.126 +0.057 +0.078 -0.007 +0.026 +0.592]]

=================== Parameters of the QLSA ==================
Num of ancillae qubits:  5
Expansion order:         1
Num of time slices:      1
Is simulator:            True

==================== Results of the QLSA ====================
Quantum solution:        [+0.856 +0.358 +0.499 +1.241 +1.366 +1.126 +1.273]
Exact solution:          [+0.771 +0.295 +0.449 +1.237 +1.333 +1.130 +1.377]

Norm of difference:      1.60e-01
Infeasibility error:     6.53e-02
Is sign changed:         False
Probability:             7.41e-03
Time (s):                1.00e+01

Circuit depth:           409
Circuit width:           11
=============================================================
