[F[K 
================= Linear system Information =================
Norm of RHS vector:      2.00e+00
Condition number:        4.00e+00
Minimum eigenvalue:      +2.50e-01

RHS vector transpose:    [+0.194 +1.166 +0.389 +0.777 +0.000 +1.360]

Coffcient matrix:        [[+0.747 -0.045 -0.053 +0.012 +0.155 +0.078]
                          [-0.045 +0.733 -0.124 -0.206 -0.056 -0.100]
                          [-0.053 -0.124 +0.494 +0.103 +0.068 +0.066]
                          [+0.012 -0.206 +0.103 +0.622 +0.067 -0.199]
                          [+0.155 -0.056 +0.068 +0.067 +0.628 +0.028]
                          [+0.078 -0.100 +0.066 -0.199 +0.028 +0.528]]

=================== Parameters of the QLSA ==================
Num of ancillae qubits:  5
Expansion order:         1
Num of time slices:      1
Is simulator:            True

==================== Results of the QLSA ====================
Quantum solution:        [+0.083 +2.694 +0.338 +3.249 -0.347 +3.737]
Exact solution:          [+0.008 +3.317 +0.246 +3.833 -0.349 +4.642]

Norm of difference:      1.25e+00
Infeasibility error:     3.90e-01
Is sign changed:         False
Probability:             4.24e-02
Time (s):                1.02e+01

Circuit depth:           409
Circuit width:           11
=============================================================
