[F[K 
================= Linear system Information =================
Norm of RHS vector:      2.00e+00
Condition number:        4.00e+00
Minimum eigenvalue:      +2.50e-01

RHS vector transpose:    [+1.400 +0.400 -0.000 +0.600 +0.400 +1.000 +0.600]

Coffcient matrix:        [[+0.731 -0.106 -0.024 -0.017 +0.087 +0.004 +0.285]
                          [-0.106 +0.597 +0.109 +0.041 +0.053 +0.109 +0.032]
                          [-0.024 +0.109 +0.508 -0.045 +0.115 +0.042 -0.011]
                          [-0.017 +0.041 -0.045 +0.639 +0.091 -0.099 +0.098]
                          [+0.087 +0.053 +0.115 +0.091 +0.734 +0.077 +0.034]
                          [+0.004 +0.109 +0.042 -0.099 +0.077 +0.640 +0.111]
                          [+0.285 +0.032 -0.011 +0.098 +0.034 +0.111 +0.525]]

=================== Parameters of the QLSA ==================
Num of ancillae qubits:  5
Expansion order:         1
Num of time slices:      1
Is simulator:            True

==================== Results of the QLSA ====================
Quantum solution:        [+2.063 +0.600 -0.079 +1.176 -0.089 +1.428 -0.688]
Exact solution:          [+2.375 +0.737 -0.066 +1.369 -0.100 +1.792 -0.822]

Norm of difference:      5.52e-01
Infeasibility error:     3.19e-01
Is sign changed:         False
Probability:             1.39e-02
Time (s):                9.87e+00

Circuit depth:           418
Circuit width:           11
=============================================================
