[F[K 
================= Linear system Information =================
Norm of RHS vector:      2.00e+00
Condition number:        4.00e+00
Minimum eigenvalue:      +2.50e-01

RHS vector transpose:    [+1.021 +0.408 +0.816 +0.204 +0.408 +0.816 +0.204 +0.408 +1.021]

Coffcient matrix:        [[+0.649 +0.025 +0.016 -0.053 -0.042 +0.014 +0.043 +0.063 -0.166]
                          [+0.025 +0.696 -0.112 -0.014 -0.033 +0.046 -0.057 +0.137 +0.148]
                          [+0.016 -0.112 +0.560 -0.113 +0.037 -0.007 -0.040 -0.052 -0.110]
                          [-0.053 -0.014 -0.113 +0.695 +0.030 -0.009 +0.115 +0.005 -0.044]
                          [-0.042 -0.033 +0.037 +0.030 +0.683 -0.078 +0.128 -0.094 +0.045]
                          [+0.014 +0.046 -0.007 -0.009 -0.078 +0.740 -0.144 +0.037 -0.006]
                          [+0.043 -0.057 -0.040 +0.115 +0.128 -0.144 +0.445 -0.067 -0.089]
                          [+0.063 +0.137 -0.052 +0.005 -0.094 +0.037 -0.067 +0.586 -0.127]
                          [-0.166 +0.148 -0.110 -0.044 +0.045 -0.006 -0.089 -0.127 +0.570]]

=================== Parameters of the QLSA ==================
Num of ancillae qubits:  5
Expansion order:         1
Num of time slices:      1
Is simulator:            True

==================== Results of the QLSA ====================
Quantum solution:        [+2.255 -0.140 +2.581 +0.856 +0.425 +1.407 +1.556 +1.644 +3.475]
Exact solution:          [+2.238 -0.108 +2.496 +0.830 +0.416 +1.389 +1.528 +1.628 +3.598]

Norm of difference:      1.61e-01
Infeasibility error:     1.30e-01
Is sign changed:         False
Probability:             2.96e-02
Time (s):                5.79e+01

Circuit depth:           424
Circuit width:           12
=============================================================
