[F[K 
================= Linear system Information =================
Norm of RHS vector:      2.00e+00
Condition number:        4.00e+00
Minimum eigenvalue:      +2.50e-01

RHS vector transpose:    [+0.193 +0.387 +0.387 +0.193 +0.387 +0.773 +0.773 +0.580 +1.160 +0.773]

Coffcient matrix:        [[+0.697 -0.049 -0.012 -0.006 -0.207 +0.015 +0.041 +0.078 +0.065 -0.080]
                          [-0.049 +0.587 +0.075 +0.022 +0.034 +0.108 -0.012 -0.039 -0.013 +0.095]
                          [-0.012 +0.075 +0.553 -0.001 -0.094 -0.013 +0.005 +0.050 -0.017 +0.059]
                          [-0.006 +0.022 -0.001 +0.621 +0.033 -0.067 +0.005 +0.036 -0.117 +0.165]
                          [-0.207 +0.034 -0.094 +0.033 +0.620 +0.077 +0.103 +0.054 +0.002 -0.030]
                          [+0.015 +0.108 -0.013 -0.067 +0.077 +0.515 -0.126 +0.020 -0.105 -0.036]
                          [+0.041 -0.012 +0.005 +0.005 +0.103 -0.126 +0.635 +0.048 +0.093 +0.140]
                          [+0.078 -0.039 +0.050 +0.036 +0.054 +0.020 +0.048 +0.790 +0.131 +0.000]
                          [+0.065 -0.013 -0.017 -0.117 +0.002 -0.105 +0.093 +0.131 +0.657 -0.073]
                          [-0.080 +0.095 +0.059 +0.165 -0.030 -0.036 +0.140 +0.000 -0.073 +0.576]]

=================== Parameters of the QLSA ==================
Num of ancillae qubits:  5
Expansion order:         1
Num of time slices:      1
Is simulator:            True

==================== Results of the QLSA ====================
Quantum solution:        [+0.232 +0.025 +0.740 +0.627 +0.334 +2.337 +1.064 +0.145 +2.131 +1.284]
Exact solution:          [+0.237 -0.025 +0.729 +0.592 +0.386 +2.315 +0.956 +0.120 +2.229 +1.350]

Norm of difference:      1.83e-01
Infeasibility error:     8.05e-02
Is sign changed:         False
Probability:             1.39e-02
Time (s):                5.37e+01

Circuit depth:           424
Circuit width:           12
=============================================================
