[F[K 
================= Linear system Information =================
Norm of RHS vector:      2.00e+00
Condition number:        4.00e+00
Minimum eigenvalue:      +2.50e-01

RHS vector transpose:    [+0.763 +0.191 -0.000 +0.763 +0.381 +0.572 +0.763 +0.763 +0.763 +0.763]

Coffcient matrix:        [[+0.670 +0.076 +0.064 -0.089 +0.070 +0.001 +0.008 -0.115 +0.077 -0.006]
                          [+0.076 +0.444 +0.096 -0.126 -0.045 +0.095 +0.033 -0.065 -0.096 +0.087]
                          [+0.064 +0.096 +0.762 -0.036 -0.060 -0.020 -0.047 -0.001 +0.028 +0.153]
                          [-0.089 -0.126 -0.036 +0.633 -0.097 -0.173 -0.056 -0.053 -0.026 -0.044]
                          [+0.070 -0.045 -0.060 -0.097 +0.617 +0.058 -0.076 +0.084 -0.150 +0.041]
                          [+0.001 +0.095 -0.020 -0.173 +0.058 +0.632 -0.014 +0.017 -0.005 -0.051]
                          [+0.008 +0.033 -0.047 -0.056 -0.076 -0.014 +0.603 -0.038 +0.019 -0.135]
                          [-0.115 -0.065 -0.001 -0.053 +0.084 +0.017 -0.038 +0.691 +0.021 -0.102]
                          [+0.077 -0.096 +0.028 -0.026 -0.150 -0.005 +0.019 +0.021 +0.596 -0.045]
                          [-0.006 +0.087 +0.153 -0.044 +0.041 -0.051 -0.135 -0.102 -0.045 +0.603]]

=================== Parameters of the QLSA ==================
Num of ancillae qubits:  5
Expansion order:         1
Num of time slices:      1
Is simulator:            True

==================== Results of the QLSA ====================
Quantum solution:        [+1.266 +0.711 -0.387 +2.506 +0.962 +1.418 +2.010 +1.708 +1.571 +1.954]
Exact solution:          [+1.481 +0.779 -0.393 +2.748 +1.001 +1.644 +2.214 +1.913 +1.669 +2.483]

Norm of difference:      7.31e-01
Infeasibility error:     3.14e-01
Is sign changed:         False
Probability:             2.77e-02
Time (s):                5.23e+01

Circuit depth:           447
Circuit width:           12
=============================================================
