
================= Linear system Information =================
Norm of RHS vector:      2.00e+00
Condition number:        4.00e+00
Minimum eigenvalue:      +2.50e-01

RHS vector transpose:    [+0.788 +0.788 +1.182 +0.197 +0.985 +0.394 +0.197 +0.394]

Coffcient matrix:        [[+0.524 +0.122 +0.035 +0.080 +0.032 -0.005 +0.081 -0.052]
                          [+0.122 +0.664 -0.003 +0.065 -0.105 +0.003 -0.009 -0.078]
                          [+0.035 -0.003 +0.758 -0.105 +0.093 +0.083 +0.073 -0.010]
                          [+0.080 +0.065 -0.105 +0.421 -0.091 +0.022 -0.137 -0.117]
                          [+0.032 -0.105 +0.093 -0.091 +0.673 +0.057 -0.087 +0.010]
                          [-0.005 +0.003 +0.083 +0.022 +0.057 +0.648 +0.160 -0.145]
                          [+0.081 -0.009 +0.073 -0.137 -0.087 +0.160 +0.788 +0.029]
                          [-0.052 -0.078 -0.010 -0.117 +0.010 -0.145 +0.029 +0.524]]

=================== Parameters of the QLSA ==================
Num of ancillae qubits:  5
Expansion order:         1
Num of time slices:      1
Is simulator:            True

==================== Results of the QLSA ====================
Quantum solution:        [+0.825 +1.321 +1.445 +1.309 +1.635 +0.485 +0.321 +1.363]
Exact solution:          [+0.920 +1.321 +1.439 +1.250 +1.569 +0.494 +0.277 +1.435]

Norm of difference:      1.55e-01
Infeasibility error:     6.50e-02
Is sign changed:         False
Probability:             1.14e-02
Time (s):                1.07e+01

Circuit depth:           409
Circuit width:           11
=============================================================
