[F[K 
================= Linear system Information =================
Norm of RHS vector:      2.00e+00
Condition number:        4.00e+00
Minimum eigenvalue:      +2.50e-01

RHS vector transpose:    [+0.389 +0.971 +0.777 +0.583 +0.194 +0.194 +0.000 +0.971 +0.583 +0.777]

Coffcient matrix:        [[+0.582 +0.062 +0.095 +0.034 -0.003 +0.073 +0.051 -0.021 +0.007 -0.012]
                          [+0.062 +0.640 +0.059 +0.036 -0.078 +0.196 -0.105 -0.067 -0.003 +0.069]
                          [+0.095 +0.059 +0.610 -0.032 -0.055 +0.046 -0.082 +0.004 +0.067 -0.013]
                          [+0.034 +0.036 -0.032 +0.779 +0.038 +0.047 -0.112 +0.100 -0.068 -0.019]
                          [-0.003 -0.078 -0.055 +0.038 +0.624 -0.146 -0.134 -0.026 -0.037 -0.057]
                          [+0.073 +0.196 +0.046 +0.047 -0.146 +0.625 -0.013 -0.000 +0.002 +0.012]
                          [+0.051 -0.105 -0.082 -0.112 -0.134 -0.013 +0.513 -0.142 -0.081 -0.093]
                          [-0.021 -0.067 +0.004 +0.100 -0.026 -0.000 -0.142 +0.569 +0.178 +0.018]
                          [+0.007 -0.003 +0.067 -0.068 -0.037 +0.002 -0.081 +0.178 +0.604 -0.094]
                          [-0.012 +0.069 -0.013 -0.019 -0.057 +0.012 -0.093 +0.018 -0.094 +0.705]]

=================== Parameters of the QLSA ==================
Num of ancillae qubits:  5
Expansion order:         1
Num of time slices:      1
Is simulator:            True

==================== Results of the QLSA ====================
Quantum solution:        [+0.084 +1.730 +1.303 +0.699 +1.137 -0.147 +1.833 +1.917 +0.743 +1.167]
Exact solution:          [+0.113 +1.952 +1.443 +0.807 +1.316 -0.162 +2.099 +2.055 +0.881 +1.414]

Norm of difference:      5.32e-01
Infeasibility error:     2.34e-01
Is sign changed:         False
Probability:             1.85e-02
Time (s):                5.24e+01

Circuit depth:           424
Circuit width:           12
=============================================================
