
================= Linear system Information =================
Norm of RHS vector:      2.00e+00
Condition number:        4.00e+00
Minimum eigenvalue:      +2.50e-01

RHS vector transpose:    [+1.026 -0.000 +0.205 +0.821 +0.205 +0.821 -0.000 +1.231]

Coffcient matrix:        [[+0.634 +0.127 +0.048 +0.024 +0.040 -0.081 -0.035 -0.044]
                          [+0.127 +0.562 -0.016 -0.080 +0.004 +0.103 -0.186 +0.009]
                          [+0.048 -0.016 +0.686 -0.051 -0.121 -0.162 +0.070 -0.059]
                          [+0.024 -0.080 -0.051 +0.718 +0.050 -0.033 -0.045 +0.154]
                          [+0.040 +0.004 -0.121 +0.050 +0.498 +0.118 +0.071 +0.037]
                          [-0.081 +0.103 -0.162 -0.033 +0.118 +0.575 +0.050 +0.040]
                          [-0.035 -0.186 +0.070 -0.045 +0.071 +0.050 +0.637 +0.183]
                          [-0.044 +0.009 -0.059 +0.154 +0.037 +0.040 +0.183 +0.689]]

=================== Parameters of the QLSA ==================
Num of ancillae qubits:  5
Expansion order:         1
Num of time slices:      1
Is simulator:            True

==================== Results of the QLSA ====================
Quantum solution:        [+1.038 -0.562 +0.458 +0.323 -0.013 +1.080 -0.545 +1.020]
Exact solution:          [+2.122 -1.134 +0.951 +0.623 -0.105 +2.201 -1.020 +2.030]

Norm of difference:      2.08e+00
Infeasibility error:     1.00e+00
Is sign changed:         False
Probability:             1.70e-02
Time (s):                1.16e+01

Circuit depth:           418
Circuit width:           11
=============================================================
