
================= Linear system Information =================
Norm of RHS vector:      2.00e+00
Condition number:        4.00e+00
Minimum eigenvalue:      +2.50e-01

RHS vector transpose:    [+0.985 +0.788 +0.985 +0.591 +0.591 +0.591 +0.591 +0.197]

Coffcient matrix:        [[+0.711 -0.018 +0.051 +0.035 +0.030 -0.083 +0.027 -0.100]
                          [-0.018 +0.615 -0.068 -0.223 -0.116 -0.123 -0.034 +0.061]
                          [+0.051 -0.068 +0.756 +0.002 -0.056 +0.059 -0.085 +0.179]
                          [+0.035 -0.223 +0.002 +0.625 +0.076 +0.144 -0.013 +0.104]
                          [+0.030 -0.116 -0.056 +0.076 +0.591 -0.096 -0.010 -0.003]
                          [-0.083 -0.123 +0.059 +0.144 -0.096 +0.584 +0.087 -0.001]
                          [+0.027 -0.034 -0.085 -0.013 -0.010 +0.087 +0.455 +0.036]
                          [-0.100 +0.061 +0.179 +0.104 -0.003 -0.001 +0.036 +0.664]]

=================== Parameters of the QLSA ==================
Num of ancillae qubits:  5
Expansion order:         1
Num of time slices:      1
Is simulator:            True

==================== Results of the QLSA ====================
Quantum solution:        [+1.139 +2.673 +1.843 +1.516 +1.631 +1.223 +1.730 -0.499]
Exact solution:          [+1.180 +2.790 +1.834 +1.513 +1.694 +1.239 +1.669 -0.598]

Norm of difference:      1.82e-01
Infeasibility error:     1.14e-01
Is sign changed:         False
Probability:             2.09e-02
Time (s):                1.02e+01

Circuit depth:           409
Circuit width:           11
=============================================================
