
================= Linear system Information =================
Norm of RHS vector:      2.00e+00
Condition number:        4.00e+00
Minimum eigenvalue:      +2.50e-01

RHS vector transpose:    [+1.200 +0.400 +1.000 +0.000 +0.200 +0.800 +0.600 +0.600]

Coffcient matrix:        [[+0.674 +0.113 -0.153 +0.086 +0.065 +0.038 -0.004 +0.084]
                          [+0.113 +0.704 -0.012 +0.057 -0.061 -0.165 +0.055 -0.118]
                          [-0.153 -0.012 +0.547 +0.070 +0.003 +0.076 +0.118 +0.020]
                          [+0.086 +0.057 +0.070 +0.623 -0.072 +0.003 -0.047 -0.181]
                          [+0.065 -0.061 +0.003 -0.072 +0.487 -0.132 -0.059 +0.142]
                          [+0.038 -0.165 +0.076 +0.003 -0.132 +0.718 -0.006 +0.053]
                          [-0.004 +0.055 +0.118 -0.047 -0.059 -0.006 +0.572 -0.009]
                          [+0.084 -0.118 +0.020 -0.181 +0.142 +0.053 -0.009 +0.675]]

=================== Parameters of the QLSA ==================
Num of ancillae qubits:  5
Expansion order:         1
Num of time slices:      1
Is simulator:            True

==================== Results of the QLSA ====================
Quantum solution:        [+1.779 +0.512 +1.863 -0.248 +0.298 +0.831 +0.528 +0.407]
Exact solution:          [+2.105 +0.575 +2.212 -0.392 +0.327 +0.933 +0.572 +0.424]

Norm of difference:      5.16e-01
Infeasibility error:     2.72e-01
Is sign changed:         False
Probability:             1.05e-02
Time (s):                1.05e+01

Circuit depth:           409
Circuit width:           11
=============================================================
