[F[K 
================= Linear system Information =================
Norm of RHS vector:      2.00e+00
Condition number:        4.00e+00
Minimum eigenvalue:      +2.50e-01

RHS vector transpose:    [+0.626 +0.834 +0.834 +0.000 +0.209 +0.834 +0.626 +0.626 +0.834]

Coffcient matrix:        [[+0.699 +0.214 +0.069 -0.037 +0.046 +0.097 -0.060 -0.102 +0.049]
                          [+0.214 +0.624 +0.036 -0.104 +0.039 -0.122 -0.029 +0.039 -0.051]
                          [+0.069 +0.036 +0.619 +0.053 -0.005 +0.100 +0.012 +0.028 +0.128]
                          [-0.037 -0.104 +0.053 +0.672 +0.037 +0.018 +0.045 -0.086 -0.022]
                          [+0.046 +0.039 -0.005 +0.037 +0.535 -0.138 -0.020 -0.191 +0.083]
                          [+0.097 -0.122 +0.100 +0.018 -0.138 +0.477 +0.012 -0.003 -0.006]
                          [-0.060 -0.029 +0.012 +0.045 -0.020 +0.012 +0.588 +0.086 +0.038]
                          [-0.102 +0.039 +0.028 -0.086 -0.191 -0.003 +0.086 +0.646 -0.085]
                          [+0.049 -0.051 +0.128 -0.022 +0.083 -0.006 +0.038 -0.085 +0.765]]

=================== Parameters of the QLSA ==================
Num of ancillae qubits:  5
Expansion order:         1
Num of time slices:      1
Is simulator:            True

==================== Results of the QLSA ====================
Quantum solution:        [+0.109 +1.547 +0.487 +0.226 +1.088 +2.119 +0.766 +1.071 +0.945]
Exact solution:          [+0.086 +1.765 +0.532 +0.251 +1.180 +2.403 +0.863 +1.276 +1.112]

Norm of difference:      4.68e-01
Infeasibility error:     2.51e-01
Is sign changed:         False
Probability:             1.40e-02
Time (s):                5.37e+01

Circuit depth:           424
Circuit width:           12
=============================================================
