[F[K 
================= Linear system Information =================
Norm of RHS vector:      2.00e+00
Condition number:        4.00e+00
Minimum eigenvalue:      +2.50e-01

RHS vector transpose:    [+0.616 -0.000 +1.026 +1.231 +0.821 +0.616]

Coffcient matrix:        [[+0.654 +0.025 +0.035 +0.045 -0.134 +0.073]
                          [+0.025 +0.608 +0.024 +0.180 +0.168 +0.095]
                          [+0.035 +0.024 +0.757 -0.006 -0.020 +0.067]
                          [+0.045 +0.180 -0.006 +0.472 +0.255 +0.039]
                          [-0.134 +0.168 -0.020 +0.255 +0.659 -0.076]
                          [+0.073 +0.095 +0.067 +0.039 -0.076 +0.601]]

=================== Parameters of the QLSA ==================
Num of ancillae qubits:  5
Expansion order:         1
Num of time slices:      1
Is simulator:            True

==================== Results of the QLSA ====================
Quantum solution:        [+0.680 -0.926 +1.051 +2.070 +0.692 +0.725]
Exact solution:          [+0.839 -1.212 +1.316 +2.430 +0.933 +0.926]

Norm of difference:      6.37e-01
Infeasibility error:     3.63e-01
Is sign changed:         False
Probability:             1.26e-02
Time (s):                1.02e+01

Circuit depth:           418
Circuit width:           11
=============================================================
