[F[K 
================= Linear system Information =================
Norm of RHS vector:      2.00e+00
Condition number:        4.00e+00
Minimum eigenvalue:      +2.50e-01

RHS vector transpose:    [+0.647 +0.647 +0.216 +0.863 +0.431 +0.647 +0.863 +0.647 +0.431 +0.647]

Coffcient matrix:        [[+0.655 -0.038 -0.145 +0.009 -0.049 -0.155 -0.061 -0.107 +0.015 +0.053]
                          [-0.038 +0.495 -0.076 +0.040 -0.010 -0.015 -0.056 +0.007 +0.074 -0.135]
                          [-0.145 -0.076 +0.613 +0.023 -0.092 +0.053 -0.235 -0.045 -0.091 +0.020]
                          [+0.009 +0.040 +0.023 +0.694 -0.032 +0.077 +0.019 +0.033 +0.043 +0.005]
                          [-0.049 -0.010 -0.092 -0.032 +0.680 -0.002 +0.029 -0.059 +0.016 -0.121]
                          [-0.155 -0.015 +0.053 +0.077 -0.002 +0.592 +0.100 +0.074 +0.030 +0.069]
                          [-0.061 -0.056 -0.235 +0.019 +0.029 +0.100 +0.663 +0.045 -0.016 +0.118]
                          [-0.107 +0.007 -0.045 +0.033 -0.059 +0.074 +0.045 +0.631 +0.088 +0.102]
                          [+0.015 +0.074 -0.091 +0.043 +0.016 +0.030 -0.016 +0.088 +0.610 +0.089]
                          [+0.053 -0.135 +0.020 +0.005 -0.121 +0.069 +0.118 +0.102 +0.089 +0.618]]

=================== Parameters of the QLSA ==================
Num of ancillae qubits:  5
Expansion order:         1
Num of time slices:      1
Is simulator:            True

==================== Results of the QLSA ====================
Quantum solution:        [+2.121 +2.147 +2.139 +0.850 +1.237 +0.827 +2.019 +1.221 +0.317 +0.810]
Exact solution:          [+2.168 +2.157 +2.102 +0.855 +1.301 +0.826 +2.009 +1.180 +0.339 +0.794]

Norm of difference:      1.01e-01
Infeasibility error:     8.33e-02
Is sign changed:         False
Probability:             2.31e-02
Time (s):                5.33e+01

Circuit depth:           424
Circuit width:           12
=============================================================
