[F[K 
================= Linear system Information =================
Norm of RHS vector:      2.00e+00
Condition number:        4.00e+00
Minimum eigenvalue:      +2.50e-01

RHS vector transpose:    [+0.937 +0.937 +0.562 +0.937 +0.375 +0.187 +0.937]

Coffcient matrix:        [[+0.673 -0.149 -0.046 +0.042 +0.085 -0.015 -0.064]
                          [-0.149 +0.796 -0.102 -0.121 -0.088 -0.115 -0.122]
                          [-0.046 -0.102 +0.567 +0.097 -0.022 -0.151 +0.065]
                          [+0.042 -0.121 +0.097 +0.649 -0.147 +0.030 -0.062]
                          [+0.085 -0.088 -0.022 -0.147 +0.638 +0.126 +0.018]
                          [-0.015 -0.115 -0.151 +0.030 +0.126 +0.517 -0.115]
                          [-0.064 -0.122 +0.065 -0.062 +0.018 -0.115 +0.535]]

=================== Parameters of the QLSA ==================
Num of ancillae qubits:  5
Expansion order:         1
Num of time slices:      1
Is simulator:            True

==================== Results of the QLSA ====================
Quantum solution:        [+2.306 +2.948 +1.427 +2.049 +0.727 +1.905 +3.064]
Exact solution:          [+2.269 +2.942 +1.544 +1.992 +0.736 +1.932 +3.131]

Norm of difference:      1.54e-01
Infeasibility error:     9.49e-02
Is sign changed:         False
Probability:             3.26e-02
Time (s):                1.01e+01

Circuit depth:           409
Circuit width:           11
=============================================================
