[F[K 
================= Linear system Information =================
Norm of RHS vector:      2.00e+00
Condition number:        4.00e+00
Minimum eigenvalue:      +2.50e-01

RHS vector transpose:    [+0.204 +1.225 +0.816 +0.612 +0.612 +1.021]

Coffcient matrix:        [[+0.459 -0.094 +0.066 -0.082 +0.134 +0.096]
                          [-0.094 +0.458 +0.093 -0.111 +0.050 -0.172]
                          [+0.066 +0.093 +0.713 -0.089 +0.066 -0.113]
                          [-0.082 -0.111 -0.089 +0.715 +0.138 +0.104]
                          [+0.134 +0.050 +0.066 +0.138 +0.719 +0.004]
                          [+0.096 -0.172 -0.113 +0.104 +0.004 +0.686]]

=================== Parameters of the QLSA ==================
Num of ancillae qubits:  5
Expansion order:         1
Num of time slices:      1
Is simulator:            True

==================== Results of the QLSA ====================
Quantum solution:        [+0.938 +3.751 +1.080 +1.382 +0.116 +2.199]
Exact solution:          [+0.796 +3.792 +1.104 +1.326 +0.068 +2.306]

Norm of difference:      1.98e-01
Infeasibility error:     9.97e-02
Is sign changed:         False
Probability:             2.45e-02
Time (s):                1.03e+01

Circuit depth:           409
Circuit width:           11
=============================================================
