
================= Linear system Information =================
Norm of RHS vector:      2.00e+00
Condition number:        4.00e+00
Minimum eigenvalue:      +2.50e-01

RHS vector transpose:    [+1.000 +0.800 +0.600 +1.000 +0.400 +0.200 +0.800 +0.400]

Coffcient matrix:        [[+0.753 +0.057 -0.107 -0.057 -0.091 -0.001 +0.108 -0.091]
                          [+0.057 +0.586 -0.011 -0.059 -0.045 +0.148 -0.090 -0.044]
                          [-0.107 -0.011 +0.719 +0.084 +0.002 -0.116 +0.150 +0.004]
                          [-0.057 -0.059 +0.084 +0.641 -0.057 -0.169 -0.133 -0.079]
                          [-0.091 -0.045 +0.002 -0.057 +0.585 -0.091 -0.017 +0.046]
                          [-0.001 +0.148 -0.116 -0.169 -0.091 +0.541 +0.084 +0.048]
                          [+0.108 -0.090 +0.150 -0.133 -0.017 +0.084 +0.574 +0.139]
                          [-0.091 -0.044 +0.004 -0.079 +0.046 +0.048 +0.139 +0.602]]

=================== Parameters of the QLSA ==================
Num of ancillae qubits:  5
Expansion order:         1
Num of time slices:      1
Is simulator:            True

==================== Results of the QLSA ====================
Quantum solution:        [+1.528 +1.653 +0.614 +2.506 +1.399 +0.691 +1.521 +0.859]
Exact solution:          [+1.519 +1.699 +0.584 +2.513 +1.387 +0.741 +1.533 +0.830]

Norm of difference:      8.22e-02
Infeasibility error:     6.06e-02
Is sign changed:         False
Probability:             1.72e-02
Time (s):                1.01e+01

Circuit depth:           409
Circuit width:           11
=============================================================
