[F[K 
================= Linear system Information =================
Norm of RHS vector:      2.00e+00
Condition number:        4.00e+00
Minimum eigenvalue:      +2.50e-01

RHS vector transpose:    [+0.937 +0.562 +0.937 +0.187 +0.375 +0.749 +0.937 +0.375 +0.187 +0.375]

Coffcient matrix:        [[+0.648 +0.122 -0.006 +0.103 -0.043 +0.057 -0.040 -0.003 +0.099 -0.050]
                          [+0.122 +0.540 -0.028 +0.058 -0.004 +0.083 -0.133 +0.068 +0.004 -0.012]
                          [-0.006 -0.028 +0.545 -0.094 +0.078 +0.076 -0.104 -0.049 -0.174 +0.001]
                          [+0.103 +0.058 -0.094 +0.687 -0.118 -0.108 -0.036 +0.049 +0.014 +0.030]
                          [-0.043 -0.004 +0.078 -0.118 +0.669 -0.051 -0.160 +0.115 +0.021 -0.029]
                          [+0.057 +0.083 +0.076 -0.108 -0.051 +0.660 -0.167 -0.049 -0.110 -0.011]
                          [-0.040 -0.133 -0.104 -0.036 -0.160 -0.167 +0.587 +0.023 -0.030 -0.085]
                          [-0.003 +0.068 -0.049 +0.049 +0.115 -0.049 +0.023 +0.650 -0.013 +0.005]
                          [+0.099 +0.004 -0.174 +0.014 +0.021 -0.110 -0.030 -0.013 +0.568 +0.061]
                          [-0.050 -0.012 +0.001 +0.030 -0.029 -0.011 -0.085 +0.005 +0.061 +0.696]]

=================== Parameters of the QLSA ==================
Num of ancillae qubits:  5
Expansion order:         1
Num of time slices:      1
Is simulator:            True

==================== Results of the QLSA ====================
Quantum solution:        [+1.063 +1.375 +2.643 +1.057 +1.468 +2.104 +3.712 +0.316 +1.283 +0.969]
Exact solution:          [+1.057 +1.411 +2.655 +1.034 +1.496 +2.056 +3.718 +0.334 +1.361 +1.014]

Norm of difference:      1.17e-01
Infeasibility error:     8.06e-02
Is sign changed:         False
Probability:             3.45e-02
Time (s):                5.16e+01

Circuit depth:           424
Circuit width:           12
=============================================================
