[F[K 
================= Linear system Information =================
Norm of RHS vector:      2.00e+00
Condition number:        4.00e+00
Minimum eigenvalue:      +2.50e-01

RHS vector transpose:    [+0.603 +0.000 +1.407 -0.000 +0.201 +1.206 +0.402]

Coffcient matrix:        [[+0.601 +0.069 -0.053 -0.016 -0.005 +0.060 +0.045]
                          [+0.069 +0.410 +0.050 -0.111 -0.059 -0.071 -0.130]
                          [-0.053 +0.050 +0.826 -0.004 +0.043 -0.147 +0.032]
                          [-0.016 -0.111 -0.004 +0.556 -0.217 +0.106 +0.117]
                          [-0.005 -0.059 +0.043 -0.217 +0.607 -0.007 +0.011]
                          [+0.060 -0.071 -0.147 +0.106 -0.007 +0.583 +0.088]
                          [+0.045 -0.130 +0.032 +0.117 +0.011 +0.088 +0.792]]

=================== Parameters of the QLSA ==================
Num of ancillae qubits:  5
Expansion order:         1
Num of time slices:      1
Is simulator:            True

==================== Results of the QLSA ====================
Quantum solution:        [+0.387 +0.017 +0.980 -0.176 +0.064 +1.097 +0.064]
Exact solution:          [+0.925 -0.060 +2.218 -0.476 +0.035 +2.591 +0.137]

Norm of difference:      2.04e+00
Infeasibility error:     1.13e+00
Is sign changed:         False
Probability:             1.21e-02
Time (s):                1.00e+01

Circuit depth:           418
Circuit width:           11
=============================================================
