[F[K 
================= Linear system Information =================
Norm of RHS vector:      2.00e+00
Condition number:        4.00e+00
Minimum eigenvalue:      +2.50e-01

RHS vector transpose:    [+0.821 -0.000 +0.205 +0.616 +0.205 +0.616 +0.000 +1.026 +1.026 +0.616]

Coffcient matrix:        [[+0.470 -0.060 +0.100 -0.071 -0.106 -0.020 -0.178 +0.014 -0.158 -0.013]
                          [-0.060 +0.658 +0.035 +0.054 -0.047 -0.107 -0.022 +0.002 +0.059 -0.101]
                          [+0.100 +0.035 +0.664 +0.035 -0.095 -0.093 +0.006 +0.137 +0.038 +0.043]
                          [-0.071 +0.054 +0.035 +0.500 +0.013 -0.050 -0.012 +0.057 +0.034 +0.025]
                          [-0.106 -0.047 -0.095 +0.013 +0.628 -0.091 +0.112 +0.147 +0.089 +0.048]
                          [-0.020 -0.107 -0.093 -0.050 -0.091 +0.655 -0.002 -0.058 +0.022 -0.132]
                          [-0.178 -0.022 +0.006 -0.012 +0.112 -0.002 +0.618 +0.072 -0.040 -0.024]
                          [+0.014 +0.002 +0.137 +0.057 +0.147 -0.058 +0.072 +0.728 -0.061 +0.012]
                          [-0.158 +0.059 +0.038 +0.034 +0.089 +0.022 -0.040 -0.061 +0.714 +0.046]
                          [-0.013 -0.101 +0.043 +0.025 +0.048 -0.132 -0.024 +0.012 +0.046 +0.614]]

=================== Parameters of the QLSA ==================
Num of ancillae qubits:  5
Expansion order:         1
Num of time slices:      1
Is simulator:            True

==================== Results of the QLSA ====================
Quantum solution:        [+3.336 +0.457 -0.523 +1.582 +0.211 +1.524 +1.004 +1.483 +2.029 +1.213]
Exact solution:          [+3.342 +0.500 -0.606 +1.481 +0.085 +1.488 +1.019 +1.498 +2.140 +1.298]

Norm of difference:      2.37e-01
Infeasibility error:     1.18e-01
Is sign changed:         False
Probability:             2.45e-02
Time (s):                5.93e+01

Circuit depth:           447
Circuit width:           12
=============================================================
