[F[K 
================= Linear system Information =================
Norm of RHS vector:      2.00e+00
Condition number:        4.00e+00
Minimum eigenvalue:      +2.50e-01

RHS vector transpose:    [+0.606 +1.010 +0.808 +0.808 -0.000 +0.606 +0.404 +0.606 +0.606 +0.202]

Coffcient matrix:        [[+0.580 +0.140 +0.059 +0.054 -0.092 +0.099 -0.009 +0.179 -0.021 +0.069]
                          [+0.140 +0.596 +0.034 -0.054 +0.017 -0.046 +0.070 +0.078 +0.079 +0.053]
                          [+0.059 +0.034 +0.541 -0.082 +0.040 -0.054 -0.037 +0.003 +0.073 -0.204]
                          [+0.054 -0.054 -0.082 +0.500 +0.099 +0.100 -0.097 +0.001 -0.001 +0.070]
                          [-0.092 +0.017 +0.040 +0.099 +0.625 -0.068 -0.004 -0.073 +0.005 +0.066]
                          [+0.099 -0.046 -0.054 +0.100 -0.068 +0.626 -0.035 -0.114 +0.017 -0.082]
                          [-0.009 +0.070 -0.037 -0.097 -0.004 -0.035 +0.777 +0.049 -0.057 +0.061]
                          [+0.179 +0.078 +0.003 +0.001 -0.073 -0.114 +0.049 +0.744 -0.000 -0.004]
                          [-0.021 +0.079 +0.073 -0.001 +0.005 +0.017 -0.057 -0.000 +0.543 -0.021]
                          [+0.069 +0.053 -0.204 +0.070 +0.066 -0.082 +0.061 -0.004 -0.021 +0.718]]

=================== Parameters of the QLSA ==================
Num of ancillae qubits:  5
Expansion order:         1
Num of time slices:      1
Is simulator:            True

==================== Results of the QLSA ====================
Quantum solution:        [-0.303 +1.418 +1.919 +1.829 -0.353 +1.113 +0.567 +0.734 +0.604 +0.577]
Exact solution:          [-0.325 +1.599 +2.126 +2.043 -0.403 +1.220 +0.722 +0.817 +0.659 +0.738]

Norm of difference:      4.42e-01
Infeasibility error:     2.47e-01
Is sign changed:         False
Probability:             1.63e-02
Time (s):                5.38e+01

Circuit depth:           447
Circuit width:           12
=============================================================
