[F[K 
================= Linear system Information =================
Norm of RHS vector:      2.00e+00
Condition number:        4.00e+00
Minimum eigenvalue:      +2.50e-01

RHS vector transpose:    [+0.825 +0.206 -0.000 +0.825 +0.413 +0.619 +0.825 +0.825 +0.825]

Coffcient matrix:        [[+0.704 -0.011 +0.083 +0.072 +0.127 -0.041 +0.094 +0.085 -0.185]
                          [-0.011 +0.498 -0.069 +0.081 -0.099 -0.139 +0.107 +0.003 +0.055]
                          [+0.083 -0.069 +0.647 +0.053 -0.007 -0.037 -0.068 -0.013 +0.002]
                          [+0.072 +0.081 +0.053 +0.693 +0.099 -0.127 +0.014 -0.071 +0.117]
                          [+0.127 -0.099 -0.007 +0.099 +0.654 -0.058 +0.045 -0.107 -0.095]
                          [-0.041 -0.139 -0.037 -0.127 -0.058 +0.534 +0.124 +0.076 -0.017]
                          [+0.094 +0.107 -0.068 +0.014 +0.045 +0.124 +0.632 +0.042 +0.038]
                          [+0.085 +0.003 -0.013 -0.071 -0.107 +0.076 +0.042 +0.609 +0.072]
                          [-0.185 +0.055 +0.002 +0.117 -0.095 -0.017 +0.038 +0.072 +0.653]]

=================== Parameters of the QLSA ==================
Num of ancillae qubits:  5
Expansion order:         1
Num of time slices:      1
Is simulator:            True

==================== Results of the QLSA ====================
Quantum solution:        [+0.984 +0.496 +0.030 +0.938 +0.718 +1.275 +0.455 +1.002 +1.163]
Exact solution:          [+1.186 +0.588 -0.009 +1.026 +0.806 +1.506 +0.499 +1.063 +1.375]

Norm of difference:      4.12e-01
Infeasibility error:     2.46e-01
Is sign changed:         False
Probability:             8.55e-03
Time (s):                5.16e+01

Circuit depth:           447
Circuit width:           12
=============================================================
