[F[K 
================= Linear system Information =================
Norm of RHS vector:      2.00e+00
Condition number:        4.00e+00
Minimum eigenvalue:      +2.50e-01

RHS vector transpose:    [-0.000 +0.830 +0.830 +0.830 +1.037 +0.415 +0.830]

Coffcient matrix:        [[+0.573 +0.021 +0.201 -0.067 -0.039 +0.017 -0.043]
                          [+0.021 +0.696 -0.042 -0.027 -0.206 -0.087 -0.109]
                          [+0.201 -0.042 +0.647 +0.050 -0.096 +0.086 +0.087]
                          [-0.067 -0.027 +0.050 +0.779 +0.211 -0.064 +0.049]
                          [-0.039 -0.206 -0.096 +0.211 +0.515 +0.053 -0.022]
                          [+0.017 -0.087 +0.086 -0.064 +0.053 +0.557 +0.011]
                          [-0.043 -0.109 +0.087 +0.049 -0.022 +0.011 +0.609]]

=================== Parameters of the QLSA ==================
Num of ancillae qubits:  5
Expansion order:         1
Num of time slices:      1
Is simulator:            True

==================== Results of the QLSA ====================
Quantum solution:        [-0.228 +1.432 +0.994 -0.008 +1.787 +0.333 +0.969]
Exact solution:          [-0.377 +2.635 +1.768 +0.037 +3.367 +0.546 +1.660]

Norm of difference:      2.26e+00
Infeasibility error:     9.09e-01
Is sign changed:         True
Probability:             2.30e-02
Time (s):                1.00e+01

Circuit depth:           418
Circuit width:           11
=============================================================
