
================= Linear system Information =================
Norm of RHS vector:      2.00e+00
Condition number:        4.00e+00
Minimum eigenvalue:      +2.50e-01

RHS vector transpose:    [+0.591 -0.000 +1.182 +0.394 +0.591 +0.394 +0.788 +0.985]

Coffcient matrix:        [[+0.638 -0.048 -0.059 +0.007 -0.132 +0.059 +0.135 +0.040]
                          [-0.048 +0.467 -0.174 -0.094 +0.084 +0.016 -0.010 -0.012]
                          [-0.059 -0.174 +0.591 +0.064 -0.031 +0.004 +0.052 -0.031]
                          [+0.007 -0.094 +0.064 +0.576 +0.097 -0.053 +0.227 +0.176]
                          [-0.132 +0.084 -0.031 +0.097 +0.748 -0.041 -0.041 +0.008]
                          [+0.059 +0.016 +0.004 -0.053 -0.041 +0.623 -0.035 +0.071]
                          [+0.135 -0.010 +0.052 +0.227 -0.041 -0.035 +0.589 +0.044]
                          [+0.040 -0.012 -0.031 +0.176 +0.008 +0.071 +0.044 +0.768]]

=================== Parameters of the QLSA ==================
Num of ancillae qubits:  5
Expansion order:         1
Num of time slices:      1
Is simulator:            True

==================== Results of the QLSA ====================
Quantum solution:        [+0.969 +0.673 +2.090 -0.308 +0.983 +0.366 +0.866 +1.120]
Exact solution:          [+1.095 +0.760 +2.410 -0.443 +1.124 +0.440 +1.064 +1.321]

Norm of difference:      4.98e-01
Infeasibility error:     2.71e-01
Is sign changed:         False
Probability:             1.20e-02
Time (s):                1.01e+01

Circuit depth:           418
Circuit width:           11
=============================================================
