[F[K 
================= Linear system Information =================
Norm of RHS vector:      2.00e+00
Condition number:        4.00e+00
Minimum eigenvalue:      +2.50e-01

RHS vector transpose:    [+0.383 +0.383 +1.149 +1.149 +0.958 +0.000 +0.383]

Coffcient matrix:        [[+0.607 -0.005 -0.096 -0.011 +0.042 -0.142 +0.134]
                          [-0.005 +0.648 -0.117 +0.069 -0.005 +0.019 -0.148]
                          [-0.096 -0.117 +0.625 +0.074 -0.027 +0.141 +0.124]
                          [-0.011 +0.069 +0.074 +0.545 +0.226 +0.012 -0.009]
                          [+0.042 -0.005 -0.027 +0.226 +0.554 +0.029 -0.104]
                          [-0.142 +0.019 +0.141 +0.012 +0.029 +0.722 +0.112]
                          [+0.134 -0.148 +0.124 -0.009 -0.104 +0.112 +0.674]]

=================== Parameters of the QLSA ==================
Num of ancillae qubits:  5
Expansion order:         1
Num of time slices:      1
Is simulator:            True

==================== Results of the QLSA ====================
Quantum solution:        [+0.558 +0.826 +1.738 +1.013 +1.162 -0.387 +0.496]
Exact solution:          [+0.637 +1.005 +2.039 +1.131 +1.465 -0.472 +0.606]

Norm of difference:      5.04e-01
Infeasibility error:     3.07e-01
Is sign changed:         False
Probability:             9.36e-03
Time (s):                9.97e+00

Circuit depth:           409
Circuit width:           11
=============================================================
