[F[K 
================= Linear system Information =================
Norm of RHS vector:      2.00e+00
Condition number:        4.00e+00
Minimum eigenvalue:      +2.50e-01

RHS vector transpose:    [+0.394 +0.000 +0.788 +0.197 +0.788 +0.394 +1.182 +0.197 +0.985]

Coffcient matrix:        [[+0.688 +0.050 -0.099 +0.064 -0.092 -0.048 +0.049 +0.004 +0.046]
                          [+0.050 +0.608 +0.036 +0.076 -0.108 -0.070 -0.045 +0.021 -0.006]
                          [-0.099 +0.036 +0.579 +0.089 -0.034 -0.124 -0.052 +0.072 +0.003]
                          [+0.064 +0.076 +0.089 +0.674 -0.085 -0.091 -0.008 -0.095 +0.063]
                          [-0.092 -0.108 -0.034 -0.085 +0.750 +0.001 +0.079 +0.098 +0.062]
                          [-0.048 -0.070 -0.124 -0.091 +0.001 +0.748 -0.058 -0.069 +0.075]
                          [+0.049 -0.045 -0.052 -0.008 +0.079 -0.058 +0.625 -0.193 -0.057]
                          [+0.004 +0.021 +0.072 -0.095 +0.098 -0.069 -0.193 +0.643 +0.042]
                          [+0.046 -0.006 +0.003 +0.063 +0.062 +0.075 -0.057 +0.042 +0.310]]

=================== Parameters of the QLSA ==================
Num of ancillae qubits:  5
Expansion order:         1
Num of time slices:      1
Is simulator:            True

==================== Results of the QLSA ====================
Quantum solution:        [+0.512 +0.211 +1.543 -0.020 +0.547 +0.711 +2.229 +0.569 +2.713]
Exact solution:          [+0.564 +0.251 +1.784 -0.009 +0.632 +0.816 +2.489 +0.627 +3.129]

Norm of difference:      5.71e-01
Infeasibility error:     2.44e-01
Is sign changed:         False
Probability:             2.05e-02
Time (s):                5.37e+01

Circuit depth:           424
Circuit width:           12
=============================================================
