
================= Linear system Information =================
Norm of RHS vector:      2.00e+00
Condition number:        4.00e+00
Minimum eigenvalue:      +2.50e-01

RHS vector transpose:    [+0.609 +0.203 +0.406 +0.609 +0.406 +1.218 +0.609 +1.015]

Coffcient matrix:        [[+0.566 +0.001 -0.001 +0.128 -0.029 +0.076 +0.019 -0.050]
                          [+0.001 +0.659 +0.043 -0.034 +0.026 -0.051 -0.095 -0.308]
                          [-0.001 +0.043 +0.538 +0.171 +0.032 -0.047 +0.008 +0.054]
                          [+0.128 -0.034 +0.171 +0.637 +0.039 -0.099 +0.013 +0.068]
                          [-0.029 +0.026 +0.032 +0.039 +0.606 -0.042 +0.071 -0.061]
                          [+0.076 -0.051 -0.047 -0.099 -0.042 +0.606 -0.134 -0.082]
                          [+0.019 -0.095 +0.008 +0.013 +0.071 -0.134 +0.737 -0.071]
                          [-0.050 -0.308 +0.054 +0.068 -0.061 -0.082 -0.071 +0.651]]

=================== Parameters of the QLSA ==================
Num of ancillae qubits:  5
Expansion order:         1
Num of time slices:      1
Is simulator:            True

==================== Results of the QLSA ====================
Quantum solution:        [+0.620 +2.336 +0.124 +0.900 +0.927 +3.282 +1.985 +3.307]
Exact solution:          [+0.692 +2.403 +0.128 +0.964 +0.868 +3.229 +1.927 +3.333]

Norm of difference:      1.56e-01
Infeasibility error:     1.05e-01
Is sign changed:         False
Probability:             3.20e-02
Time (s):                1.16e+01

Circuit depth:           409
Circuit width:           11
=============================================================
