
================= Linear system Information =================
Norm of RHS vector:      2.00e+00
Condition number:        4.00e+00
Minimum eigenvalue:      +2.50e-01

RHS vector transpose:    [+1.177 +0.196 +0.981 +0.392 +0.392 +0.784 +0.588 +0.588]

Coffcient matrix:        [[+0.651 +0.049 -0.162 +0.038 -0.030 +0.017 +0.069 -0.112]
                          [+0.049 +0.625 +0.102 -0.159 -0.057 -0.079 -0.046 -0.075]
                          [-0.162 +0.102 +0.602 +0.033 -0.012 -0.146 +0.124 +0.022]
                          [+0.038 -0.159 +0.033 +0.655 +0.008 -0.008 -0.026 +0.135]
                          [-0.030 -0.057 -0.012 +0.008 +0.696 +0.125 -0.044 -0.008]
                          [+0.017 -0.079 -0.146 -0.008 +0.125 +0.503 -0.114 -0.112]
                          [+0.069 -0.046 +0.124 -0.026 -0.044 -0.114 +0.730 +0.136]
                          [-0.112 -0.075 +0.022 +0.135 -0.008 -0.112 +0.136 +0.538]]

=================== Parameters of the QLSA ==================
Num of ancillae qubits:  5
Expansion order:         1
Num of time slices:      1
Is simulator:            True

==================== Results of the QLSA ====================
Quantum solution:        [+2.831 +0.224 +2.942 -0.100 +0.332 +2.699 +0.131 +2.126]
Exact solution:          [+2.822 +0.245 +2.935 -0.066 +0.287 +2.791 +0.103 +2.169]

Norm of difference:      1.22e-01
Infeasibility error:     5.95e-02
Is sign changed:         False
Probability:             2.92e-02
Time (s):                1.15e+01

Circuit depth:           409
Circuit width:           11
=============================================================
