[F[K 
================= Linear system Information =================
Norm of RHS vector:      2.00e+00
Condition number:        4.00e+00
Minimum eigenvalue:      +2.50e-01

RHS vector transpose:    [+0.597 +0.597 +0.199 +0.398 +0.796 +0.398 +0.199 +0.796 +0.796 +0.995]

Coffcient matrix:        [[+0.593 -0.079 +0.004 -0.021 +0.040 -0.107 -0.101 -0.157 +0.009 -0.186]
                          [-0.079 +0.679 +0.085 -0.009 +0.133 -0.088 +0.054 +0.061 -0.103 +0.102]
                          [+0.004 +0.085 +0.674 -0.172 +0.035 -0.055 +0.137 -0.044 -0.132 +0.026]
                          [-0.021 -0.009 -0.172 +0.658 +0.061 -0.041 -0.049 -0.068 -0.053 +0.029]
                          [+0.040 +0.133 +0.035 +0.061 +0.648 -0.036 -0.042 -0.038 -0.028 -0.056]
                          [-0.107 -0.088 -0.055 -0.041 -0.036 +0.666 -0.021 +0.047 -0.093 +0.023]
                          [-0.101 +0.054 +0.137 -0.049 -0.042 -0.021 +0.581 +0.047 -0.037 -0.013]
                          [-0.157 +0.061 -0.044 -0.068 -0.038 +0.047 +0.047 +0.625 +0.088 -0.069]
                          [+0.009 -0.103 -0.132 -0.053 -0.028 -0.093 -0.037 +0.088 +0.600 +0.029]
                          [-0.186 +0.102 +0.026 +0.029 -0.056 +0.023 -0.013 -0.069 +0.029 +0.526]]

=================== Parameters of the QLSA ==================
Num of ancillae qubits:  5
Expansion order:         1
Num of time slices:      1
Is simulator:            True

==================== Results of the QLSA ====================
Quantum solution:        [+2.831 +0.568 +0.600 +1.046 +1.401 +1.270 +0.863 +2.221 +1.365 +3.047]
Exact solution:          [+2.901 +0.557 +0.660 +1.103 +1.376 +1.310 +0.863 +2.159 +1.476 +3.025]

Norm of difference:      1.76e-01
Infeasibility error:     9.40e-02
Is sign changed:         False
Probability:             3.05e-02
Time (s):                5.21e+01

Circuit depth:           424
Circuit width:           12
=============================================================
