[F[K 
================= Linear system Information =================
Norm of RHS vector:      2.00e+00
Condition number:        4.00e+00
Minimum eigenvalue:      +2.50e-01

RHS vector transpose:    [+0.597 +0.796 +0.995 -0.000 +0.398 +0.995 +0.597 +0.398 +0.597]

Coffcient matrix:        [[+0.545 -0.079 +0.085 -0.050 -0.051 -0.104 +0.035 -0.104 +0.190]
                          [-0.079 +0.688 -0.095 -0.061 +0.066 +0.105 -0.005 -0.058 -0.030]
                          [+0.085 -0.095 +0.578 -0.038 -0.036 +0.109 +0.098 +0.083 +0.185]
                          [-0.050 -0.061 -0.038 +0.750 +0.078 +0.110 +0.027 -0.016 +0.028]
                          [-0.051 +0.066 -0.036 +0.078 +0.619 +0.114 -0.017 -0.095 +0.039]
                          [-0.104 +0.105 +0.109 +0.110 +0.114 +0.589 +0.069 -0.062 -0.070]
                          [+0.035 -0.005 +0.098 +0.027 -0.017 +0.069 +0.529 -0.049 -0.044]
                          [-0.104 -0.058 +0.083 -0.016 -0.095 -0.062 -0.049 +0.709 -0.060]
                          [+0.190 -0.030 +0.185 +0.028 +0.039 -0.070 -0.044 -0.060 +0.617]]

=================== Parameters of the QLSA ==================
Num of ancillae qubits:  5
Expansion order:         1
Num of time slices:      1
Is simulator:            True

==================== Results of the QLSA ====================
Quantum solution:        [+1.230 +1.142 +0.936 -0.048 +0.487 +1.312 +0.718 +0.907 +0.470]
Exact solution:          [+1.407 +1.287 +0.976 -0.064 +0.555 +1.521 +0.841 +1.076 +0.611]

Norm of difference:      4.08e-01
Infeasibility error:     2.44e-01
Is sign changed:         False
Probability:             9.64e-03
Time (s):                5.19e+01

Circuit depth:           447
Circuit width:           12
=============================================================
