[F[K 
================= Linear system Information =================
Norm of RHS vector:      2.00e+00
Condition number:        4.00e+00
Minimum eigenvalue:      +2.50e-01

RHS vector transpose:    [+1.060 +1.060 +0.636 +1.060 +0.424 +0.212]

Coffcient matrix:        [[+0.553 -0.025 +0.044 -0.087 +0.035 -0.099]
                          [-0.025 +0.772 -0.027 +0.061 +0.149 -0.099]
                          [+0.044 -0.027 +0.570 +0.118 +0.133 +0.131]
                          [-0.087 +0.061 +0.118 +0.621 -0.032 +0.191]
                          [+0.035 +0.149 +0.133 -0.032 +0.621 +0.195]
                          [-0.099 -0.099 +0.131 +0.191 +0.195 +0.613]]

=================== Parameters of the QLSA ==================
Num of ancillae qubits:  5
Expansion order:         1
Num of time slices:      1
Is simulator:            True

==================== Results of the QLSA ====================
Quantum solution:        [+2.176 +1.381 +0.576 +1.668 +0.145 +0.251]
Exact solution:          [+2.234 +1.333 +0.566 +1.718 +0.132 +0.224]

Norm of difference:      9.57e-02
Infeasibility error:     5.52e-02
Is sign changed:         False
Probability:             1.02e-02
Time (s):                1.00e+01

Circuit depth:           409
Circuit width:           11
=============================================================
