
================= Linear system Information =================
Norm of RHS vector:      2.00e+00
Condition number:        4.00e+00
Minimum eigenvalue:      +2.50e-01

RHS vector transpose:    [+0.843 +0.632 +0.211 +0.422 +1.054 +0.632 +0.211 +1.054]

Coffcient matrix:        [[+0.471 -0.064 +0.035 +0.084 +0.081 +0.063 +0.005 -0.021]
                          [-0.064 +0.767 -0.084 +0.034 +0.136 -0.046 +0.010 +0.097]
                          [+0.035 -0.084 +0.668 -0.065 -0.028 +0.009 +0.095 -0.049]
                          [+0.084 +0.034 -0.065 +0.671 -0.068 -0.042 +0.010 -0.107]
                          [+0.081 +0.136 -0.028 -0.068 +0.578 +0.090 +0.260 -0.076]
                          [+0.063 -0.046 +0.009 -0.042 +0.090 +0.665 +0.113 +0.076]
                          [+0.005 +0.010 +0.095 +0.010 +0.260 +0.113 +0.651 -0.122]
                          [-0.021 +0.097 -0.049 -0.107 -0.076 +0.076 -0.122 +0.530]]

=================== Parameters of the QLSA ==================
Num of ancillae qubits:  5
Expansion order:         1
Num of time slices:      1
Is simulator:            True

==================== Results of the QLSA ====================
Quantum solution:        [+1.201 +0.350 +0.688 +1.098 +2.121 +0.428 -0.267 +2.443]
Exact solution:          [+1.260 +0.290 +0.704 +1.165 +2.131 +0.392 -0.265 +2.474]

Norm of difference:      1.19e-01
Infeasibility error:     7.46e-02
Is sign changed:         False
Probability:             1.45e-02
Time (s):                1.01e+01

Circuit depth:           409
Circuit width:           11
=============================================================
