[F[K 
================= Linear system Information =================
Norm of RHS vector:      2.00e+00
Condition number:        4.00e+00
Minimum eigenvalue:      +2.50e-01

RHS vector transpose:    [+1.177 +0.784 +0.981 +0.196 +0.196 +0.981]

Coffcient matrix:        [[+0.510 -0.083 -0.005 +0.009 +0.018 -0.120]
                          [-0.083 +0.676 +0.229 -0.026 -0.081 -0.053]
                          [-0.005 +0.229 +0.599 +0.179 -0.131 -0.170]
                          [+0.009 -0.026 +0.179 +0.673 -0.048 +0.102]
                          [+0.018 -0.081 -0.131 -0.048 +0.625 -0.109]
                          [-0.120 -0.053 -0.170 +0.102 -0.109 +0.667]]

=================== Parameters of the QLSA ==================
Num of ancillae qubits:  5
Expansion order:         1
Num of time slices:      1
Is simulator:            True

==================== Results of the QLSA ====================
Quantum solution:        [+3.184 +1.134 +2.603 -0.703 +1.262 +2.987]
Exact solution:          [+3.212 +1.015 +2.735 -0.821 +1.414 +3.180]

Norm of difference:      3.27e-01
Infeasibility error:     1.38e-01
Is sign changed:         False
Probability:             2.92e-02
Time (s):                1.01e+01

Circuit depth:           409
Circuit width:           11
=============================================================
