[F[K 
================= Linear system Information =================
Norm of RHS vector:      2.00e+00
Condition number:        4.00e+00
Minimum eigenvalue:      +2.50e-01

RHS vector transpose:    [+1.155 +0.770 +0.962 +0.192 +0.192 +0.962 +0.385]

Coffcient matrix:        [[+0.496 -0.016 +0.249 -0.016 +0.061 -0.083 -0.067]
                          [-0.016 +0.738 -0.018 +0.059 -0.064 -0.077 +0.138]
                          [+0.249 -0.018 +0.574 -0.038 +0.079 -0.054 +0.072]
                          [-0.016 +0.059 -0.038 +0.629 -0.211 -0.021 -0.075]
                          [+0.061 -0.064 +0.079 -0.211 +0.630 -0.131 +0.060]
                          [-0.083 -0.077 -0.054 -0.021 -0.131 +0.683 -0.056]
                          [-0.067 +0.138 +0.072 -0.075 +0.060 -0.056 +0.625]]

=================== Parameters of the QLSA ==================
Num of ancillae qubits:  5
Expansion order:         1
Num of time slices:      1
Is simulator:            True

==================== Results of the QLSA ====================
Quantum solution:        [+2.440 +1.170 +0.689 +0.743 +0.705 +2.129 +0.748]
Exact solution:          [+2.382 +1.205 +0.739 +0.691 +0.706 +2.109 +0.723]

Norm of difference:      1.05e-01
Infeasibility error:     4.42e-02
Is sign changed:         False
Probability:             1.38e-02
Time (s):                9.99e+00

Circuit depth:           409
Circuit width:           11
=============================================================
