
================= Linear system Information =================
Norm of RHS vector:      2.00e+00
Condition number:        4.00e+00
Minimum eigenvalue:      +2.50e-01

RHS vector transpose:    [+0.202 +1.010 +0.808 +0.404 +0.808 +0.808 +0.808 +0.404]

Coffcient matrix:        [[+0.778 +0.007 +0.112 -0.108 -0.050 +0.111 -0.038 +0.074]
                          [+0.007 +0.595 +0.064 -0.065 -0.090 +0.054 +0.150 +0.035]
                          [+0.112 +0.064 +0.697 -0.114 +0.058 -0.042 +0.040 -0.089]
                          [-0.108 -0.065 -0.114 +0.594 +0.074 -0.057 +0.083 -0.034]
                          [-0.050 -0.090 +0.058 +0.074 +0.540 -0.115 -0.171 -0.011]
                          [+0.111 +0.054 -0.042 -0.057 -0.115 +0.690 -0.017 -0.128]
                          [-0.038 +0.150 +0.040 +0.083 -0.171 -0.017 +0.655 +0.107]
                          [+0.074 +0.035 -0.089 -0.034 -0.011 -0.128 +0.107 +0.450]]

=================== Parameters of the QLSA ==================
Num of ancillae qubits:  5
Expansion order:         1
Num of time slices:      1
Is simulator:            True

==================== Results of the QLSA ====================
Quantum solution:        [-0.008 +1.513 +1.187 +0.947 +2.298 +1.805 +1.126 +1.334]
Exact solution:          [-0.007 +1.473 +1.209 +0.894 +2.265 +1.873 +1.115 +1.415]

Norm of difference:      1.32e-01
Infeasibility error:     7.31e-02
Is sign changed:         False
Probability:             1.61e-02
Time (s):                1.19e+01

Circuit depth:           409
Circuit width:           11
=============================================================
