[F[K 
================= Linear system Information =================
Norm of RHS vector:      2.00e+00
Condition number:        4.00e+00
Minimum eigenvalue:      +2.50e-01

RHS vector transpose:    [+0.207 +1.037 +1.037 +1.037 +0.830 +0.207]

Coffcient matrix:        [[+0.508 -0.221 +0.024 -0.071 +0.171 -0.155]
                          [-0.221 +0.636 +0.065 -0.011 -0.076 -0.071]
                          [+0.024 +0.065 +0.811 -0.038 +0.136 +0.006]
                          [-0.071 -0.011 -0.038 +0.553 -0.047 -0.006]
                          [+0.171 -0.076 +0.136 -0.047 +0.605 -0.156]
                          [-0.155 -0.071 +0.006 -0.006 -0.156 +0.637]]

=================== Parameters of the QLSA ==================
Num of ancillae qubits:  5
Expansion order:         1
Num of time slices:      1
Is simulator:            True

==================== Results of the QLSA ====================
Quantum solution:        [+1.604 +2.516 +0.894 +2.358 +1.484 +1.437]
Exact solution:          [+1.699 +2.517 +0.865 +2.352 +1.561 +1.418]

Norm of difference:      1.28e-01
Infeasibility error:     1.03e-01
Is sign changed:         False
Probability:             1.82e-02
Time (s):                1.02e+01

Circuit depth:           409
Circuit width:           11
=============================================================
