[F[K 
================= Linear system Information =================
Norm of RHS vector:      2.00e+00
Condition number:        4.00e+00
Minimum eigenvalue:      +2.50e-01

RHS vector transpose:    [+0.419 -0.000 +0.419 +0.210 +0.419 +0.210 +1.048 +1.258 +0.839]

Coffcient matrix:        [[+0.676 -0.088 +0.114 +0.039 +0.100 +0.075 -0.016 +0.101 +0.049]
                          [-0.088 +0.621 +0.168 -0.092 -0.045 +0.128 -0.034 +0.117 -0.029]
                          [+0.114 +0.168 +0.482 +0.051 +0.123 +0.029 +0.069 +0.130 +0.073]
                          [+0.039 -0.092 +0.051 +0.683 +0.054 +0.094 -0.069 +0.038 +0.008]
                          [+0.100 -0.045 +0.123 +0.054 +0.670 -0.134 +0.152 +0.051 +0.009]
                          [+0.075 +0.128 +0.029 +0.094 -0.134 +0.640 +0.005 +0.039 +0.027]
                          [-0.016 -0.034 +0.069 -0.069 +0.152 +0.005 +0.654 +0.010 +0.120]
                          [+0.101 +0.117 +0.130 +0.038 +0.051 +0.039 +0.010 +0.551 -0.015]
                          [+0.049 -0.029 +0.073 +0.008 +0.009 +0.027 +0.120 -0.015 +0.648]]

=================== Parameters of the QLSA ==================
Num of ancillae qubits:  5
Expansion order:         1
Num of time slices:      1
Is simulator:            True

==================== Results of the QLSA ====================
Quantum solution:        [+0.150 -0.227 -0.073 +0.217 +0.077 +0.155 +1.229 +2.007 +0.917]
Exact solution:          [+0.176 -0.232 -0.136 +0.244 +0.120 +0.155 +1.374 +2.298 +1.071]

Norm of difference:      3.70e-01
Infeasibility error:     2.42e-01
Is sign changed:         False
Probability:             8.33e-03
Time (s):                5.28e+01

Circuit depth:           447
Circuit width:           12
=============================================================
