[F[K 
================= Linear system Information =================
Norm of RHS vector:      2.00e+00
Condition number:        4.00e+00
Minimum eigenvalue:      +2.50e-01

RHS vector transpose:    [+0.632 +0.422 +0.632 +1.054 +0.000 +0.211 +0.843 +1.054 +0.211]

Coffcient matrix:        [[+0.633 -0.010 +0.150 -0.082 -0.124 +0.027 -0.015 -0.161 +0.088]
                          [-0.010 +0.729 -0.089 +0.028 +0.048 +0.035 +0.047 -0.053 -0.066]
                          [+0.150 -0.089 +0.724 -0.002 -0.092 -0.040 -0.063 +0.033 -0.018]
                          [-0.082 +0.028 -0.002 +0.652 -0.089 -0.074 -0.044 +0.037 +0.038]
                          [-0.124 +0.048 -0.092 -0.089 +0.493 -0.035 -0.099 +0.005 +0.127]
                          [+0.027 +0.035 -0.040 -0.074 -0.035 +0.624 +0.216 +0.117 -0.043]
                          [-0.015 +0.047 -0.063 -0.044 -0.099 +0.216 +0.651 +0.036 -0.058]
                          [-0.161 -0.053 +0.033 +0.037 +0.005 +0.117 +0.036 +0.598 -0.099]
                          [+0.088 -0.066 -0.018 +0.038 +0.127 -0.043 -0.058 -0.099 +0.522]]

=================== Parameters of the QLSA ==================
Num of ancillae qubits:  5
Expansion order:         1
Num of time slices:      1
Is simulator:            True

==================== Results of the QLSA ====================
Quantum solution:        [+1.542 +0.600 +0.648 +1.674 +0.927 -0.335 +1.499 +1.927 +0.308]
Exact solution:          [+1.852 +0.659 +0.748 +1.893 +1.071 -0.421 +1.706 +2.197 +0.380]

Norm of difference:      5.54e-01
Infeasibility error:     2.54e-01
Is sign changed:         False
Probability:             1.73e-02
Time (s):                5.33e+01

Circuit depth:           424
Circuit width:           12
=============================================================
