[F[K 
================= Linear system Information =================
Norm of RHS vector:      2.00e+00
Condition number:        4.00e+00
Minimum eigenvalue:      +2.50e-01

RHS vector transpose:    [+0.205 +0.616 +0.616 +1.026 +0.205 +0.410 +0.410 +0.821 +0.205 +1.026]

Coffcient matrix:        [[+0.591 +0.046 -0.048 -0.032 +0.042 -0.070 -0.094 +0.026 +0.178 -0.052]
                          [+0.046 +0.624 -0.016 +0.075 +0.114 +0.033 -0.011 -0.018 +0.160 +0.019]
                          [-0.048 -0.016 +0.722 -0.079 +0.074 +0.040 -0.050 -0.077 +0.028 -0.039]
                          [-0.032 +0.075 -0.079 +0.581 +0.014 +0.097 +0.007 -0.082 +0.103 +0.052]
                          [+0.042 +0.114 +0.074 +0.014 +0.683 -0.076 +0.137 -0.176 +0.027 +0.016]
                          [-0.070 +0.033 +0.040 +0.097 -0.076 +0.643 +0.029 +0.049 +0.094 -0.199]
                          [-0.094 -0.011 -0.050 +0.007 +0.137 +0.029 +0.573 -0.008 +0.070 -0.050]
                          [+0.026 -0.018 -0.077 -0.082 -0.176 +0.049 -0.008 +0.681 -0.010 -0.010]
                          [+0.178 +0.160 +0.028 +0.103 +0.027 +0.094 +0.070 -0.010 +0.583 -0.029]
                          [-0.052 +0.019 -0.039 +0.052 +0.016 -0.199 -0.050 -0.010 -0.029 +0.570]]

=================== Parameters of the QLSA ==================
Num of ancillae qubits:  5
Expansion order:         1
Num of time slices:      1
Is simulator:            True

==================== Results of the QLSA ====================
Quantum solution:        [+1.129 +0.917 +1.519 +1.903 +0.121 +0.983 +1.297 +1.577 -0.731 +2.094]
Exact solution:          [+1.206 +0.845 +1.505 +1.914 +0.128 +1.004 +1.279 +1.582 -0.842 +2.259]

Norm of difference:      2.27e-01
Infeasibility error:     1.35e-01
Is sign changed:         False
Probability:             1.89e-02
Time (s):                5.19e+01

Circuit depth:           424
Circuit width:           12
=============================================================
