[F[K 
================= Linear system Information =================
Norm of RHS vector:      2.00e+00
Condition number:        4.00e+00
Minimum eigenvalue:      +2.50e-01

RHS vector transpose:    [+0.629 +1.258 +1.048 +0.419 +0.210 +0.839]

Coffcient matrix:        [[+0.771 +0.029 +0.184 +0.105 +0.039 -0.048]
                          [+0.029 +0.684 -0.072 +0.067 -0.200 -0.082]
                          [+0.184 -0.072 +0.664 -0.020 +0.124 +0.127]
                          [+0.105 +0.067 -0.020 +0.664 +0.072 +0.132]
                          [+0.039 -0.200 +0.124 +0.072 +0.526 +0.029]
                          [-0.048 -0.082 +0.127 +0.132 +0.029 +0.440]]

=================== Parameters of the QLSA ==================
Num of ancillae qubits:  5
Expansion order:         1
Num of time slices:      1
Is simulator:            True

==================== Results of the QLSA ====================
Quantum solution:        [+0.575 +2.368 +1.197 -0.073 +0.799 +1.956]
Exact solution:          [+0.568 +2.476 +1.105 -0.197 +0.946 +2.105]

Norm of difference:      2.82e-01
Infeasibility error:     8.70e-02
Is sign changed:         False
Probability:             1.14e-02
Time (s):                9.89e+00

Circuit depth:           409
Circuit width:           11
=============================================================
