[F[K 
================= Linear system Information =================
Norm of RHS vector:      2.00e+00
Condition number:        4.00e+00
Minimum eigenvalue:      +2.50e-01

RHS vector transpose:    [+0.606 +0.000 +1.010 +1.010 +0.808 +0.606 +0.202 +0.606 +0.404]

Coffcient matrix:        [[+0.677 -0.113 +0.108 -0.079 +0.061 -0.033 +0.108 +0.116 +0.086]
                          [-0.113 +0.635 +0.006 -0.100 +0.136 +0.084 -0.050 -0.091 +0.094]
                          [+0.108 +0.006 +0.762 -0.085 -0.061 +0.100 -0.049 +0.128 -0.033]
                          [-0.079 -0.100 -0.085 +0.662 -0.088 +0.026 -0.004 +0.118 +0.027]
                          [+0.061 +0.136 -0.061 -0.088 +0.621 +0.030 -0.010 -0.052 -0.086]
                          [-0.033 +0.084 +0.100 +0.026 +0.030 +0.559 -0.074 +0.008 -0.015]
                          [+0.108 -0.050 -0.049 -0.004 -0.010 -0.074 +0.564 +0.155 +0.071]
                          [+0.116 -0.091 +0.128 +0.118 -0.052 +0.008 +0.155 +0.516 -0.093]
                          [+0.086 +0.094 -0.033 +0.027 -0.086 -0.015 +0.071 -0.093 +0.629]]

=================== Parameters of the QLSA ==================
Num of ancillae qubits:  5
Expansion order:         1
Num of time slices:      1
Is simulator:            True

==================== Results of the QLSA ====================
Quantum solution:        [+0.433 -0.163 +1.328 +1.601 +1.601 +0.647 +0.255 +0.422 +0.780]
Exact solution:          [+0.467 -0.175 +1.489 +1.835 +1.836 +0.741 +0.272 +0.504 +0.918]

Norm of difference:      4.14e-01
Infeasibility error:     2.43e-01
Is sign changed:         False
Probability:             1.08e-02
Time (s):                5.30e+01

Circuit depth:           424
Circuit width:           12
=============================================================
