
================= Linear system Information =================
Norm of RHS vector:      2.00e+00
Condition number:        4.00e+00
Minimum eigenvalue:      +2.50e-01

RHS vector transpose:    [+0.413 +0.825 +0.206 -0.000 +1.031 +0.825 +0.825 +0.825]

Coffcient matrix:        [[+0.468 +0.038 -0.009 -0.096 +0.075 -0.035 -0.016 -0.048]
                          [+0.038 +0.626 +0.239 -0.090 -0.036 +0.007 +0.027 -0.007]
                          [-0.009 +0.239 +0.518 +0.004 +0.015 -0.213 +0.002 -0.062]
                          [-0.096 -0.090 +0.004 +0.639 +0.023 -0.121 +0.176 +0.018]
                          [+0.075 -0.036 +0.015 +0.023 +0.654 -0.019 -0.046 -0.088]
                          [-0.035 +0.007 -0.213 -0.121 -0.019 +0.739 +0.013 +0.126]
                          [-0.016 +0.027 +0.002 +0.176 -0.046 +0.013 +0.717 -0.047]
                          [-0.048 -0.007 -0.062 +0.018 -0.088 +0.126 -0.047 +0.640]]

=================== Parameters of the QLSA ==================
Num of ancillae qubits:  5
Expansion order:         1
Num of time slices:      1
Is simulator:            True

==================== Results of the QLSA ====================
Quantum solution:        [+0.687 +1.028 +0.367 +0.025 +1.602 +0.883 +1.127 +1.367]
Exact solution:          [+0.775 +1.165 +0.419 -0.007 +1.874 +1.020 +1.327 +1.554]

Norm of difference:      4.45e-01
Infeasibility error:     2.70e-01
Is sign changed:         False
Probability:             1.10e-02
Time (s):                9.93e+00

Circuit depth:           418
Circuit width:           11
=============================================================
