[F[K 
================= Linear system Information =================
Norm of RHS vector:      2.00e+00
Condition number:        4.00e+00
Minimum eigenvalue:      +2.50e-01

RHS vector transpose:    [+0.385 +0.770 +0.770 +0.385 +1.540 +0.385]

Coffcient matrix:        [[+0.735 -0.015 -0.105 -0.233 +0.089 +0.110]
                          [-0.015 +0.521 +0.120 +0.111 -0.050 +0.036]
                          [-0.105 +0.120 +0.703 -0.174 -0.084 +0.013]
                          [-0.233 +0.111 -0.174 +0.610 -0.047 +0.005]
                          [+0.089 -0.050 -0.084 -0.047 +0.548 +0.152]
                          [+0.110 +0.036 +0.013 +0.005 +0.152 +0.632]]

=================== Parameters of the QLSA ==================
Num of ancillae qubits:  5
Expansion order:         1
Num of time slices:      1
Is simulator:            True

==================== Results of the QLSA ====================
Quantum solution:        [+0.985 +1.104 +1.870 +1.579 +3.149 -0.293]
Exact solution:          [+0.992 +1.086 +1.853 +1.598 +3.295 -0.472]

Norm of difference:      2.33e-01
Infeasibility error:     1.13e-01
Is sign changed:         False
Probability:             1.76e-02
Time (s):                9.76e+00

Circuit depth:           409
Circuit width:           11
=============================================================
