[F[K 
================= Linear system Information =================
Norm of RHS vector:      2.00e+00
Condition number:        4.00e+00
Minimum eigenvalue:      +2.50e-01

RHS vector transpose:    [+1.026 +0.410 +0.821 +1.436 +0.000 +0.205]

Coffcient matrix:        [[+0.665 +0.145 +0.117 -0.086 -0.042 +0.160]
                          [+0.145 +0.568 -0.027 -0.045 +0.122 +0.123]
                          [+0.117 -0.027 +0.657 -0.072 -0.148 +0.175]
                          [-0.086 -0.045 -0.072 +0.714 -0.091 +0.027]
                          [-0.042 +0.122 -0.148 -0.091 +0.636 +0.119]
                          [+0.160 +0.123 +0.175 +0.027 +0.119 +0.510]]

=================== Parameters of the QLSA ==================
Num of ancillae qubits:  5
Expansion order:         1
Num of time slices:      1
Is simulator:            True

==================== Results of the QLSA ====================
Quantum solution:        [+1.432 +0.515 +1.563 +2.069 +0.743 -0.982]
Exact solution:          [+1.815 +0.618 +1.833 +2.640 +1.055 -1.335]

Norm of difference:      8.83e-01
Infeasibility error:     3.82e-01
Is sign changed:         False
Probability:             1.81e-02
Time (s):                1.00e+01

Circuit depth:           409
Circuit width:           11
=============================================================
