[F[K 
================= Linear system Information =================
Norm of RHS vector:      2.00e+00
Condition number:        4.00e+00
Minimum eigenvalue:      +2.50e-01

RHS vector transpose:    [+0.402 +0.804 +0.402 +0.201 +0.201 +1.005 +0.804 +0.804 +0.000 +0.804]

Coffcient matrix:        [[+0.568 +0.096 -0.040 +0.037 -0.020 -0.132 -0.060 -0.100 -0.001 -0.020]
                          [+0.096 +0.713 +0.066 +0.110 +0.098 +0.130 -0.081 -0.052 -0.019 +0.026]
                          [-0.040 +0.066 +0.560 -0.026 -0.094 -0.013 +0.115 +0.154 +0.048 +0.015]
                          [+0.037 +0.110 -0.026 +0.635 -0.051 +0.018 +0.070 -0.110 -0.034 +0.182]
                          [-0.020 +0.098 -0.094 -0.051 +0.595 -0.027 -0.025 -0.100 +0.039 +0.017]
                          [-0.132 +0.130 -0.013 +0.018 -0.027 +0.652 +0.136 +0.041 -0.100 -0.037]
                          [-0.060 -0.081 +0.115 +0.070 -0.025 +0.136 +0.586 +0.114 +0.019 -0.034]
                          [-0.100 -0.052 +0.154 -0.110 -0.100 +0.041 +0.114 +0.524 +0.068 +0.010]
                          [-0.001 -0.019 +0.048 -0.034 +0.039 -0.100 +0.019 +0.068 +0.732 +0.022]
                          [-0.020 +0.026 +0.015 +0.182 +0.017 -0.037 -0.034 +0.010 +0.022 +0.684]]

=================== Parameters of the QLSA ==================
Num of ancillae qubits:  5
Expansion order:         1
Num of time slices:      1
Is simulator:            True

==================== Results of the QLSA ====================
Quantum solution:        [+1.165 +0.681 +0.202 -0.001 +0.570 +1.301 +0.899 +1.415 -0.030 +1.094]
Exact solution:          [+1.386 +0.778 +0.181 -0.108 +0.612 +1.451 +1.063 +1.551 -0.040 +1.306]

Norm of difference:      4.30e-01
Infeasibility error:     2.30e-01
Is sign changed:         False
Probability:             1.01e-02
Time (s):                5.32e+01

Circuit depth:           424
Circuit width:           12
=============================================================
