[F[K 
================= Linear system Information =================
Norm of RHS vector:      2.00e+00
Condition number:        4.00e+00
Minimum eigenvalue:      +2.50e-01

RHS vector transpose:    [+0.197 +0.788 +0.197 +0.591 +0.000 +0.985 +0.985 +0.000 +0.985 +0.197]

Coffcient matrix:        [[+0.674 +0.044 -0.150 -0.034 +0.010 +0.069 -0.094 -0.019 -0.006 -0.030]
                          [+0.044 +0.619 +0.041 -0.181 -0.012 +0.096 +0.033 +0.038 +0.032 -0.030]
                          [-0.150 +0.041 +0.654 +0.030 +0.027 +0.041 +0.041 -0.056 +0.076 -0.035]
                          [-0.034 -0.181 +0.030 +0.673 -0.011 -0.000 +0.004 -0.100 +0.118 +0.096]
                          [+0.010 -0.012 +0.027 -0.011 +0.504 -0.139 -0.007 -0.118 -0.093 -0.071]
                          [+0.069 +0.096 +0.041 -0.000 -0.139 +0.663 +0.038 -0.021 -0.066 -0.114]
                          [-0.094 +0.033 +0.041 +0.004 -0.007 +0.038 +0.601 +0.028 -0.021 +0.082]
                          [-0.019 +0.038 -0.056 -0.100 -0.118 -0.021 +0.028 +0.774 +0.185 -0.102]
                          [-0.006 +0.032 +0.076 +0.118 -0.093 -0.066 -0.021 +0.185 +0.578 -0.015]
                          [-0.030 -0.030 -0.035 +0.096 -0.071 -0.114 +0.082 -0.102 -0.015 +0.510]]

=================== Parameters of the QLSA ==================
Num of ancillae qubits:  5
Expansion order:         1
Num of time slices:      1
Is simulator:            True

==================== Results of the QLSA ====================
Quantum solution:        [+0.336 +1.123 -0.138 +0.737 +0.933 +1.696 +1.549 -0.231 +1.938 +0.630]
Exact solution:          [+0.278 +1.087 -0.200 +0.726 +0.947 +1.720 +1.535 -0.233 +2.019 +0.599]

Norm of difference:      1.31e-01
Infeasibility error:     6.34e-02
Is sign changed:         False
Probability:             1.19e-02
Time (s):                5.26e+01

Circuit depth:           424
Circuit width:           12
=============================================================
