[F[K 
================= Linear system Information =================
Norm of RHS vector:      2.00e+00
Condition number:        4.00e+00
Minimum eigenvalue:      +2.50e-01

RHS vector transpose:    [-0.000 +0.958 +0.383 +0.383 +0.958 +0.383 +0.958 +0.575 +0.575 +0.383]

Coffcient matrix:        [[+0.581 +0.046 -0.150 +0.118 -0.043 -0.029 +0.002 +0.064 -0.060 +0.022]
                          [+0.046 +0.662 +0.084 -0.083 +0.008 -0.044 -0.020 +0.003 +0.002 +0.078]
                          [-0.150 +0.084 +0.556 -0.147 -0.003 -0.011 -0.108 +0.189 -0.029 +0.096]
                          [+0.118 -0.083 -0.147 +0.583 -0.037 -0.126 -0.020 -0.011 -0.017 -0.031]
                          [-0.043 +0.008 -0.003 -0.037 +0.664 -0.104 +0.089 -0.062 +0.193 +0.124]
                          [-0.029 -0.044 -0.011 -0.126 -0.104 +0.618 +0.021 -0.093 -0.074 +0.060]
                          [+0.002 -0.020 -0.108 -0.020 +0.089 +0.021 +0.595 -0.005 -0.060 +0.063]
                          [+0.064 +0.003 +0.189 -0.011 -0.062 -0.093 -0.005 +0.680 +0.012 +0.060]
                          [-0.060 +0.002 -0.029 -0.017 +0.193 -0.074 -0.060 +0.012 +0.635 +0.050]
                          [+0.022 +0.078 +0.096 -0.031 +0.124 +0.060 +0.063 +0.060 +0.050 +0.676]]

=================== Parameters of the QLSA ==================
Num of ancillae qubits:  5
Expansion order:         1
Num of time slices:      1
Is simulator:            True

==================== Results of the QLSA ====================
Quantum solution:        [-0.026 +1.516 +0.936 +1.532 +1.376 +1.441 +1.603 +0.865 +0.761 -0.378]
Exact solution:          [-0.021 +1.711 +1.058 +1.693 +1.428 +1.581 +1.794 +0.952 +0.927 -0.424]

Norm of difference:      4.18e-01
Infeasibility error:     2.00e-01
Is sign changed:         False
Probability:             1.69e-02
Time (s):                5.87e+01

Circuit depth:           447
Circuit width:           12
=============================================================
