[F[K 
================= Linear system Information =================
Norm of RHS vector:      2.00e+00
Condition number:        4.00e+00
Minimum eigenvalue:      +2.50e-01

RHS vector transpose:    [+0.398 -0.000 +0.597 +0.199 +0.796 +0.398 +0.995 +0.199 +0.796 +0.995]

Coffcient matrix:        [[+0.645 +0.011 -0.021 +0.125 -0.126 +0.048 +0.076 +0.019 +0.071 +0.011]
                          [+0.011 +0.565 +0.052 +0.053 +0.027 +0.123 -0.156 -0.067 +0.037 +0.074]
                          [-0.021 +0.052 +0.616 +0.066 +0.039 +0.034 -0.037 -0.080 -0.020 -0.085]
                          [+0.125 +0.053 +0.066 +0.651 -0.005 +0.064 +0.111 +0.106 -0.068 +0.067]
                          [-0.126 +0.027 +0.039 -0.005 +0.759 +0.143 -0.066 -0.052 +0.050 -0.021]
                          [+0.048 +0.123 +0.034 +0.064 +0.143 +0.613 +0.129 -0.039 -0.054 -0.106]
                          [+0.076 -0.156 -0.037 +0.111 -0.066 +0.129 +0.576 +0.029 -0.097 +0.010]
                          [+0.019 -0.067 -0.080 +0.106 -0.052 -0.039 +0.029 +0.419 -0.003 +0.043]
                          [+0.071 +0.037 -0.020 -0.068 +0.050 -0.054 -0.097 -0.003 +0.616 -0.048]
                          [+0.011 +0.074 -0.085 +0.067 -0.021 -0.106 +0.010 +0.043 -0.048 +0.789]]

=================== Parameters of the QLSA ==================
Num of ancillae qubits:  5
Expansion order:         1
Num of time slices:      1
Is simulator:            True

==================== Results of the QLSA ====================
Quantum solution:        [+0.456 +0.206 +1.257 -0.349 +1.094 +0.205 +1.959 +0.693 +1.363 +1.301]
Exact solution:          [+0.469 +0.165 +1.415 -0.436 +1.170 +0.269 +2.169 +0.736 +1.620 +1.527]

Norm of difference:      4.55e-01
Infeasibility error:     2.34e-01
Is sign changed:         False
Probability:             1.42e-02
Time (s):                5.32e+01

Circuit depth:           447
Circuit width:           12
=============================================================
