[F[K 
================= Linear system Information =================
Norm of RHS vector:      2.00e+00
Condition number:        4.00e+00
Minimum eigenvalue:      +2.50e-01

RHS vector transpose:    [+0.839 +0.629 +0.419 +0.839 +0.419 +0.629 +0.419 +0.419 +1.048]

Coffcient matrix:        [[+0.476 +0.112 -0.036 +0.195 +0.012 -0.095 +0.073 +0.117 +0.018]
                          [+0.112 +0.545 +0.052 -0.017 +0.023 -0.003 +0.020 +0.070 -0.081]
                          [-0.036 +0.052 +0.656 -0.072 -0.036 -0.054 +0.137 +0.016 -0.037]
                          [+0.195 -0.017 -0.072 +0.672 -0.054 +0.037 -0.013 -0.046 -0.142]
                          [+0.012 +0.023 -0.036 -0.054 +0.693 -0.031 -0.050 +0.070 +0.034]
                          [-0.095 -0.003 -0.054 +0.037 -0.031 +0.586 -0.011 -0.259 +0.006]
                          [+0.073 +0.020 +0.137 -0.013 -0.050 -0.011 +0.605 +0.012 +0.066]
                          [+0.117 +0.070 +0.016 -0.046 +0.070 -0.259 +0.012 +0.657 +0.067]
                          [+0.018 -0.081 -0.037 -0.142 +0.034 +0.006 +0.066 +0.067 +0.734]]

=================== Parameters of the QLSA ==================
Num of ancillae qubits:  5
Expansion order:         1
Num of time slices:      1
Is simulator:            True

==================== Results of the QLSA ====================
Quantum solution:        [+1.067 +0.966 +0.957 +1.450 +0.628 +1.711 +0.253 +0.896 +1.628]
Exact solution:          [+0.991 +1.027 +0.970 +1.476 +0.641 +1.620 +0.230 +0.826 +1.714]

Norm of difference:      1.78e-01
Infeasibility error:     6.83e-02
Is sign changed:         False
Probability:             1.16e-02
Time (s):                5.34e+01

Circuit depth:           424
Circuit width:           12
=============================================================
