
================= Linear system Information =================
Norm of RHS vector:      2.00e+00
Condition number:        4.00e+00
Minimum eigenvalue:      +2.50e-01

RHS vector transpose:    [-0.000 +1.021 +0.408 +0.408 +1.021 +0.408 +1.021 +0.612]

Coffcient matrix:        [[+0.691 +0.015 +0.064 +0.053 +0.015 -0.116 +0.057 +0.101]
                          [+0.015 +0.315 +0.041 +0.111 +0.068 +0.043 -0.071 +0.059]
                          [+0.064 +0.041 +0.677 +0.069 +0.045 -0.091 -0.036 -0.047]
                          [+0.053 +0.111 +0.069 +0.653 -0.104 +0.004 -0.133 +0.100]
                          [+0.015 +0.068 +0.045 -0.104 +0.711 -0.091 -0.053 -0.088]
                          [-0.116 +0.043 -0.091 +0.004 -0.091 +0.636 -0.026 +0.205]
                          [+0.057 -0.071 -0.036 -0.133 -0.053 -0.026 +0.673 -0.046]
                          [+0.101 +0.059 -0.047 +0.100 -0.088 +0.205 -0.046 +0.643]]

=================== Parameters of the QLSA ==================
Num of ancillae qubits:  5
Expansion order:         1
Num of time slices:      1
Is simulator:            True

==================== Results of the QLSA ====================
Quantum solution:        [-0.000 +0.000 +0.000 +0.000 +0.000 +0.000 +0.000 +0.000]
Exact solution:          [-0.439 +2.876 +0.542 +0.671 +1.568 +0.458 +2.220 +0.920]

Norm of difference:      4.20e+00
Infeasibility error:     2.00e+00
Is sign changed:         True
Probability:             1.76e-02
Time (s):                1.12e+01

Circuit depth:           418
Circuit width:           11
=============================================================
