[F[K 
================= Linear system Information =================
Norm of RHS vector:      2.00e+00
Condition number:        4.00e+00
Minimum eigenvalue:      +2.50e-01

RHS vector transpose:    [+0.784 +0.588 +0.196 +0.784 +0.392 +0.981 -0.000 +0.392 +0.981 +0.392]

Coffcient matrix:        [[+0.618 +0.152 +0.078 +0.071 +0.011 +0.018 -0.041 +0.128 +0.077 -0.081]
                          [+0.152 +0.736 +0.097 -0.009 +0.002 -0.058 +0.065 -0.048 -0.126 -0.054]
                          [+0.078 +0.097 +0.687 +0.108 +0.050 +0.054 -0.023 -0.120 +0.125 +0.062]
                          [+0.071 -0.009 +0.108 +0.652 +0.136 +0.003 -0.029 -0.003 +0.076 +0.110]
                          [+0.011 +0.002 +0.050 +0.136 +0.590 -0.087 -0.047 +0.059 +0.040 +0.109]
                          [+0.018 -0.058 +0.054 +0.003 -0.087 +0.480 +0.071 -0.024 -0.130 +0.047]
                          [-0.041 +0.065 -0.023 -0.029 -0.047 +0.071 +0.587 +0.065 +0.025 +0.052]
                          [+0.128 -0.048 -0.120 -0.003 +0.059 -0.024 +0.065 +0.625 +0.099 +0.053]
                          [+0.077 -0.126 +0.125 +0.076 +0.040 -0.130 +0.025 +0.099 +0.615 -0.043]
                          [-0.081 -0.054 +0.062 +0.110 +0.109 +0.047 +0.052 +0.053 -0.043 +0.661]]

=================== Parameters of the QLSA ==================
Num of ancillae qubits:  5
Expansion order:         1
Num of time slices:      1
Is simulator:            True

==================== Results of the QLSA ====================
Quantum solution:        [+0.416 +1.438 -0.827 +0.692 +0.588 +2.949 -0.603 +0.177 +2.218 +0.590]
Exact solution:          [+0.475 +1.657 -0.959 +0.732 +0.677 +3.217 -0.672 +0.128 +2.665 +0.631]

Norm of difference:      5.99e-01
Infeasibility error:     2.56e-01
Is sign changed:         False
Probability:             2.13e-02
Time (s):                6.36e+01

Circuit depth:           447
Circuit width:           12
=============================================================
