[F[K 
================= Linear system Information =================
Norm of RHS vector:      2.00e+00
Condition number:        4.00e+00
Minimum eigenvalue:      +2.50e-01

RHS vector transpose:    [+0.000 +0.759 +0.949 +0.949 +1.139 +0.569]

Coffcient matrix:        [[+0.565 +0.057 +0.109 -0.025 -0.118 -0.017]
                          [+0.057 +0.593 -0.246 +0.076 -0.066 +0.039]
                          [+0.109 -0.246 +0.607 +0.108 +0.116 -0.009]
                          [-0.025 +0.076 +0.108 +0.618 +0.161 +0.185]
                          [-0.118 -0.066 +0.116 +0.161 +0.743 +0.018]
                          [-0.017 +0.039 -0.009 +0.185 +0.018 +0.622]]

=================== Parameters of the QLSA ==================
Num of ancillae qubits:  5
Expansion order:         1
Num of time slices:      1
Is simulator:            True

==================== Results of the QLSA ====================
Quantum solution:        [-0.432 +2.252 +2.309 +0.419 +1.166 +0.605]
Exact solution:          [-0.384 +2.317 +2.288 +0.317 +1.235 +0.663]

Norm of difference:      1.60e-01
Infeasibility error:     7.14e-02
Is sign changed:         False
Probability:             1.30e-02
Time (s):                1.01e+01

Circuit depth:           409
Circuit width:           11
=============================================================
