
================= Linear system Information =================
Norm of RHS vector:      2.00e+00
Condition number:        4.00e+00
Minimum eigenvalue:      +2.50e-01

RHS vector transpose:    [+0.597 +0.995 +0.995 -0.000 +0.199 +0.796 +0.597 +0.796]

Coffcient matrix:        [[+0.728 -0.072 +0.019 -0.060 -0.024 +0.118 +0.052 -0.011]
                          [-0.072 +0.739 -0.234 +0.017 -0.069 +0.065 -0.060 -0.032]
                          [+0.019 -0.234 +0.679 -0.014 -0.029 +0.014 +0.082 -0.108]
                          [-0.060 +0.017 -0.014 +0.504 +0.211 +0.042 -0.018 +0.017]
                          [-0.024 -0.069 -0.029 +0.211 +0.688 -0.019 -0.159 +0.032]
                          [+0.118 +0.065 +0.014 +0.042 -0.019 +0.596 -0.069 +0.056]
                          [+0.052 -0.060 +0.082 -0.018 -0.159 -0.069 +0.468 +0.095]
                          [-0.011 -0.032 -0.108 +0.017 +0.032 +0.056 +0.095 +0.599]]

=================== Parameters of the QLSA ==================
Num of ancillae qubits:  5
Expansion order:         1
Num of time slices:      1
Is simulator:            True

==================== Results of the QLSA ====================
Quantum solution:        [+0.689 +2.002 +2.038 -0.257 +0.826 +0.813 +1.025 +1.397]
Exact solution:          [+0.776 +2.368 +2.380 -0.436 +1.021 +0.925 +1.221 +1.577]

Norm of difference:      6.41e-01
Infeasibility error:     2.76e-01
Is sign changed:         False
Probability:             1.69e-02
Time (s):                1.02e+01

Circuit depth:           418
Circuit width:           11
=============================================================
