[F[K 
================= Linear system Information =================
Norm of RHS vector:      2.00e+00
Condition number:        4.00e+00
Minimum eigenvalue:      +2.50e-01

RHS vector transpose:    [+0.203 +0.609 +1.015 +0.203 +1.218 +1.015]

Coffcient matrix:        [[+0.752 -0.116 +0.027 -0.133 +0.126 -0.001]
                          [-0.116 +0.436 +0.079 -0.043 -0.023 -0.178]
                          [+0.027 +0.079 +0.722 -0.193 -0.014 -0.046]
                          [-0.133 -0.043 -0.193 +0.722 +0.065 +0.093]
                          [+0.126 -0.023 -0.014 +0.065 +0.621 -0.114]
                          [-0.001 -0.178 -0.046 +0.093 -0.114 +0.498]]

=================== Parameters of the QLSA ==================
Num of ancillae qubits:  5
Expansion order:         1
Num of time slices:      1
Is simulator:            True

==================== Results of the QLSA ====================
Quantum solution:        [+0.142 +2.971 +1.484 +0.120 +2.689 +3.785]
Exact solution:          [+0.240 +2.926 +1.407 +0.137 +2.740 +3.817]

Norm of difference:      1.46e-01
Infeasibility error:     1.23e-01
Is sign changed:         False
Probability:             3.09e-02
Time (s):                1.01e+01

Circuit depth:           409
Circuit width:           11
=============================================================
