
================= Linear system Information =================
Norm of RHS vector:      2.00e+00
Condition number:        4.00e+00
Minimum eigenvalue:      +2.50e-01

RHS vector transpose:    [+0.981 +0.392 -0.000 +0.784 +0.588 +0.588 +0.784 +0.981]

Coffcient matrix:        [[+0.603 -0.018 -0.013 +0.265 +0.032 +0.148 +0.059 -0.172]
                          [-0.018 +0.593 -0.035 -0.065 -0.042 +0.006 -0.019 -0.031]
                          [-0.013 -0.035 +0.475 +0.094 +0.020 -0.052 -0.126 +0.128]
                          [+0.265 -0.065 +0.094 +0.686 -0.005 +0.047 -0.126 -0.001]
                          [+0.032 -0.042 +0.020 -0.005 +0.738 +0.016 +0.122 -0.004]
                          [+0.148 +0.006 -0.052 +0.047 +0.016 +0.627 +0.009 +0.075]
                          [+0.059 -0.019 -0.126 -0.126 +0.122 +0.009 +0.605 -0.034]
                          [-0.172 -0.031 +0.128 -0.001 -0.004 +0.075 -0.034 +0.673]]

=================== Parameters of the QLSA ==================
Num of ancillae qubits:  5
Expansion order:         1
Num of time slices:      1
Is simulator:            True

==================== Results of the QLSA ====================
Quantum solution:        [+1.434 +0.829 -0.153 +0.717 +0.546 +0.123 +1.141 +1.750]
Exact solution:          [+1.643 +0.976 -0.259 +0.866 +0.589 +0.182 +1.288 +2.020]

Norm of difference:      4.45e-01
Infeasibility error:     2.75e-01
Is sign changed:         False
Probability:             1.11e-02
Time (s):                1.02e+01

Circuit depth:           418
Circuit width:           11
=============================================================
