[F[K 
================= Linear system Information =================
Norm of RHS vector:      2.00e+00
Condition number:        4.00e+00
Minimum eigenvalue:      +2.50e-01

RHS vector transpose:    [+0.402 +0.804 +0.402 +0.201 +1.407 +1.005]

Coffcient matrix:        [[+0.622 +0.031 -0.093 -0.083 -0.012 +0.088]
                          [+0.031 +0.386 +0.019 -0.160 -0.033 -0.153]
                          [-0.093 +0.019 +0.671 +0.109 +0.080 -0.058]
                          [-0.083 -0.160 +0.109 +0.636 -0.094 -0.035]
                          [-0.012 -0.033 +0.080 -0.094 +0.716 +0.228]
                          [+0.088 -0.153 -0.058 -0.035 +0.228 +0.718]]

=================== Parameters of the QLSA ==================
Num of ancillae qubits:  5
Expansion order:         1
Num of time slices:      1
Is simulator:            True

==================== Results of the QLSA ====================
Quantum solution:        [+0.592 +3.528 +0.269 +1.507 +1.796 +1.562]
Exact solution:          [+0.530 +3.474 +0.241 +1.573 +1.805 +1.601]

Norm of difference:      1.16e-01
Infeasibility error:     8.31e-02
Is sign changed:         False
Probability:             1.98e-02
Time (s):                1.03e+01

Circuit depth:           409
Circuit width:           11
=============================================================
