[F[K 
================= Linear system Information =================
Norm of RHS vector:      2.00e+00
Condition number:        4.00e+00
Minimum eigenvalue:      +2.50e-01

RHS vector transpose:    [+0.636 +0.848 +0.424 +0.636 +1.060 +1.060 +0.212]

Coffcient matrix:        [[+0.586 +0.177 -0.127 -0.007 -0.037 +0.129 +0.106]
                          [+0.177 +0.626 -0.012 -0.174 +0.122 -0.039 -0.054]
                          [-0.127 -0.012 +0.756 -0.013 +0.011 -0.206 +0.143]
                          [-0.007 -0.174 -0.013 +0.622 +0.017 +0.053 -0.061]
                          [-0.037 +0.122 +0.011 +0.017 +0.679 +0.052 -0.052]
                          [+0.129 -0.039 -0.206 +0.053 +0.052 +0.562 -0.020]
                          [+0.106 -0.054 +0.143 -0.061 -0.052 -0.020 +0.544]]

=================== Parameters of the QLSA ==================
Num of ancillae qubits:  5
Expansion order:         1
Num of time slices:      1
Is simulator:            True

==================== Results of the QLSA ====================
Quantum solution:        [+0.404 +1.543 +1.193 +1.287 +1.138 +2.146 +0.453]
Exact solution:          [+0.376 +1.601 +1.136 +1.339 +1.120 +2.115 +0.512]

Norm of difference:      1.22e-01
Infeasibility error:     4.28e-02
Is sign changed:         False
Probability:             1.15e-02
Time (s):                1.05e+01

Circuit depth:           409
Circuit width:           11
=============================================================
