[F[K 
================= Linear system Information =================
Norm of RHS vector:      2.00e+00
Condition number:        4.00e+00
Minimum eigenvalue:      +2.50e-01

RHS vector transpose:    [-0.000 +1.171 +0.976 +0.195 +0.390 +0.390 +0.976 +0.586 +0.195]

Coffcient matrix:        [[+0.618 +0.011 +0.108 -0.040 -0.013 -0.051 +0.010 -0.225 -0.002]
                          [+0.011 +0.790 +0.013 -0.016 +0.034 -0.144 +0.058 -0.007 -0.065]
                          [+0.108 +0.013 +0.488 -0.132 -0.107 +0.028 -0.052 -0.056 +0.055]
                          [-0.040 -0.016 -0.132 +0.667 -0.042 +0.081 +0.035 +0.102 -0.147]
                          [-0.013 +0.034 -0.107 -0.042 +0.722 +0.009 +0.083 +0.085 +0.006]
                          [-0.051 -0.144 +0.028 +0.081 +0.009 +0.613 +0.010 -0.089 +0.044]
                          [+0.010 +0.058 -0.052 +0.035 +0.083 +0.010 +0.490 -0.097 +0.111]
                          [-0.225 -0.007 -0.056 +0.102 +0.085 -0.089 -0.097 +0.592 -0.047]
                          [-0.002 -0.065 +0.055 -0.147 +0.006 +0.044 +0.111 -0.047 +0.646]]

=================== Parameters of the QLSA ==================
Num of ancillae qubits:  5
Expansion order:         1
Num of time slices:      1
Is simulator:            True

==================== Results of the QLSA ====================
Quantum solution:        [+0.162 +0.804 +1.311 +0.157 +0.208 +0.581 +1.235 +0.950 +0.004]
Exact solution:          [+0.269 +1.465 +2.465 +0.328 +0.371 +1.067 +2.327 +1.770 -0.033]

Norm of difference:      1.98e+00
Infeasibility error:     9.21e-01
Is sign changed:         False
Probability:             1.81e-02
Time (s):                5.54e+01

Circuit depth:           447
Circuit width:           12
=============================================================
