
================= Linear system Information =================
Norm of RHS vector:      2.00e+00
Condition number:        4.00e+00
Minimum eigenvalue:      +2.50e-01

RHS vector transpose:    [+1.206 +0.402 +0.804 +0.201 +0.402 +1.005 +0.402 +0.603]

Coffcient matrix:        [[+0.653 -0.045 -0.018 -0.004 -0.012 +0.047 +0.187 -0.157]
                          [-0.045 +0.712 +0.014 -0.091 +0.031 +0.053 +0.030 -0.108]
                          [-0.018 +0.014 +0.558 -0.013 +0.073 +0.107 +0.074 +0.077]
                          [-0.004 -0.091 -0.013 +0.590 +0.195 +0.042 +0.080 +0.005]
                          [-0.012 +0.031 +0.073 +0.195 +0.640 +0.144 +0.033 -0.070]
                          [+0.047 +0.053 +0.107 +0.042 +0.144 +0.646 +0.014 +0.116]
                          [+0.187 +0.030 +0.074 +0.080 +0.033 +0.014 +0.741 -0.096]
                          [-0.157 -0.108 +0.077 +0.005 -0.070 +0.116 -0.096 +0.461]]

=================== Parameters of the QLSA ==================
Num of ancillae qubits:  5
Expansion order:         1
Num of time slices:      1
Is simulator:            True

==================== Results of the QLSA ====================
Quantum solution:        [+2.378 +0.998 +0.992 +0.214 +0.608 +0.598 +0.067 +2.100]
Exact solution:          [+2.417 +0.984 +1.027 +0.301 +0.509 +0.619 -0.004 +2.107]

Norm of difference:      1.61e-01
Infeasibility error:     7.42e-02
Is sign changed:         False
Probability:             1.31e-02
Time (s):                1.09e+01

Circuit depth:           409
Circuit width:           11
=============================================================
