[F[K 
================= Linear system Information =================
Norm of RHS vector:      2.00e+00
Condition number:        4.00e+00
Minimum eigenvalue:      +2.50e-01

RHS vector transpose:    [+0.398 +0.000 +0.796 +1.393 +0.796 +0.796 +0.000]

Coffcient matrix:        [[+0.726 +0.072 +0.003 +0.076 +0.124 +0.016 -0.001]
                          [+0.072 +0.601 -0.178 -0.044 +0.052 +0.086 -0.101]
                          [+0.003 -0.178 +0.436 -0.116 +0.105 -0.079 +0.180]
                          [+0.076 -0.044 -0.116 +0.739 -0.086 +0.050 -0.060]
                          [+0.124 +0.052 +0.105 -0.086 +0.710 +0.012 +0.147]
                          [+0.016 +0.086 -0.079 +0.050 +0.012 +0.549 +0.063]
                          [-0.001 -0.101 +0.180 -0.060 +0.147 +0.063 +0.613]]

=================== Parameters of the QLSA ==================
Num of ancillae qubits:  5
Expansion order:         1
Num of time slices:      1
Is simulator:            True

==================== Results of the QLSA ====================
Quantum solution:        [+0.061 +0.537 +2.663 +1.964 +0.892 +1.452 -0.868]
Exact solution:          [+0.010 +0.600 +3.166 +2.341 +1.077 +1.695 -1.033]

Norm of difference:      7.23e-01
Infeasibility error:     3.10e-01
Is sign changed:         False
Probability:             2.11e-02
Time (s):                9.88e+00

Circuit depth:           409
Circuit width:           11
=============================================================
