[F[K 
================= Linear system Information =================
Norm of RHS vector:      2.00e+00
Condition number:        4.00e+00
Minimum eigenvalue:      +2.50e-01

RHS vector transpose:    [+0.378 +0.000 +0.945 +0.378 +0.567 +0.378 +0.567 +0.756 +0.945 +0.756]

Coffcient matrix:        [[+0.547 -0.096 +0.018 -0.051 +0.002 +0.134 +0.118 -0.032 -0.066 +0.037]
                          [-0.096 +0.510 -0.192 +0.006 +0.102 +0.033 -0.045 -0.014 -0.033 -0.015]
                          [+0.018 -0.192 +0.654 -0.140 -0.008 -0.005 +0.013 +0.104 +0.015 -0.025]
                          [-0.051 +0.006 -0.140 +0.678 +0.022 -0.020 -0.130 +0.024 -0.091 +0.012]
                          [+0.002 +0.102 -0.008 +0.022 +0.613 -0.127 +0.009 -0.102 -0.090 -0.107]
                          [+0.134 +0.033 -0.005 -0.020 -0.127 +0.693 +0.116 -0.033 -0.079 -0.062]
                          [+0.118 -0.045 +0.013 -0.130 +0.009 +0.116 +0.606 -0.018 -0.072 -0.080]
                          [-0.032 -0.014 +0.104 +0.024 -0.102 -0.033 -0.018 +0.572 -0.084 -0.014]
                          [-0.066 -0.033 +0.015 -0.091 -0.090 -0.079 -0.072 -0.084 +0.730 -0.121]
                          [+0.037 -0.015 -0.025 +0.012 -0.107 -0.062 -0.080 -0.014 -0.121 +0.647]]

=================== Parameters of the QLSA ==================
Num of ancillae qubits:  5
Expansion order:         1
Num of time slices:      1
Is simulator:            True

==================== Results of the QLSA ====================
Quantum solution:        [+0.550 +0.637 +1.590 +1.344 +1.900 +1.046 +1.414 +1.743 +2.239 +1.979]
Exact solution:          [+0.512 +0.628 +1.649 +1.447 +2.158 +1.213 +1.585 +1.957 +2.692 +2.403]

Norm of difference:      7.54e-01
Infeasibility error:     2.78e-01
Is sign changed:         False
Probability:             2.56e-02
Time (s):                5.26e+01

Circuit depth:           424
Circuit width:           12
=============================================================
