[F[K 
================= Linear system Information =================
Norm of RHS vector:      2.00e+00
Condition number:        4.00e+00
Minimum eigenvalue:      +2.50e-01

RHS vector transpose:    [+0.404 +0.404 +0.202 +1.414 +0.404 +1.212]

Coffcient matrix:        [[+0.685 -0.000 +0.009 +0.127 +0.133 +0.200]
                          [-0.000 +0.627 +0.180 +0.035 +0.072 -0.164]
                          [+0.009 +0.180 +0.603 +0.072 -0.109 -0.029]
                          [+0.127 +0.035 +0.072 +0.608 -0.031 -0.067]
                          [+0.133 +0.072 -0.109 -0.031 +0.712 +0.149]
                          [+0.200 -0.164 -0.029 -0.067 +0.149 +0.516]]

=================== Parameters of the QLSA ==================
Num of ancillae qubits:  5
Expansion order:         1
Num of time slices:      1
Is simulator:            True

==================== Results of the QLSA ====================
Quantum solution:        [-0.867 +1.497 -0.320 +2.825 -0.093 +3.549]
Exact solution:          [-0.966 +1.511 -0.284 +2.867 -0.072 +3.583]

Norm of difference:      1.21e-01
Infeasibility error:     6.03e-02
Is sign changed:         False
Probability:             2.43e-02
Time (s):                1.01e+01

Circuit depth:           409
Circuit width:           11
=============================================================
