[F[K 
================= Linear system Information =================
Norm of RHS vector:      2.00e+00
Condition number:        4.00e+00
Minimum eigenvalue:      +2.50e-01

RHS vector transpose:    [+0.843 +0.843 +0.632 +0.843 +0.422 +0.211 +0.843 +0.422 +0.422 +0.422]

Coffcient matrix:        [[+0.710 +0.103 -0.043 -0.005 +0.019 +0.098 +0.096 -0.105 -0.029 +0.054]
                          [+0.103 +0.703 +0.071 +0.012 -0.033 +0.052 -0.008 +0.036 -0.045 -0.028]
                          [-0.043 +0.071 +0.659 -0.075 +0.023 -0.112 -0.131 -0.062 -0.002 +0.035]
                          [-0.005 +0.012 -0.075 +0.642 -0.060 -0.098 -0.010 +0.022 -0.007 +0.094]
                          [+0.019 -0.033 +0.023 -0.060 +0.497 +0.132 -0.148 -0.032 +0.083 -0.142]
                          [+0.098 +0.052 -0.112 -0.098 +0.132 +0.597 +0.142 +0.107 +0.110 -0.029]
                          [+0.096 -0.008 -0.131 -0.010 -0.148 +0.142 +0.635 +0.011 -0.090 +0.131]
                          [-0.105 +0.036 -0.062 +0.022 -0.032 +0.107 +0.011 +0.655 -0.044 +0.005]
                          [-0.029 -0.045 -0.002 -0.007 +0.083 +0.110 -0.090 -0.044 +0.631 -0.039]
                          [+0.054 -0.028 +0.035 +0.094 -0.142 -0.029 +0.131 +0.005 -0.039 +0.519]]

=================== Parameters of the QLSA ==================
Num of ancillae qubits:  5
Expansion order:         1
Num of time slices:      1
Is simulator:            True

==================== Results of the QLSA ====================
Quantum solution:        [+1.049 +1.066 +1.429 +1.475 +1.740 -0.657 +2.123 +1.061 +1.061 +0.397]
Exact solution:          [+1.060 +1.066 +1.408 +1.481 +1.803 -0.688 +2.123 +1.074 +1.097 +0.386]

Norm of difference:      8.46e-02
Infeasibility error:     4.60e-02
Is sign changed:         False
Probability:             1.72e-02
Time (s):                5.33e+01

Circuit depth:           424
Circuit width:           12
=============================================================
