[F[K 
================= Linear system Information =================
Norm of RHS vector:      2.00e+00
Condition number:        4.00e+00
Minimum eigenvalue:      +2.50e-01

RHS vector transpose:    [+0.406 +1.015 +0.812 +1.015 +0.203 +0.203 +1.015 -0.000 +0.000]

Coffcient matrix:        [[+0.611 -0.066 +0.051 +0.021 -0.056 +0.068 -0.039 +0.106 -0.102]
                          [-0.066 +0.643 +0.016 +0.156 -0.036 +0.198 -0.040 +0.003 -0.040]
                          [+0.051 +0.016 +0.728 +0.029 +0.093 +0.069 -0.112 -0.066 +0.124]
                          [+0.021 +0.156 +0.029 +0.715 +0.113 +0.044 -0.015 +0.024 -0.057]
                          [-0.056 -0.036 +0.093 +0.113 +0.620 -0.114 -0.025 -0.055 +0.022]
                          [+0.068 +0.198 +0.069 +0.044 -0.114 +0.505 -0.188 -0.008 -0.059]
                          [-0.039 -0.040 -0.112 -0.015 -0.025 -0.188 +0.605 +0.030 -0.129]
                          [+0.106 +0.003 -0.066 +0.024 -0.055 -0.008 +0.030 +0.589 +0.031]
                          [-0.102 -0.040 +0.124 -0.057 +0.022 -0.059 -0.129 +0.031 +0.610]]

=================== Parameters of the QLSA ==================
Num of ancillae qubits:  5
Expansion order:         1
Num of time slices:      1
Is simulator:            True

==================== Results of the QLSA ====================
Quantum solution:        [+0.491 +0.761 +0.620 +0.595 +0.122 +0.279 +1.336 -0.081 +0.319]
Exact solution:          [+0.967 +1.450 +1.123 +1.069 +0.278 +0.482 +2.387 -0.223 +0.682]

Norm of difference:      1.58e+00
Infeasibility error:     9.07e-01
Is sign changed:         False
Probability:             1.17e-02
Time (s):                5.32e+01

Circuit depth:           446
Circuit width:           12
=============================================================
