
================= Linear system Information =================
Norm of RHS vector:      2.00e+00
Condition number:        4.00e+00
Minimum eigenvalue:      +2.50e-01

RHS vector transpose:    [+0.759 -0.000 +0.949 +0.759 +0.759 +0.569 +0.380 +0.949]

Coffcient matrix:        [[+0.705 +0.070 +0.013 +0.113 +0.096 -0.003 +0.055 +0.096]
                          [+0.070 +0.581 -0.043 -0.168 +0.127 -0.120 +0.077 +0.062]
                          [+0.013 -0.043 +0.471 +0.083 -0.038 -0.022 +0.051 -0.171]
                          [+0.113 -0.168 +0.083 +0.549 -0.011 -0.067 -0.032 +0.001]
                          [+0.096 +0.127 -0.038 -0.011 +0.678 -0.070 +0.082 -0.093]
                          [-0.003 -0.120 -0.022 -0.067 -0.070 +0.774 +0.005 +0.180]
                          [+0.055 +0.077 +0.051 -0.032 +0.082 +0.005 +0.633 -0.031]
                          [+0.096 +0.062 -0.171 +0.001 -0.093 +0.180 -0.031 +0.609]]

=================== Parameters of the QLSA ==================
Num of ancillae qubits:  5
Expansion order:         1
Num of time slices:      1
Is simulator:            True

==================== Results of the QLSA ====================
Quantum solution:        [+0.371 -0.165 +2.375 +0.733 +1.425 +0.347 +0.322 +2.083]
Exact solution:          [+0.307 -0.107 +2.830 +0.961 +1.616 +0.464 +0.313 +2.439]

Norm of difference:      6.66e-01
Infeasibility error:     2.87e-01
Is sign changed:         False
Probability:             1.80e-02
Time (s):                1.15e+01

Circuit depth:           418
Circuit width:           11
=============================================================
