[F[K 
================= Linear system Information =================
Norm of RHS vector:      2.00e+00
Condition number:        4.00e+00
Minimum eigenvalue:      +2.50e-01

RHS vector transpose:    [+1.037 +0.830 +1.037 +0.622 +0.622 +0.622]

Coffcient matrix:        [[+0.548 -0.068 -0.009 -0.001 +0.216 +0.213]
                          [-0.068 +0.635 -0.144 -0.055 +0.098 -0.094]
                          [-0.009 -0.144 +0.611 +0.136 +0.144 +0.057]
                          [-0.001 -0.055 +0.136 +0.688 -0.029 -0.018]
                          [+0.216 +0.098 +0.144 -0.029 +0.700 +0.072]
                          [+0.213 -0.094 +0.057 -0.018 +0.072 +0.569]]

=================== Parameters of the QLSA ==================
Num of ancillae qubits:  5
Expansion order:         1
Num of time slices:      1
Is simulator:            True

==================== Results of the QLSA ====================
Quantum solution:        [+2.233 +2.135 +2.179 +0.555 -0.500 +0.537]
Exact solution:          [+2.256 +2.270 +2.220 +0.638 -0.607 +0.500]

Norm of difference:      2.00e-01
Infeasibility error:     1.14e-01
Is sign changed:         False
Probability:             1.73e-02
Time (s):                1.01e+01

Circuit depth:           409
Circuit width:           11
=============================================================
