[F[K 
================= Linear system Information =================
Norm of RHS vector:      2.00e+00
Condition number:        4.00e+00
Minimum eigenvalue:      +2.50e-01

RHS vector transpose:    [+0.413 +1.031 +1.031 +0.825 +0.619 +0.619 +0.206 +0.413 +0.206]

Coffcient matrix:        [[+0.733 -0.093 -0.087 -0.031 -0.023 +0.091 +0.061 -0.101 -0.122]
                          [-0.093 +0.656 +0.028 +0.027 -0.036 +0.037 +0.081 -0.191 +0.100]
                          [-0.087 +0.028 +0.677 -0.120 -0.070 -0.113 +0.010 +0.051 +0.028]
                          [-0.031 +0.027 -0.120 +0.627 +0.035 -0.078 +0.022 -0.100 -0.180]
                          [-0.023 -0.036 -0.070 +0.035 +0.486 -0.107 +0.023 +0.003 -0.062]
                          [+0.091 +0.037 -0.113 -0.078 -0.107 +0.465 -0.077 +0.083 +0.071]
                          [+0.061 +0.081 +0.010 +0.022 +0.023 -0.077 +0.643 -0.005 -0.003]
                          [-0.101 -0.191 +0.051 -0.100 +0.003 +0.083 -0.005 +0.653 -0.008]
                          [-0.122 +0.100 +0.028 -0.180 -0.062 +0.071 -0.003 -0.008 +0.684]]

=================== Parameters of the QLSA ==================
Num of ancillae qubits:  5
Expansion order:         1
Num of time slices:      1
Is simulator:            True

==================== Results of the QLSA ====================
Quantum solution:        [+1.202 +1.767 +2.512 +2.320 +2.194 +2.167 +0.083 +1.237 +0.695]
Exact solution:          [+1.292 +1.802 +2.475 +2.333 +2.203 +2.095 +0.036 +1.262 +0.775]

Norm of difference:      1.59e-01
Infeasibility error:     6.72e-02
Is sign changed:         False
Probability:             2.72e-02
Time (s):                5.18e+01

Circuit depth:           424
Circuit width:           12
=============================================================
