[F[K 
================= Linear system Information =================
Norm of RHS vector:      2.00e+00
Condition number:        4.00e+00
Minimum eigenvalue:      +2.50e-01

RHS vector transpose:    [+0.612 +0.816 +0.816 -0.000 +0.204 +0.816 +0.408 +0.612 +0.816 +0.612]

Coffcient matrix:        [[+0.707 -0.044 -0.042 +0.017 +0.041 +0.125 +0.134 +0.125 -0.115 -0.000]
                          [-0.044 +0.708 -0.051 +0.132 -0.003 -0.108 +0.005 +0.154 -0.039 -0.054]
                          [-0.042 -0.051 +0.540 +0.000 +0.098 -0.049 +0.096 -0.084 +0.065 -0.009]
                          [+0.017 +0.132 +0.000 +0.661 -0.044 -0.042 +0.030 +0.015 +0.118 -0.056]
                          [+0.041 -0.003 +0.098 -0.044 +0.482 +0.093 +0.061 -0.025 +0.018 -0.133]
                          [+0.125 -0.108 -0.049 -0.042 +0.093 +0.567 -0.113 -0.027 +0.049 +0.038]
                          [+0.134 +0.005 +0.096 +0.030 +0.061 -0.113 +0.648 -0.094 +0.009 +0.068]
                          [+0.125 +0.154 -0.084 +0.015 -0.025 -0.027 -0.094 +0.770 -0.032 +0.048]
                          [-0.115 -0.039 +0.065 +0.118 +0.018 +0.049 +0.009 -0.032 +0.532 -0.026]
                          [-0.000 -0.054 -0.009 -0.056 -0.133 +0.038 +0.068 +0.048 -0.026 +0.637]]

=================== Parameters of the QLSA ==================
Num of ancillae qubits:  5
Expansion order:         1
Num of time slices:      1
Is simulator:            True

==================== Results of the QLSA ====================
Quantum solution:        [+0.747 +1.445 +1.593 -0.474 -0.211 +1.530 +0.478 +0.615 +1.450 +0.785]
Exact solution:          [+0.890 +1.706 +1.758 -0.534 -0.201 +1.631 +0.471 +0.632 +1.688 +0.915]

Norm of difference:      4.51e-01
Infeasibility error:     2.30e-01
Is sign changed:         False
Probability:             1.43e-02
Time (s):                5.33e+01

Circuit depth:           447
Circuit width:           12
=============================================================
