
--------------- Linear optimization problem characteristics ---------------
Seed:                    71
Number of variables:     6
Number of constraints:   6

Norm of primal sol:      3.96e+00
Norm of dual sol:        1.00e+01
Norm of dual slacks:     5.00e+00

Norm of vector b:        2.00e+00
Norm of vector c:        7.50e+00

Norm of matrix A:        1.00e+00
Condition number:        4.00e+00

----------------------- Linear optimization problem -----------------------
Coeff matrix A:          [[+0.722 -0.039 -0.113 -0.108 -0.077 +0.021]
                          [-0.039 +0.654 -0.303 -0.019 -0.109 -0.051]
                          [-0.113 -0.303 +0.596 -0.019 +0.069 -0.019]
                          [-0.108 -0.019 -0.019 +0.694 -0.085 -0.130]
                          [-0.077 -0.109 +0.069 -0.085 +0.658 -0.009]
                          [+0.021 -0.051 -0.019 -0.130 -0.009 +0.426]]

RHS vector b:            [-0.129 -0.386 +1.036 -0.221 +1.493 +0.695]
Obj vector c:            [+2.592 +4.241 +2.956 -2.527 +1.067 +3.906]

---------------------------- Optimal solution -----------------------------
Primal variables:         [+0.477 +0.994 +2.139 +0.511 +2.357 +2.027]
Dual slacks:              [+0.602 +1.254 +2.698 +0.644 +2.972 +2.557]
Dual variables:           [+2.964 +6.601 +4.599 -3.546 -2.365 +2.885]

Optimal objective:       +2.09181444e+01
===========================================================================

[F[K 
----------------- Linear system Information -----------------
Norm of RHS vector:      2.00e+00
Norm of matrix:          1.00e+00
Condition number:        4.00e+00

Minimum eigenvalue:      +2.50e-01

RHS vector transpose:    [-0.129 -0.386 +1.036 -0.221 +1.493 +0.695]

Coffcient matrix:        [[+0.722 -0.039 -0.113 -0.108 -0.077 +0.021]
                          [-0.039 +0.654 -0.303 -0.019 -0.109 -0.051]
                          [-0.113 -0.303 +0.596 -0.019 +0.069 -0.019]
                          [-0.108 -0.019 -0.019 +0.694 -0.085 -0.130]
                          [-0.077 -0.109 +0.069 -0.085 +0.658 -0.009]
                          [+0.021 -0.051 -0.019 -0.130 -0.009 +0.426]]

------------- Modified linear system Information ------------
Norm of RHS vector:      1.00e+00
Norm of matrix:          5.00e-01
Condition number:        4.00e+00

Norm of difference:      3.21e+00
Norm of residual:        1.18e+00

------------------- Parameters of the QLSA ------------------
HHL method:              2
num_qubits:              8
Is simulator:            True

-------------------- Results of the QLSA --------------------
Quantum solution:        [+0.186 -1.103 +1.274 -0.522 +0.961 +0.596]
Exact solution:          [+0.477 +0.994 +2.139 +0.511 +2.357 +2.027]

Norm of difference:      3.21e+00
Norm of residual:        1.18e+00
Is sign changed:         True
Time (s):                1.83e+01
=============================================================
