
--------------- Linear optimization problem characteristics ---------------
Seed:                    20
Number of variables:     10
Number of constraints:   10

Norm of primal sol:      3.36e+00
Norm of dual sol:        1.00e+01
Norm of dual slacks:     5.00e+00

Norm of vector b:        2.00e+00
Norm of vector c:        1.00e+01

Norm of matrix A:        1.00e+00
Condition number:        4.00e+00

----------------------- Linear optimization problem -----------------------
Coeff matrix A:          [[+0.524 +0.035 -0.063 -0.048 -0.097 -0.058 +0.151 +0.038 +0.058 -0.019]
                          [+0.035 +0.540 -0.108 +0.009 +0.044 -0.056 +0.061 +0.034 -0.072 -0.017]
                          [-0.063 -0.108 +0.557 +0.037 +0.124 -0.168 +0.032 +0.056 +0.073 +0.001]
                          [-0.048 +0.009 +0.037 +0.536 -0.074 -0.079 -0.082 -0.021 +0.133 +0.049]
                          [-0.097 +0.044 +0.124 -0.074 +0.657 -0.092 +0.019 -0.012 -0.068 -0.081]
                          [-0.058 -0.056 -0.168 -0.079 -0.092 +0.649 +0.109 -0.077 +0.050 -0.069]
                          [+0.151 +0.061 +0.032 -0.082 +0.019 +0.109 +0.754 -0.018 +0.071 +0.131]
                          [+0.038 +0.034 +0.056 -0.021 -0.012 -0.077 -0.018 +0.589 -0.042 +0.053]
                          [+0.058 -0.072 +0.073 +0.133 -0.068 +0.050 +0.071 -0.042 +0.635 +0.058]
                          [-0.019 -0.017 +0.001 +0.049 -0.081 -0.069 +0.131 +0.053 +0.058 +0.809]]

RHS vector b:            [+0.524 +0.622 +0.625 +0.755 -0.112 +0.283 +0.892 +0.526 +1.027 +0.397]
Obj vector c:            [-0.648 +3.591 +4.885 +4.189 +3.116 -3.009 -3.508 +3.299 -0.640 -1.821]

---------------------------- Optimal solution -----------------------------
Primal variables:         [+0.991 +1.513 +1.502 +1.375 +0.060 +1.166 +0.638 +0.874 +1.109 +0.327]
Dual slacks:              [+1.475 +2.251 +2.236 +2.046 +0.090 +1.735 +0.950 +1.300 +1.650 +0.486]
Dual variables:           [-2.360 +2.266 +2.933 +3.631 +2.852 -4.802 -3.972 +2.604 -2.703 -2.541]

Optimal objective:       +1.39061307e+01
===========================================================================

[F[K 
----------------- Linear system Information -----------------
Norm of RHS vector:      2.00e+00
Norm of matrix:          1.00e+00
Condition number:        4.00e+00

Minimum eigenvalue:      +2.50e-01

RHS vector transpose:    [+0.524 +0.622 +0.625 +0.755 -0.112 +0.283 +0.892 +0.526 +1.027 +0.397]

Coffcient matrix:        [[+0.524 +0.035 -0.063 -0.048 -0.097 -0.058 +0.151 +0.038 +0.058 -0.019]
                          [+0.035 +0.540 -0.108 +0.009 +0.044 -0.056 +0.061 +0.034 -0.072 -0.017]
                          [-0.063 -0.108 +0.557 +0.037 +0.124 -0.168 +0.032 +0.056 +0.073 +0.001]
                          [-0.048 +0.009 +0.037 +0.536 -0.074 -0.079 -0.082 -0.021 +0.133 +0.049]
                          [-0.097 +0.044 +0.124 -0.074 +0.657 -0.092 +0.019 -0.012 -0.068 -0.081]
                          [-0.058 -0.056 -0.168 -0.079 -0.092 +0.649 +0.109 -0.077 +0.050 -0.069]
                          [+0.151 +0.061 +0.032 -0.082 +0.019 +0.109 +0.754 -0.018 +0.071 +0.131]
                          [+0.038 +0.034 +0.056 -0.021 -0.012 -0.077 -0.018 +0.589 -0.042 +0.053]
                          [+0.058 -0.072 +0.073 +0.133 -0.068 +0.050 +0.071 -0.042 +0.635 +0.058]
                          [-0.019 -0.017 +0.001 +0.049 -0.081 -0.069 +0.131 +0.053 +0.058 +0.809]]

------------- Modified linear system Information ------------
Norm of RHS vector:      1.00e+00
Norm of matrix:          5.00e-01
Condition number:        4.00e+00

Norm of difference:      9.57e+00
Norm of residual:        2.78e+00

------------------- Parameters of the QLSA ------------------
HHL method:              2
num_qubits:              10
Is simulator:            True

-------------------- Results of the QLSA --------------------
Quantum solution:        [-3.599 -2.100 -3.818 -0.610 -0.369 -2.975 +2.849 +1.249 +1.857 -1.220]
Exact solution:          [+0.991 +1.513 +1.502 +1.375 +0.060 +1.166 +0.638 +0.874 +1.109 +0.327]

Norm of difference:      9.57e+00
Norm of residual:        2.78e+00
Is sign changed:         True
Time (s):                2.00e+02
=============================================================
