
--------------- Linear optimization problem characteristics ---------------
Seed:                    39
Number of variables:     9
Number of constraints:   9

Norm of primal sol:      2.48e+00
Norm of dual sol:        1.00e+01
Norm of dual slacks:     5.00e+00

Norm of vector b:        2.00e+00
Norm of vector c:        1.06e+01

Norm of matrix A:        1.00e+00
Condition number:        4.00e+00

----------------------- Linear optimization problem -----------------------
Coeff matrix A:          [[+0.449 +0.092 +0.082 -0.038 +0.132 -0.130 +0.039 -0.039 +0.054]
                          [+0.092 +0.626 +0.014 +0.116 +0.067 -0.137 -0.034 +0.130 +0.054]
                          [+0.082 +0.014 +0.690 +0.047 -0.045 +0.004 +0.040 +0.074 -0.075]
                          [-0.038 +0.116 +0.047 +0.637 -0.070 -0.050 -0.047 +0.105 -0.043]
                          [+0.132 +0.067 -0.045 -0.070 +0.811 +0.070 +0.106 +0.068 -0.001]
                          [-0.130 -0.137 +0.004 -0.050 +0.070 +0.566 -0.174 +0.026 -0.068]
                          [+0.039 -0.034 +0.040 -0.047 +0.106 -0.174 +0.626 +0.041 +0.100]
                          [-0.039 +0.130 +0.074 +0.105 +0.068 +0.026 +0.041 +0.673 +0.020]
                          [+0.054 +0.054 -0.075 -0.043 -0.001 -0.068 +0.100 +0.020 +0.547]]

RHS vector b:            [+0.602 +0.879 +0.858 +0.169 +0.967 +0.064 +0.516 +0.788 +0.523]
Obj vector c:            [+3.374 +4.516 +6.409 +3.292 +2.084 +1.529 +3.257 +3.330 +0.607]

---------------------------- Optimal solution -----------------------------
Primal variables:         [+0.770 +1.123 +1.155 +0.172 +0.847 +0.740 +0.653 +0.664 +0.891]
Dual slacks:              [+1.553 +2.266 +2.330 +0.347 +1.710 +1.492 +1.317 +1.339 +1.797]
Dual variables:           [+4.165 +3.087 +4.348 +4.105 -0.833 +3.188 +4.366 +1.253 -2.424]

Optimal objective:       +2.34114226e+01
===========================================================================

[F[K 
----------------- Linear system Information -----------------
Norm of RHS vector:      2.00e+00
Norm of matrix:          1.00e+00
Condition number:        4.00e+00

Minimum eigenvalue:      +2.50e-01

RHS vector transpose:    [+0.602 +0.879 +0.858 +0.169 +0.967 +0.064 +0.516 +0.788 +0.523]

Coffcient matrix:        [[+0.449 +0.092 +0.082 -0.038 +0.132 -0.130 +0.039 -0.039 +0.054]
                          [+0.092 +0.626 +0.014 +0.116 +0.067 -0.137 -0.034 +0.130 +0.054]
                          [+0.082 +0.014 +0.690 +0.047 -0.045 +0.004 +0.040 +0.074 -0.075]
                          [-0.038 +0.116 +0.047 +0.637 -0.070 -0.050 -0.047 +0.105 -0.043]
                          [+0.132 +0.067 -0.045 -0.070 +0.811 +0.070 +0.106 +0.068 -0.001]
                          [-0.130 -0.137 +0.004 -0.050 +0.070 +0.566 -0.174 +0.026 -0.068]
                          [+0.039 -0.034 +0.040 -0.047 +0.106 -0.174 +0.626 +0.041 +0.100]
                          [-0.039 +0.130 +0.074 +0.105 +0.068 +0.026 +0.041 +0.673 +0.020]
                          [+0.054 +0.054 -0.075 -0.043 -0.001 -0.068 +0.100 +0.020 +0.547]]

------------- Modified linear system Information ------------
Norm of RHS vector:      1.00e+00
Norm of matrix:          5.00e-01
Condition number:        4.00e+00

Norm of difference:      1.36e-01
Norm of residual:        4.74e-02

------------------- Parameters of the QLSA ------------------
HHL method:              2
num_qubits:              10
Is simulator:            True

-------------------- Results of the QLSA --------------------
Quantum solution:        [+0.739 +1.081 +1.149 +0.175 +0.887 +0.637 +0.612 +0.696 +0.860]
Exact solution:          [+0.770 +1.123 +1.155 +0.172 +0.847 +0.740 +0.653 +0.664 +0.891]

Norm of difference:      1.36e-01
Norm of residual:        4.74e-02
Is sign changed:         True
Time (s):                2.02e+02
=============================================================
