
--------------- Linear optimization problem characteristics ---------------
Seed:                    12
Number of variables:     6
Number of constraints:   6

Norm of primal sol:      3.71e+00
Norm of dual sol:        1.00e+01
Norm of dual slacks:     5.00e+00

Norm of vector b:        2.00e+00
Norm of vector c:        8.47e+00

Norm of matrix A:        1.00e+00
Condition number:        4.00e+00

----------------------- Linear optimization problem -----------------------
Coeff matrix A:          [[+0.491 -0.093 +0.045 -0.052 -0.184 -0.050]
                          [-0.093 +0.696 -0.048 -0.224 +0.002 -0.016]
                          [+0.045 -0.048 +0.573 +0.167 -0.002 +0.100]
                          [-0.052 -0.224 +0.167 +0.653 +0.116 -0.140]
                          [-0.184 +0.002 -0.002 +0.116 +0.683 -0.088]
                          [-0.050 -0.016 +0.100 -0.140 -0.088 +0.656]]

RHS vector b:            [-0.161 +0.986 +0.844 +0.256 -0.103 +1.487]
Obj vector c:            [+4.147 -0.678 +3.859 +0.680 -3.065 +5.409]

---------------------------- Optimal solution -----------------------------
Primal variables:         [+0.430 +2.063 +0.734 +1.488 +0.041 +2.562]
Dual slacks:              [+0.579 +2.781 +0.990 +2.006 +0.055 +3.453]
Dual variables:           [+4.547 -5.294 +5.185 -4.117 -2.453 +1.204]

Optimal objective:       +1.79619784e+01
===========================================================================

[F[K 
----------------- Linear system Information -----------------
Norm of RHS vector:      2.00e+00
Norm of matrix:          1.00e+00
Condition number:        4.00e+00

Minimum eigenvalue:      +2.50e-01

RHS vector transpose:    [-0.161 +0.986 +0.844 +0.256 -0.103 +1.487]

Coffcient matrix:        [[+0.491 -0.093 +0.045 -0.052 -0.184 -0.050]
                          [-0.093 +0.696 -0.048 -0.224 +0.002 -0.016]
                          [+0.045 -0.048 +0.573 +0.167 -0.002 +0.100]
                          [-0.052 -0.224 +0.167 +0.653 +0.116 -0.140]
                          [-0.184 +0.002 -0.002 +0.116 +0.683 -0.088]
                          [-0.050 -0.016 +0.100 -0.140 -0.088 +0.656]]

------------- Modified linear system Information ------------
Norm of RHS vector:      1.00e+00
Norm of matrix:          5.00e-01
Condition number:        4.00e+00

Norm of difference:      3.25e+00
Norm of residual:        1.85e+00

------------------- Parameters of the QLSA ------------------
HHL method:              2
num_qubits:              8
Is simulator:            True

-------------------- Results of the QLSA --------------------
Quantum solution:        [+0.449 -0.163 -0.666 +0.754 +1.708 +3.147]
Exact solution:          [+0.430 +2.063 +0.734 +1.488 +0.041 +2.562]

Norm of difference:      3.25e+00
Norm of residual:        1.85e+00
Is sign changed:         True
Time (s):                1.83e+01
=============================================================
