
--------------- Linear optimization problem characteristics ---------------
Seed:                    19
Number of variables:     7
Number of constraints:   7

Norm of primal sol:      3.23e+00
Norm of dual sol:        1.00e+01
Norm of dual slacks:     5.00e+00

Norm of vector b:        2.00e+00
Norm of vector c:        8.66e+00

Norm of matrix A:        1.00e+00
Condition number:        4.00e+00

----------------------- Linear optimization problem -----------------------
Coeff matrix A:          [[+0.519 -0.059 -0.026 -0.029 +0.110 +0.031 +0.114]
                          [-0.059 +0.516 +0.152 -0.003 -0.137 -0.049 +0.048]
                          [-0.026 +0.152 +0.528 +0.025 -0.003 -0.083 -0.137]
                          [-0.029 -0.003 +0.025 +0.726 -0.255 -0.078 +0.063]
                          [+0.110 -0.137 -0.003 -0.255 +0.601 -0.033 +0.021]
                          [+0.031 -0.049 -0.083 -0.078 -0.033 +0.770 +0.041]
                          [+0.114 +0.048 -0.137 +0.063 +0.021 +0.041 +0.715]]

RHS vector b:            [+0.322 +1.185 +0.427 +0.153 +0.236 +0.043 +1.493]
Obj vector c:            [+2.016 +6.681 +3.403 -2.854 +2.371 +0.642 +0.685]

---------------------------- Optimal solution -----------------------------
Primal variables:         [+0.283 +2.212 +0.717 +0.401 +0.963 +0.241 +1.952]
Dual slacks:              [+0.438 +3.422 +1.110 +0.621 +1.490 +0.373 +3.020]
Dual variables:           [+4.330 +6.818 +1.916 -4.012 +0.692 +0.643 -3.756]

Optimal objective:       +2.04191240e+01
===========================================================================

[F[K 
----------------- Linear system Information -----------------
Norm of RHS vector:      2.00e+00
Norm of matrix:          1.00e+00
Condition number:        4.00e+00

Minimum eigenvalue:      +2.50e-01

RHS vector transpose:    [+0.322 +1.185 +0.427 +0.153 +0.236 +0.043 +1.493]

Coffcient matrix:        [[+0.519 -0.059 -0.026 -0.029 +0.110 +0.031 +0.114]
                          [-0.059 +0.516 +0.152 -0.003 -0.137 -0.049 +0.048]
                          [-0.026 +0.152 +0.528 +0.025 -0.003 -0.083 -0.137]
                          [-0.029 -0.003 +0.025 +0.726 -0.255 -0.078 +0.063]
                          [+0.110 -0.137 -0.003 -0.255 +0.601 -0.033 +0.021]
                          [+0.031 -0.049 -0.083 -0.078 -0.033 +0.770 +0.041]
                          [+0.114 +0.048 -0.137 +0.063 +0.021 +0.041 +0.715]]

------------- Modified linear system Information ------------
Norm of RHS vector:      1.00e+00
Norm of matrix:          5.00e-01
Condition number:        4.00e+00

Norm of difference:      1.14e+00
Norm of residual:        7.76e-01

------------------- Parameters of the QLSA ------------------
HHL method:              2
num_qubits:              8
Is simulator:            True

-------------------- Results of the QLSA --------------------
Quantum solution:        [+0.602 +1.340 +0.330 +0.855 +0.778 +0.112 +2.155]
Exact solution:          [+0.283 +2.212 +0.717 +0.401 +0.963 +0.241 +1.952]

Norm of difference:      1.14e+00
Norm of residual:        7.76e-01
Is sign changed:         False
Time (s):                1.85e+01
=============================================================
