
--------------- Linear optimization problem characteristics ---------------
Seed:                    7
Number of variables:     7
Number of constraints:   7

Norm of primal sol:      2.66e+00
Norm of dual sol:        1.00e+01
Norm of dual slacks:     5.00e+00

Norm of vector b:        2.00e+00
Norm of vector c:        8.51e+00

Norm of matrix A:        1.00e+00
Condition number:        4.00e+00

----------------------- Linear optimization problem -----------------------
Coeff matrix A:          [[+0.826 -0.054 +0.029 +0.080 -0.063 -0.090 +0.070]
                          [-0.054 +0.527 +0.124 +0.070 -0.006 -0.127 -0.113]
                          [+0.029 +0.124 +0.529 +0.075 +0.056 +0.034 +0.023]
                          [+0.080 +0.070 +0.075 +0.436 +0.105 +0.069 -0.027]
                          [-0.063 -0.006 +0.056 +0.105 +0.607 -0.044 +0.129]
                          [-0.090 -0.127 +0.034 +0.069 -0.044 +0.668 +0.190]
                          [+0.070 -0.113 +0.023 -0.027 +0.129 +0.190 +0.782]]

RHS vector b:            [+0.027 +0.605 +0.744 +0.847 +1.149 +0.586 +0.836]
Obj vector c:            [-4.643 +1.997 +0.975 +2.992 +5.312 +0.330 -2.926]

---------------------------- Optimal solution -----------------------------
Primal variables:         [+0.121 +1.235 +0.694 +1.146 +1.549 +0.853 +0.794]
Dual slacks:              [+0.227 +2.319 +1.304 +2.151 +2.908 +1.601 +1.490]
Dual variables:           [-5.700 -3.084 -0.002 +2.387 +4.045 -1.586 -5.781]

Optimal objective:       +1.21994493e+01
===========================================================================

[F[K 
----------------- Linear system Information -----------------
Norm of RHS vector:      2.00e+00
Norm of matrix:          1.00e+00
Condition number:        4.00e+00

Minimum eigenvalue:      +2.50e-01

RHS vector transpose:    [+0.027 +0.605 +0.744 +0.847 +1.149 +0.586 +0.836]

Coffcient matrix:        [[+0.826 -0.054 +0.029 +0.080 -0.063 -0.090 +0.070]
                          [-0.054 +0.527 +0.124 +0.070 -0.006 -0.127 -0.113]
                          [+0.029 +0.124 +0.529 +0.075 +0.056 +0.034 +0.023]
                          [+0.080 +0.070 +0.075 +0.436 +0.105 +0.069 -0.027]
                          [-0.063 -0.006 +0.056 +0.105 +0.607 -0.044 +0.129]
                          [-0.090 -0.127 +0.034 +0.069 -0.044 +0.668 +0.190]
                          [+0.070 -0.113 +0.023 -0.027 +0.129 +0.190 +0.782]]

------------- Modified linear system Information ------------
Norm of RHS vector:      1.00e+00
Norm of matrix:          5.00e-01
Condition number:        4.00e+00

Norm of difference:      1.36e+00
Norm of residual:        9.22e-01

------------------- Parameters of the QLSA ------------------
HHL method:              2
num_qubits:              8
Is simulator:            True

-------------------- Results of the QLSA --------------------
Quantum solution:        [-0.147 +1.183 +1.413 +1.218 +1.393 -0.216 +0.524]
Exact solution:          [+0.121 +1.235 +0.694 +1.146 +1.549 +0.853 +0.794]

Norm of difference:      1.36e+00
Norm of residual:        9.22e-01
Is sign changed:         False
Time (s):                1.82e+01
=============================================================
