
--------------- Linear optimization problem characteristics ---------------
Seed:                    81
Number of variables:     10
Number of constraints:   10

Norm of primal sol:      2.73e+00
Norm of dual sol:        1.00e+01
Norm of dual slacks:     5.00e+00

Norm of vector b:        2.00e+00
Norm of vector c:        1.02e+01

Norm of matrix A:        1.00e+00
Condition number:        4.00e+00

----------------------- Linear optimization problem -----------------------
Coeff matrix A:          [[+0.647 -0.051 -0.039 +0.061 -0.193 -0.065 -0.027 -0.094 +0.079 -0.037]
                          [-0.051 +0.559 +0.032 +0.078 -0.039 +0.046 +0.154 -0.016 +0.028 +0.034]
                          [-0.039 +0.032 +0.673 +0.071 -0.086 +0.024 -0.170 +0.037 +0.014 +0.110]
                          [+0.061 +0.078 +0.071 +0.717 -0.048 +0.101 +0.023 +0.007 -0.059 +0.069]
                          [-0.193 -0.039 -0.086 -0.048 +0.601 -0.012 +0.048 -0.046 -0.132 +0.039]
                          [-0.065 +0.046 +0.024 +0.101 -0.012 +0.692 +0.014 +0.016 -0.039 -0.065]
                          [-0.027 +0.154 -0.170 +0.023 +0.048 +0.014 +0.580 -0.007 +0.046 +0.115]
                          [-0.094 -0.016 +0.037 +0.007 -0.046 +0.016 -0.007 +0.557 -0.111 +0.033]
                          [+0.079 +0.028 +0.014 -0.059 -0.132 -0.039 +0.046 -0.111 +0.629 -0.184]
                          [-0.037 +0.034 +0.110 +0.069 +0.039 -0.065 +0.115 +0.033 -0.184 +0.595]]

RHS vector b:            [-0.015 +0.436 +0.985 +1.142 +0.439 +0.137 +0.259 +0.379 -0.360 +0.992]
Obj vector c:            [+0.608 +0.060 +7.517 +3.814 -0.556 +0.722 -3.567 +1.660 -0.636 +4.080]

---------------------------- Optimal solution -----------------------------
Primal variables:         [+0.512 +0.491 +1.343 +1.315 +1.205 +0.086 +0.357 +0.733 +0.129 +1.130]
Dual slacks:              [+0.937 +0.898 +2.459 +2.409 +2.207 +0.157 +0.654 +1.342 +0.236 +2.070]
Dual variables:           [-1.745 -0.991 +4.642 +1.143 -4.405 +0.779 -6.149 -0.884 -0.598 +3.763]

Optimal objective:       +1.93173800e+01
===========================================================================

[F[K 
----------------- Linear system Information -----------------
Norm of RHS vector:      2.00e+00
Norm of matrix:          1.00e+00
Condition number:        4.00e+00

Minimum eigenvalue:      +2.50e-01

RHS vector transpose:    [-0.015 +0.436 +0.985 +1.142 +0.439 +0.137 +0.259 +0.379 -0.360 +0.992]

Coffcient matrix:        [[+0.647 -0.051 -0.039 +0.061 -0.193 -0.065 -0.027 -0.094 +0.079 -0.037]
                          [-0.051 +0.559 +0.032 +0.078 -0.039 +0.046 +0.154 -0.016 +0.028 +0.034]
                          [-0.039 +0.032 +0.673 +0.071 -0.086 +0.024 -0.170 +0.037 +0.014 +0.110]
                          [+0.061 +0.078 +0.071 +0.717 -0.048 +0.101 +0.023 +0.007 -0.059 +0.069]
                          [-0.193 -0.039 -0.086 -0.048 +0.601 -0.012 +0.048 -0.046 -0.132 +0.039]
                          [-0.065 +0.046 +0.024 +0.101 -0.012 +0.692 +0.014 +0.016 -0.039 -0.065]
                          [-0.027 +0.154 -0.170 +0.023 +0.048 +0.014 +0.580 -0.007 +0.046 +0.115]
                          [-0.094 -0.016 +0.037 +0.007 -0.046 +0.016 -0.007 +0.557 -0.111 +0.033]
                          [+0.079 +0.028 +0.014 -0.059 -0.132 -0.039 +0.046 -0.111 +0.629 -0.184]
                          [-0.037 +0.034 +0.110 +0.069 +0.039 -0.065 +0.115 +0.033 -0.184 +0.595]]

------------- Modified linear system Information ------------
Norm of RHS vector:      1.00e+00
Norm of matrix:          5.00e-01
Condition number:        4.00e+00

Norm of difference:      1.68e+00
Norm of residual:        5.79e-01

------------------- Parameters of the QLSA ------------------
HHL method:              2
num_qubits:              10
Is simulator:            True

-------------------- Results of the QLSA --------------------
Quantum solution:        [-0.297 +0.631 +1.044 +1.460 +0.239 -0.235 +0.149 -0.063 -0.438 +1.050]
Exact solution:          [+0.512 +0.491 +1.343 +1.315 +1.205 +0.086 +0.357 +0.733 +0.129 +1.130]

Norm of difference:      1.68e+00
Norm of residual:        5.79e-01
Is sign changed:         False
Time (s):                2.02e+02
=============================================================
