
--------------- Linear optimization problem characteristics ---------------
Seed:                    5
Number of variables:     9
Number of constraints:   9

Norm of primal sol:      2.63e+00
Norm of dual sol:        1.00e+01
Norm of dual slacks:     5.00e+00

Norm of vector b:        2.00e+00
Norm of vector c:        7.96e+00

Norm of matrix A:        1.00e+00
Condition number:        4.00e+00

----------------------- Linear optimization problem -----------------------
Coeff matrix A:          [[+0.733 +0.092 -0.012 +0.046 -0.115 +0.074 -0.062 +0.024 -0.027]
                          [+0.092 +0.659 -0.051 +0.037 +0.126 -0.063 +0.086 -0.017 +0.019]
                          [-0.012 -0.051 +0.582 +0.171 +0.014 +0.065 +0.034 -0.040 -0.108]
                          [+0.046 +0.037 +0.171 +0.603 -0.067 +0.132 +0.056 -0.029 +0.065]
                          [-0.115 +0.126 +0.014 -0.067 +0.541 -0.105 +0.100 -0.075 +0.070]
                          [+0.074 -0.063 +0.065 +0.132 -0.105 +0.661 -0.057 -0.166 +0.002]
                          [-0.062 +0.086 +0.034 +0.056 +0.100 -0.057 +0.676 -0.115 +0.100]
                          [+0.024 -0.017 -0.040 -0.029 -0.075 -0.166 -0.115 +0.559 +0.133]
                          [-0.027 +0.019 -0.108 +0.065 +0.070 +0.002 +0.100 +0.133 +0.611]]

RHS vector b:            [+0.333 +1.026 +0.364 +1.062 +0.414 +0.466 +0.906 +0.086 +0.599]
Obj vector c:            [-1.641 -2.490 +2.877 +2.846 -1.825 +5.596 -0.649 +0.298 -1.706]

---------------------------- Optimal solution -----------------------------
Primal variables:         [+0.324 +1.269 +0.301 +1.339 +0.712 +0.892 +1.116 +0.756 +0.433]
Dual slacks:              [+0.616 +2.415 +0.573 +2.548 +1.355 +1.697 +2.124 +1.438 +0.823]
Dual variables:           [-3.747 -5.030 +2.861 -0.704 -4.100 +4.558 -2.711 -1.029 -2.447]

Optimal objective:       +3.43972934e+00
===========================================================================

[F[K 
----------------- Linear system Information -----------------
Norm of RHS vector:      2.00e+00
Norm of matrix:          1.00e+00
Condition number:        4.00e+00

Minimum eigenvalue:      +2.50e-01

RHS vector transpose:    [+0.333 +1.026 +0.364 +1.062 +0.414 +0.466 +0.906 +0.086 +0.599]

Coffcient matrix:        [[+0.733 +0.092 -0.012 +0.046 -0.115 +0.074 -0.062 +0.024 -0.027]
                          [+0.092 +0.659 -0.051 +0.037 +0.126 -0.063 +0.086 -0.017 +0.019]
                          [-0.012 -0.051 +0.582 +0.171 +0.014 +0.065 +0.034 -0.040 -0.108]
                          [+0.046 +0.037 +0.171 +0.603 -0.067 +0.132 +0.056 -0.029 +0.065]
                          [-0.115 +0.126 +0.014 -0.067 +0.541 -0.105 +0.100 -0.075 +0.070]
                          [+0.074 -0.063 +0.065 +0.132 -0.105 +0.661 -0.057 -0.166 +0.002]
                          [-0.062 +0.086 +0.034 +0.056 +0.100 -0.057 +0.676 -0.115 +0.100]
                          [+0.024 -0.017 -0.040 -0.029 -0.075 -0.166 -0.115 +0.559 +0.133]
                          [-0.027 +0.019 -0.108 +0.065 +0.070 +0.002 +0.100 +0.133 +0.611]]

------------- Modified linear system Information ------------
Norm of RHS vector:      1.00e+00
Norm of matrix:          5.00e-01
Condition number:        4.00e+00

Norm of difference:      3.00e+00
Norm of residual:        2.23e+00

------------------- Parameters of the QLSA ------------------
HHL method:              2
num_qubits:              10
Is simulator:            True

-------------------- Results of the QLSA --------------------
Quantum solution:        [-1.145 -0.203 +0.886 +0.594 +0.576 +0.459 +1.022 -1.024 -0.214]
Exact solution:          [+0.324 +1.269 +0.301 +1.339 +0.712 +0.892 +1.116 +0.756 +0.433]

Norm of difference:      3.00e+00
Norm of residual:        2.23e+00
Is sign changed:         True
Time (s):                2.01e+02
=============================================================
