
--------------- Linear optimization problem characteristics ---------------
Seed:                    66
Number of variables:     7
Number of constraints:   7

Norm of primal sol:      2.39e+00
Norm of dual sol:        1.00e+01
Norm of dual slacks:     5.00e+00

Norm of vector b:        2.00e+00
Norm of vector c:        4.50e+00

Norm of matrix A:        1.00e+00
Condition number:        4.00e+00

----------------------- Linear optimization problem -----------------------
Coeff matrix A:          [[+0.586 +0.049 -0.070 -0.015 +0.082 -0.019 -0.002]
                          [+0.049 +0.804 +0.064 +0.009 +0.058 -0.070 +0.064]
                          [-0.070 +0.064 +0.688 -0.095 +0.118 -0.012 -0.082]
                          [-0.015 +0.009 -0.095 +0.661 +0.188 +0.055 +0.173]
                          [+0.082 +0.058 +0.118 +0.188 +0.710 +0.077 +0.072]
                          [-0.019 -0.070 -0.012 +0.055 +0.077 +0.448 +0.171]
                          [-0.002 +0.064 -0.082 +0.173 +0.072 +0.171 +0.478]]

RHS vector b:            [+0.148 +0.389 +0.294 +1.241 +0.840 +0.581 +1.075]
Obj vector c:            [+1.692 +0.749 +2.850 -1.113 +2.328 -1.202 -0.794]

---------------------------- Optimal solution -----------------------------
Primal variables:         [+0.322 +0.279 +0.757 +1.418 +0.406 +0.524 +1.583]
Dual slacks:              [+0.674 +0.584 +1.584 +2.966 +0.849 +1.097 +3.312]
Dual variables:           [+0.782 +0.201 -0.437 -5.600 +4.464 -2.731 -6.357]

Optimal objective:       +3.91452785e-01
===========================================================================

[F[K 
----------------- Linear system Information -----------------
Norm of RHS vector:      2.00e+00
Norm of matrix:          1.00e+00
Condition number:        4.00e+00

Minimum eigenvalue:      +2.50e-01

RHS vector transpose:    [+0.148 +0.389 +0.294 +1.241 +0.840 +0.581 +1.075]

Coffcient matrix:        [[+0.586 +0.049 -0.070 -0.015 +0.082 -0.019 -0.002]
                          [+0.049 +0.804 +0.064 +0.009 +0.058 -0.070 +0.064]
                          [-0.070 +0.064 +0.688 -0.095 +0.118 -0.012 -0.082]
                          [-0.015 +0.009 -0.095 +0.661 +0.188 +0.055 +0.173]
                          [+0.082 +0.058 +0.118 +0.188 +0.710 +0.077 +0.072]
                          [-0.019 -0.070 -0.012 +0.055 +0.077 +0.448 +0.171]
                          [-0.002 +0.064 -0.082 +0.173 +0.072 +0.171 +0.478]]

------------- Modified linear system Information ------------
Norm of RHS vector:      1.00e+00
Norm of matrix:          5.00e-01
Condition number:        4.00e+00

Norm of difference:      1.85e+00
Norm of residual:        8.99e-01

------------------- Parameters of the QLSA ------------------
HHL method:              2
num_qubits:              8
Is simulator:            True

-------------------- Results of the QLSA --------------------
Quantum solution:        [+1.853 +0.162 +1.358 +1.762 -0.210 +0.587 +1.121]
Exact solution:          [+0.322 +0.279 +0.757 +1.418 +0.406 +0.524 +1.583]

Norm of difference:      1.85e+00
Norm of residual:        8.99e-01
Is sign changed:         True
Time (s):                1.80e+01
=============================================================
