
--------------- Linear optimization problem characteristics ---------------
Seed:                    57
Number of variables:     8
Number of constraints:   8

Norm of primal sol:      2.41e+00
Norm of dual sol:        1.00e+01
Norm of dual slacks:     5.00e+00

Norm of vector b:        2.00e+00
Norm of vector c:        5.86e+00

Norm of matrix A:        1.00e+00
Condition number:        4.00e+00

----------------------- Linear optimization problem -----------------------
Coeff matrix A:          [[+0.536 -0.187 -0.047 -0.060 -0.035 -0.023 -0.083 -0.054]
                          [-0.187 +0.670 +0.143 +0.083 -0.007 +0.076 +0.113 -0.072]
                          [-0.047 +0.143 +0.562 +0.051 +0.137 +0.036 +0.035 -0.035]
                          [-0.060 +0.083 +0.051 +0.492 -0.020 -0.151 -0.143 +0.059]
                          [-0.035 -0.007 +0.137 -0.020 +0.735 +0.041 +0.035 -0.069]
                          [-0.023 +0.076 +0.036 -0.151 +0.041 +0.654 +0.057 +0.153]
                          [-0.083 +0.113 +0.035 -0.143 +0.035 +0.057 +0.629 +0.066]
                          [-0.054 -0.072 -0.035 +0.059 -0.069 +0.153 +0.066 +0.722]]

RHS vector b:            [-0.283 +0.442 +0.570 +0.050 +0.693 +0.848 +0.939 +1.147]
Obj vector c:            [+1.021 -0.825 -2.405 +3.896 -0.112 +0.911 -1.361 +3.000]

---------------------------- Optimal solution -----------------------------
Primal variables:         [+0.135 +0.356 +0.635 +0.480 +0.875 +0.843 +1.248 +1.419]
Dual slacks:              [+0.280 +0.738 +1.316 +0.995 +1.812 +1.745 +2.584 +2.940]
Dual variables:           [+0.331 -1.128 -6.413 +5.968 -1.190 +1.231 -4.281 -0.786]

Optimal objective:       +3.41745756e+00
===========================================================================


----------------- Linear system Information -----------------
Norm of RHS vector:      2.00e+00
Norm of matrix:          1.00e+00
Condition number:        4.00e+00

Minimum eigenvalue:      +2.50e-01

RHS vector transpose:    [-0.283 +0.442 +0.570 +0.050 +0.693 +0.848 +0.939 +1.147]

Coffcient matrix:        [[+0.536 -0.187 -0.047 -0.060 -0.035 -0.023 -0.083 -0.054]
                          [-0.187 +0.670 +0.143 +0.083 -0.007 +0.076 +0.113 -0.072]
                          [-0.047 +0.143 +0.562 +0.051 +0.137 +0.036 +0.035 -0.035]
                          [-0.060 +0.083 +0.051 +0.492 -0.020 -0.151 -0.143 +0.059]
                          [-0.035 -0.007 +0.137 -0.020 +0.735 +0.041 +0.035 -0.069]
                          [-0.023 +0.076 +0.036 -0.151 +0.041 +0.654 +0.057 +0.153]
                          [-0.083 +0.113 +0.035 -0.143 +0.035 +0.057 +0.629 +0.066]
                          [-0.054 -0.072 -0.035 +0.059 -0.069 +0.153 +0.066 +0.722]]

------------- Modified linear system Information ------------
Norm of RHS vector:      1.00e+00
Norm of matrix:          5.00e-01
Condition number:        4.00e+00

Norm of difference:      1.80e+00
Norm of residual:        1.23e+00

------------------- Parameters of the QLSA ------------------
HHL method:              2
num_qubits:              8
Is simulator:            True

-------------------- Results of the QLSA --------------------
Quantum solution:        [-0.831 +1.031 +0.770 -0.086 +0.634 +0.661 +0.860 +0.295]
Exact solution:          [+0.135 +0.356 +0.635 +0.480 +0.875 +0.843 +1.248 +1.419]

Norm of difference:      1.80e+00
Norm of residual:        1.23e+00
Is sign changed:         True
Time (s):                1.82e+01
=============================================================
