
--------------- Linear optimization problem characteristics ---------------
Seed:                    75
Number of variables:     7
Number of constraints:   7

Norm of primal sol:      2.76e+00
Norm of dual sol:        1.00e+01
Norm of dual slacks:     5.00e+00

Norm of vector b:        2.00e+00
Norm of vector c:        1.13e+01

Norm of matrix A:        1.00e+00
Condition number:        4.00e+00

----------------------- Linear optimization problem -----------------------
Coeff matrix A:          [[+0.635 -0.013 -0.102 -0.162 +0.171 +0.090 -0.151]
                          [-0.013 +0.705 +0.032 +0.109 +0.069 +0.016 +0.049]
                          [-0.102 +0.032 +0.628 +0.022 -0.129 +0.134 -0.086]
                          [-0.162 +0.109 +0.022 +0.696 +0.021 +0.169 +0.034]
                          [+0.171 +0.069 -0.129 +0.021 +0.622 +0.036 -0.124]
                          [+0.090 +0.016 +0.134 +0.169 +0.036 +0.546 -0.015]
                          [-0.151 +0.049 -0.086 +0.034 -0.124 -0.015 +0.543]]

RHS vector b:            [+0.424 +0.387 +0.814 +1.150 +0.706 +1.072 -0.194]
Obj vector c:            [+2.440 -0.277 +6.696 +5.121 +2.907 +6.390 +0.688]

---------------------------- Optimal solution -----------------------------
Primal variables:         [+0.942 +0.109 +1.471 +1.539 +1.125 +0.901 +0.311]
Dual slacks:              [+1.708 +0.198 +2.666 +2.791 +2.040 +1.634 +0.564]
Dual variables:           [+1.699 -1.808 +6.230 +2.128 +2.468 +6.201 +2.442]

Optimal objective:       +2.92435428e+01
===========================================================================

[F[K 
----------------- Linear system Information -----------------
Norm of RHS vector:      2.00e+00
Norm of matrix:          1.00e+00
Condition number:        4.00e+00

Minimum eigenvalue:      +2.50e-01

RHS vector transpose:    [+0.424 +0.387 +0.814 +1.150 +0.706 +1.072 -0.194]

Coffcient matrix:        [[+0.635 -0.013 -0.102 -0.162 +0.171 +0.090 -0.151]
                          [-0.013 +0.705 +0.032 +0.109 +0.069 +0.016 +0.049]
                          [-0.102 +0.032 +0.628 +0.022 -0.129 +0.134 -0.086]
                          [-0.162 +0.109 +0.022 +0.696 +0.021 +0.169 +0.034]
                          [+0.171 +0.069 -0.129 +0.021 +0.622 +0.036 -0.124]
                          [+0.090 +0.016 +0.134 +0.169 +0.036 +0.546 -0.015]
                          [-0.151 +0.049 -0.086 +0.034 -0.124 -0.015 +0.543]]

------------- Modified linear system Information ------------
Norm of RHS vector:      1.00e+00
Norm of matrix:          5.00e-01
Condition number:        4.00e+00

Norm of difference:      3.32e+00
Norm of residual:        2.07e+00

------------------- Parameters of the QLSA ------------------
HHL method:              2
num_qubits:              8
Is simulator:            True

-------------------- Results of the QLSA --------------------
Quantum solution:        [+0.711 +2.455 +0.434 -0.171 +0.659 -0.006 -0.346]
Exact solution:          [+0.942 +0.109 +1.471 +1.539 +1.125 +0.901 +0.311]

Norm of difference:      3.32e+00
Norm of residual:        2.07e+00
Is sign changed:         True
Time (s):                1.84e+01
=============================================================
