
--------------- Linear optimization problem characteristics ---------------
Seed:                    52
Number of variables:     7
Number of constraints:   7

Norm of primal sol:      3.20e+00
Norm of dual sol:        1.00e+01
Norm of dual slacks:     5.00e+00

Norm of vector b:        2.00e+00
Norm of vector c:        9.71e+00

Norm of matrix A:        1.00e+00
Condition number:        4.00e+00

----------------------- Linear optimization problem -----------------------
Coeff matrix A:          [[+0.629 -0.073 +0.083 -0.039 -0.103 -0.058 -0.059]
                          [-0.073 +0.627 +0.033 -0.019 +0.106 +0.125 +0.032]
                          [+0.083 +0.033 +0.602 +0.224 -0.218 -0.016 +0.075]
                          [-0.039 -0.019 +0.224 +0.718 -0.001 +0.021 +0.041]
                          [-0.103 +0.106 -0.218 -0.001 +0.554 -0.005 -0.033]
                          [-0.058 +0.125 -0.016 +0.021 -0.005 +0.412 -0.008]
                          [-0.059 +0.032 +0.075 +0.041 -0.033 -0.008 +0.833]]

RHS vector b:            [+1.200 +0.107 +0.802 +1.236 -0.205 +0.575 +0.077]
Obj vector c:            [+6.092 +4.260 +1.237 +3.514 +2.285 +4.385 -0.864]

---------------------------- Optimal solution -----------------------------
Primal variables:         [+2.147 +0.068 +0.550 +1.613 +0.256 +1.618 +0.141]
Dual slacks:              [+3.358 +0.107 +0.860 +2.523 +0.401 +2.530 +0.220]
Dual variables:           [+5.902 +6.155 +0.271 +1.750 +3.392 +3.395 -1.055]

Optimal objective:       +2.72796587e+01
===========================================================================

[F[K 
----------------- Linear system Information -----------------
Norm of RHS vector:      2.00e+00
Norm of matrix:          1.00e+00
Condition number:        4.00e+00

Minimum eigenvalue:      +2.50e-01

RHS vector transpose:    [+1.200 +0.107 +0.802 +1.236 -0.205 +0.575 +0.077]

Coffcient matrix:        [[+0.629 -0.073 +0.083 -0.039 -0.103 -0.058 -0.059]
                          [-0.073 +0.627 +0.033 -0.019 +0.106 +0.125 +0.032]
                          [+0.083 +0.033 +0.602 +0.224 -0.218 -0.016 +0.075]
                          [-0.039 -0.019 +0.224 +0.718 -0.001 +0.021 +0.041]
                          [-0.103 +0.106 -0.218 -0.001 +0.554 -0.005 -0.033]
                          [-0.058 +0.125 -0.016 +0.021 -0.005 +0.412 -0.008]
                          [-0.059 +0.032 +0.075 +0.041 -0.033 -0.008 +0.833]]

------------- Modified linear system Information ------------
Norm of RHS vector:      1.00e+00
Norm of matrix:          5.00e-01
Condition number:        4.00e+00

Norm of difference:      2.43e+00
Norm of residual:        1.27e+00

------------------- Parameters of the QLSA ------------------
HHL method:              2
num_qubits:              8
Is simulator:            True

-------------------- Results of the QLSA --------------------
Quantum solution:        [+0.994 -0.519 +1.110 +1.077 -0.778 +0.030 +0.297]
Exact solution:          [+2.147 +0.068 +0.550 +1.613 +0.256 +1.618 +0.141]

Norm of difference:      2.43e+00
Norm of residual:        1.27e+00
Is sign changed:         True
Time (s):                1.81e+01
=============================================================
