
--------------- Linear optimization problem characteristics ---------------
Seed:                    51
Number of variables:     8
Number of constraints:   8

Norm of primal sol:      2.78e+00
Norm of dual sol:        1.00e+01
Norm of dual slacks:     5.00e+00

Norm of vector b:        2.00e+00
Norm of vector c:        6.72e+00

Norm of matrix A:        1.00e+00
Condition number:        4.00e+00

----------------------- Linear optimization problem -----------------------
Coeff matrix A:          [[+0.659 -0.060 -0.093 -0.042 -0.115 +0.015 -0.018 -0.040]
                          [-0.060 +0.523 +0.177 +0.046 +0.017 +0.191 -0.054 +0.088]
                          [-0.093 +0.177 +0.741 +0.029 -0.004 +0.071 -0.113 -0.020]
                          [-0.042 +0.046 +0.029 +0.561 -0.124 +0.105 +0.081 +0.126]
                          [-0.115 +0.017 -0.004 -0.124 +0.632 +0.134 +0.151 -0.035]
                          [+0.015 +0.191 +0.071 +0.105 +0.134 +0.574 +0.053 -0.017]
                          [-0.018 -0.054 -0.113 +0.081 +0.151 +0.053 +0.658 -0.027]
                          [-0.040 +0.088 -0.020 +0.126 -0.035 -0.017 -0.027 +0.651]]

RHS vector b:            [+0.659 +0.542 +0.492 +0.894 +0.301 +1.321 +0.353 +0.519]
Obj vector c:            [+3.753 -2.173 -2.530 -1.809 +2.219 +0.738 +0.178 -3.341]

---------------------------- Optimal solution -----------------------------
Primal variables:         [+1.283 +0.085 +0.652 +1.222 +0.539 +1.802 +0.299 +0.736]
Dual slacks:              [+2.305 +0.153 +1.171 +2.197 +0.969 +3.238 +0.538 +1.323]
Dual variables:           [+1.285 -0.174 -4.650 -4.024 +2.095 -3.572 -1.282 -6.458]

Optimal objective:       +8.89954850e-01
===========================================================================


----------------- Linear system Information -----------------
Norm of RHS vector:      2.00e+00
Norm of matrix:          1.00e+00
Condition number:        4.00e+00

Minimum eigenvalue:      +2.50e-01

RHS vector transpose:    [+0.659 +0.542 +0.492 +0.894 +0.301 +1.321 +0.353 +0.519]

Coffcient matrix:        [[+0.659 -0.060 -0.093 -0.042 -0.115 +0.015 -0.018 -0.040]
                          [-0.060 +0.523 +0.177 +0.046 +0.017 +0.191 -0.054 +0.088]
                          [-0.093 +0.177 +0.741 +0.029 -0.004 +0.071 -0.113 -0.020]
                          [-0.042 +0.046 +0.029 +0.561 -0.124 +0.105 +0.081 +0.126]
                          [-0.115 +0.017 -0.004 -0.124 +0.632 +0.134 +0.151 -0.035]
                          [+0.015 +0.191 +0.071 +0.105 +0.134 +0.574 +0.053 -0.017]
                          [-0.018 -0.054 -0.113 +0.081 +0.151 +0.053 +0.658 -0.027]
                          [-0.040 +0.088 -0.020 +0.126 -0.035 -0.017 -0.027 +0.651]]

------------- Modified linear system Information ------------
Norm of RHS vector:      1.00e+00
Norm of matrix:          5.00e-01
Condition number:        4.00e+00

Norm of difference:      2.57e-01
Norm of residual:        1.07e-01

------------------- Parameters of the QLSA ------------------
HHL method:              2
num_qubits:              8
Is simulator:            True

-------------------- Results of the QLSA --------------------
Quantum solution:        [+1.198 +0.290 +0.609 +1.184 +0.463 +1.757 +0.350 +0.683]
Exact solution:          [+1.283 +0.085 +0.652 +1.222 +0.539 +1.802 +0.299 +0.736]

Norm of difference:      2.57e-01
Norm of residual:        1.07e-01
Is sign changed:         True
Time (s):                1.82e+01
=============================================================
