
--------------- Linear optimization problem characteristics ---------------
Seed:                    62
Number of variables:     5
Number of constraints:   5

Norm of primal sol:      3.74e+00
Norm of dual sol:        1.00e+01
Norm of dual slacks:     5.00e+00

Norm of vector b:        2.00e+00
Norm of vector c:        1.01e+01

Norm of matrix A:        1.00e+00
Condition number:        4.00e+00

----------------------- Linear optimization problem -----------------------
Coeff matrix A:          [[+0.686 -0.043 +0.189 +0.081 -0.150]
                          [-0.043 +0.374 -0.115 +0.184 -0.052]
                          [+0.189 -0.115 +0.701 -0.096 -0.080]
                          [+0.081 +0.184 -0.096 +0.616 -0.010]
                          [-0.150 -0.052 -0.080 -0.010 +0.747]]

RHS vector b:            [+0.306 +0.386 +1.375 +0.784 +1.120]
Obj vector c:            [-4.425 +1.740 -0.506 -0.687 +8.817]

---------------------------- Optimal solution -----------------------------
Primal variables:         [+0.102 +1.483 +2.565 +1.247 +1.914]
Dual slacks:              [+0.137 +1.981 +3.427 +1.666 +2.557]
Dual variables:           [-3.337 +0.683 -4.339 -4.146 +7.238]

Optimal objective:       +1.68478858e+01
===========================================================================

[F[K 
----------------- Linear system Information -----------------
Norm of RHS vector:      2.00e+00
Norm of matrix:          1.00e+00
Condition number:        4.00e+00

Minimum eigenvalue:      +2.50e-01

RHS vector transpose:    [+0.306 +0.386 +1.375 +0.784 +1.120]

Coffcient matrix:        [[+0.686 -0.043 +0.189 +0.081 -0.150]
                          [-0.043 +0.374 -0.115 +0.184 -0.052]
                          [+0.189 -0.115 +0.701 -0.096 -0.080]
                          [+0.081 +0.184 -0.096 +0.616 -0.010]
                          [-0.150 -0.052 -0.080 -0.010 +0.747]]

------------- Modified linear system Information ------------
Norm of RHS vector:      1.00e+00
Norm of matrix:          5.00e-01
Condition number:        4.00e+00

Norm of difference:      1.49e+00
Norm of residual:        1.15e+00

------------------- Parameters of the QLSA ------------------
HHL method:              2
num_qubits:              8
Is simulator:            True

-------------------- Results of the QLSA --------------------
Quantum solution:        [+0.552 +0.801 +2.567 +1.332 +0.667]
Exact solution:          [+0.102 +1.483 +2.565 +1.247 +1.914]

Norm of difference:      1.49e+00
Norm of residual:        1.15e+00
Is sign changed:         False
Time (s):                1.80e+01
=============================================================
