
--------------- Linear optimization problem characteristics ---------------
Seed:                    34
Number of variables:     9
Number of constraints:   9

Norm of primal sol:      2.83e+00
Norm of dual sol:        1.00e+01
Norm of dual slacks:     5.00e+00

Norm of vector b:        2.00e+00
Norm of vector c:        8.04e+00

Norm of matrix A:        1.00e+00
Condition number:        4.00e+00

----------------------- Linear optimization problem -----------------------
Coeff matrix A:          [[+0.590 -0.066 +0.057 -0.124 -0.027 -0.114 +0.005 -0.006 -0.015]
                          [-0.066 +0.576 -0.020 -0.176 -0.059 +0.063 +0.156 +0.052 +0.110]
                          [+0.057 -0.020 +0.571 -0.014 -0.075 +0.066 +0.078 +0.065 -0.042]
                          [-0.124 -0.176 -0.014 +0.652 +0.082 -0.048 -0.132 +0.082 -0.104]
                          [-0.027 -0.059 -0.075 +0.082 +0.647 -0.041 +0.141 +0.093 -0.077]
                          [-0.114 +0.063 +0.066 -0.048 -0.041 +0.780 +0.022 +0.056 -0.031]
                          [+0.005 +0.156 +0.078 -0.132 +0.141 +0.022 +0.598 -0.049 -0.075]
                          [-0.006 +0.052 +0.065 +0.082 +0.093 +0.056 -0.049 +0.673 -0.112]
                          [-0.015 +0.110 -0.042 -0.104 -0.077 -0.031 -0.075 -0.112 +0.538]]

RHS vector b:            [-0.404 +0.942 +0.255 +0.325 +0.072 +1.470 +0.566 +0.537 +0.052]
Obj vector c:            [-0.952 -0.229 +1.371 +4.770 +1.260 +5.327 +2.461 -1.006 +1.404]

---------------------------- Optimal solution -----------------------------
Primal variables:         [+0.074 +1.494 +0.177 +1.212 +0.027 +1.792 +0.817 +0.485 +0.364]
Dual slacks:              [+0.131 +2.643 +0.314 +2.144 +0.047 +3.172 +1.445 +0.857 +0.644]
Dual variables:           [-0.964 -5.505 +1.680 +4.179 +1.234 +3.485 +3.694 -2.583 +3.807]

Optimal objective:       +1.72262451e+01
===========================================================================

[F[K 
----------------- Linear system Information -----------------
Norm of RHS vector:      2.00e+00
Norm of matrix:          1.00e+00
Condition number:        4.00e+00

Minimum eigenvalue:      +2.50e-01

RHS vector transpose:    [-0.404 +0.942 +0.255 +0.325 +0.072 +1.470 +0.566 +0.537 +0.052]

Coffcient matrix:        [[+0.590 -0.066 +0.057 -0.124 -0.027 -0.114 +0.005 -0.006 -0.015]
                          [-0.066 +0.576 -0.020 -0.176 -0.059 +0.063 +0.156 +0.052 +0.110]
                          [+0.057 -0.020 +0.571 -0.014 -0.075 +0.066 +0.078 +0.065 -0.042]
                          [-0.124 -0.176 -0.014 +0.652 +0.082 -0.048 -0.132 +0.082 -0.104]
                          [-0.027 -0.059 -0.075 +0.082 +0.647 -0.041 +0.141 +0.093 -0.077]
                          [-0.114 +0.063 +0.066 -0.048 -0.041 +0.780 +0.022 +0.056 -0.031]
                          [+0.005 +0.156 +0.078 -0.132 +0.141 +0.022 +0.598 -0.049 -0.075]
                          [-0.006 +0.052 +0.065 +0.082 +0.093 +0.056 -0.049 +0.673 -0.112]
                          [-0.015 +0.110 -0.042 -0.104 -0.077 -0.031 -0.075 -0.112 +0.538]]

------------- Modified linear system Information ------------
Norm of RHS vector:      1.00e+00
Norm of matrix:          5.00e-01
Condition number:        4.00e+00

Norm of difference:      2.11e+00
Norm of residual:        1.68e+00

------------------- Parameters of the QLSA ------------------
HHL method:              2
num_qubits:              10
Is simulator:            True

-------------------- Results of the QLSA --------------------
Quantum solution:        [-0.184 +0.136 +0.255 +1.117 +0.638 +1.196 +0.305 +1.113 -0.710]
Exact solution:          [+0.074 +1.494 +0.177 +1.212 +0.027 +1.792 +0.817 +0.485 +0.364]

Norm of difference:      2.11e+00
Norm of residual:        1.68e+00
Is sign changed:         True
Time (s):                2.06e+02
=============================================================
