
--------------- Linear optimization problem characteristics ---------------
Seed:                    4
Number of variables:     8
Number of constraints:   8

Norm of primal sol:      3.05e+00
Norm of dual sol:        1.00e+01
Norm of dual slacks:     5.00e+00

Norm of vector b:        2.00e+00
Norm of vector c:        8.53e+00

Norm of matrix A:        1.00e+00
Condition number:        4.00e+00

----------------------- Linear optimization problem -----------------------
Coeff matrix A:          [[+0.754 +0.095 +0.090 +0.042 -0.082 -0.039 -0.011 +0.134]
                          [+0.095 +0.643 -0.046 -0.164 +0.021 -0.006 +0.138 +0.028]
                          [+0.090 -0.046 +0.484 +0.073 -0.057 +0.164 -0.057 +0.073]
                          [+0.042 -0.164 +0.073 +0.503 +0.121 -0.020 -0.071 -0.036]
                          [-0.082 +0.021 -0.057 +0.121 +0.660 +0.090 -0.098 -0.065]
                          [-0.039 -0.006 +0.164 -0.020 +0.090 +0.675 +0.031 -0.159]
                          [-0.011 +0.138 -0.057 -0.071 -0.098 +0.031 +0.629 -0.072]
                          [+0.134 +0.028 +0.073 -0.036 -0.065 -0.159 -0.072 +0.653]]

RHS vector b:            [+1.231 +0.642 +0.785 +0.584 +0.519 +0.511 +0.762 +0.067]
Obj vector c:            [-0.121 +0.540 +4.484 +0.842 +4.961 +5.176 -0.437 -0.178]

---------------------------- Optimal solution -----------------------------
Primal variables:         [+1.445 +0.818 +1.453 +1.068 +1.043 +0.323 +1.459 +0.009]
Dual slacks:              [+2.365 +1.339 +2.379 +1.748 +1.707 +0.529 +2.388 +0.015]
Dual variables:           [-2.906 -0.767 +3.287 -3.556 +4.270 +5.687 -3.954 +1.145]

Optimal objective:       +1.38886562e+01
===========================================================================


----------------- Linear system Information -----------------
Norm of RHS vector:      2.00e+00
Norm of matrix:          1.00e+00
Condition number:        4.00e+00

Minimum eigenvalue:      +2.50e-01

RHS vector transpose:    [+1.231 +0.642 +0.785 +0.584 +0.519 +0.511 +0.762 +0.067]

Coffcient matrix:        [[+0.754 +0.095 +0.090 +0.042 -0.082 -0.039 -0.011 +0.134]
                          [+0.095 +0.643 -0.046 -0.164 +0.021 -0.006 +0.138 +0.028]
                          [+0.090 -0.046 +0.484 +0.073 -0.057 +0.164 -0.057 +0.073]
                          [+0.042 -0.164 +0.073 +0.503 +0.121 -0.020 -0.071 -0.036]
                          [-0.082 +0.021 -0.057 +0.121 +0.660 +0.090 -0.098 -0.065]
                          [-0.039 -0.006 +0.164 -0.020 +0.090 +0.675 +0.031 -0.159]
                          [-0.011 +0.138 -0.057 -0.071 -0.098 +0.031 +0.629 -0.072]
                          [+0.134 +0.028 +0.073 -0.036 -0.065 -0.159 -0.072 +0.653]]

------------- Modified linear system Information ------------
Norm of RHS vector:      1.00e+00
Norm of matrix:          5.00e-01
Condition number:        4.00e+00

Norm of difference:      3.58e+00
Norm of residual:        2.25e+00

------------------- Parameters of the QLSA ------------------
HHL method:              2
num_qubits:              8
Is simulator:            True

-------------------- Results of the QLSA --------------------
Quantum solution:        [-0.204 -0.162 -0.569 +2.184 +1.614 -0.389 +2.497 +1.377]
Exact solution:          [+1.445 +0.818 +1.453 +1.068 +1.043 +0.323 +1.459 +0.009]

Norm of difference:      3.58e+00
Norm of residual:        2.25e+00
Is sign changed:         False
Time (s):                1.81e+01
=============================================================
