
--------------- Linear optimization problem characteristics ---------------
Seed:                    95
Number of variables:     10
Number of constraints:   10

Norm of primal sol:      3.87e+00
Norm of dual sol:        1.00e+01
Norm of dual slacks:     5.00e+00

Norm of vector b:        2.00e+00
Norm of vector c:        9.76e+00

Norm of matrix A:        1.00e+00
Condition number:        4.00e+00

----------------------- Linear optimization problem -----------------------
Coeff matrix A:          [[+0.590 -0.109 -0.073 -0.063 +0.003 +0.179 -0.052 -0.048 -0.074 -0.055]
                          [-0.109 +0.598 -0.029 +0.013 +0.106 +0.093 -0.070 +0.060 +0.007 +0.118]
                          [-0.073 -0.029 +0.662 -0.077 -0.123 -0.064 +0.007 +0.143 +0.001 -0.080]
                          [-0.063 +0.013 -0.077 +0.643 +0.093 -0.037 +0.189 -0.070 -0.169 -0.058]
                          [+0.003 +0.106 -0.123 +0.093 +0.588 -0.023 +0.002 -0.025 -0.025 -0.103]
                          [+0.179 +0.093 -0.064 -0.037 -0.023 +0.557 -0.035 -0.046 +0.106 -0.036]
                          [-0.052 -0.070 +0.007 +0.189 +0.002 -0.035 +0.609 -0.052 -0.021 -0.005]
                          [-0.048 +0.060 +0.143 -0.070 -0.025 -0.046 -0.052 +0.687 -0.022 -0.035]
                          [-0.074 +0.007 +0.001 -0.169 -0.025 +0.106 -0.021 -0.022 +0.648 +0.023]
                          [-0.055 +0.118 -0.080 -0.058 -0.103 -0.036 -0.005 -0.035 +0.023 +0.668]]

RHS vector b:            [-0.016 +0.550 +0.686 +0.564 +0.254 +0.792 +0.861 +0.473 +0.764 +0.817]
Obj vector c:            [+0.993 +4.181 +1.598 +0.370 +0.655 +6.502 -0.772 +0.490 +5.116 +2.094]

---------------------------- Optimal solution -----------------------------
Primal variables:         [+0.408 +0.340 +1.579 +1.281 +0.949 +1.549 +1.290 +0.859 +1.347 +1.736]
Dual slacks:              [+0.527 +0.439 +2.042 +1.656 +1.228 +2.003 +1.669 +1.111 +1.742 +2.246]
Dual variables:           [+0.104 +5.704 -0.071 +0.214 -1.940 +5.844 -3.034 -1.203 +4.099 -1.425]

Optimal objective:       +2.54641416e+01
===========================================================================

[F[K 
----------------- Linear system Information -----------------
Norm of RHS vector:      2.00e+00
Norm of matrix:          1.00e+00
Condition number:        4.00e+00

Minimum eigenvalue:      +2.50e-01

RHS vector transpose:    [-0.016 +0.550 +0.686 +0.564 +0.254 +0.792 +0.861 +0.473 +0.764 +0.817]

Coffcient matrix:        [[+0.590 -0.109 -0.073 -0.063 +0.003 +0.179 -0.052 -0.048 -0.074 -0.055]
                          [-0.109 +0.598 -0.029 +0.013 +0.106 +0.093 -0.070 +0.060 +0.007 +0.118]
                          [-0.073 -0.029 +0.662 -0.077 -0.123 -0.064 +0.007 +0.143 +0.001 -0.080]
                          [-0.063 +0.013 -0.077 +0.643 +0.093 -0.037 +0.189 -0.070 -0.169 -0.058]
                          [+0.003 +0.106 -0.123 +0.093 +0.588 -0.023 +0.002 -0.025 -0.025 -0.103]
                          [+0.179 +0.093 -0.064 -0.037 -0.023 +0.557 -0.035 -0.046 +0.106 -0.036]
                          [-0.052 -0.070 +0.007 +0.189 +0.002 -0.035 +0.609 -0.052 -0.021 -0.005]
                          [-0.048 +0.060 +0.143 -0.070 -0.025 -0.046 -0.052 +0.687 -0.022 -0.035]
                          [-0.074 +0.007 +0.001 -0.169 -0.025 +0.106 -0.021 -0.022 +0.648 +0.023]
                          [-0.055 +0.118 -0.080 -0.058 -0.103 -0.036 -0.005 -0.035 +0.023 +0.668]]

------------- Modified linear system Information ------------
Norm of RHS vector:      1.00e+00
Norm of matrix:          5.00e-01
Condition number:        4.00e+00

Norm of difference:      4.44e+00
Norm of residual:        2.50e+00

------------------- Parameters of the QLSA ------------------
HHL method:              2
num_qubits:              10
Is simulator:            True

-------------------- Results of the QLSA --------------------
Quantum solution:        [-1.374 +0.842 -0.730 +0.245 +0.581 -0.671 +0.344 -0.722 +0.358 +1.082]
Exact solution:          [+0.408 +0.340 +1.579 +1.281 +0.949 +1.549 +1.290 +0.859 +1.347 +1.736]

Norm of difference:      4.44e+00
Norm of residual:        2.50e+00
Is sign changed:         False
Time (s):                2.00e+02
=============================================================
