
--------------- Linear optimization problem characteristics ---------------
Seed:                    38
Number of variables:     5
Number of constraints:   5

Norm of primal sol:      2.33e+00
Norm of dual sol:        1.00e+01
Norm of dual slacks:     5.00e+00

Norm of vector b:        2.00e+00
Norm of vector c:        4.41e+00

Norm of matrix A:        1.00e+00
Condition number:        4.00e+00

----------------------- Linear optimization problem -----------------------
Coeff matrix A:          [[+0.627 +0.175 -0.137 -0.024 -0.090]
                          [+0.175 +0.629 +0.175 -0.083 +0.145]
                          [-0.137 +0.175 +0.866 -0.003 +0.053]
                          [-0.024 -0.083 -0.003 +0.439 +0.092]
                          [-0.090 +0.145 +0.053 +0.092 +0.564]]

RHS vector b:            [+0.269 +1.147 +1.346 +0.403 +0.799]
Obj vector c:            [+2.409 -1.266 -0.243 +0.090 -3.463]

---------------------------- Optimal solution -----------------------------
Primal variables:         [+0.547 +1.223 +1.343 +1.000 +0.901]
Dual slacks:              [+1.176 +2.629 +2.887 +2.149 +1.937]
Dual variables:           [+1.784 -5.048 -1.896 -4.057 -7.161]

Optimal objective:       -3.58719424e+00
===========================================================================

[F[K 
----------------- Linear system Information -----------------
Norm of RHS vector:      2.00e+00
Norm of matrix:          1.00e+00
Condition number:        4.00e+00

Minimum eigenvalue:      +2.50e-01

RHS vector transpose:    [+0.269 +1.147 +1.346 +0.403 +0.799]

Coffcient matrix:        [[+0.627 +0.175 -0.137 -0.024 -0.090]
                          [+0.175 +0.629 +0.175 -0.083 +0.145]
                          [-0.137 +0.175 +0.866 -0.003 +0.053]
                          [-0.024 -0.083 -0.003 +0.439 +0.092]
                          [-0.090 +0.145 +0.053 +0.092 +0.564]]

------------- Modified linear system Information ------------
Norm of RHS vector:      1.00e+00
Norm of matrix:          5.00e-01
Condition number:        4.00e+00

Norm of difference:      2.35e+00
Norm of residual:        1.43e+00

------------------- Parameters of the QLSA ------------------
HHL method:              2
num_qubits:              8
Is simulator:            True

-------------------- Results of the QLSA --------------------
Quantum solution:        [-0.255 +0.623 +1.970 -0.556 -0.409]
Exact solution:          [+0.547 +1.223 +1.343 +1.000 +0.901]

Norm of difference:      2.35e+00
Norm of residual:        1.43e+00
Is sign changed:         False
Time (s):                1.80e+01
=============================================================
