
--------------- Linear optimization problem characteristics ---------------
Seed:                    15
Number of variables:     7
Number of constraints:   7

Norm of primal sol:      2.28e+00
Norm of dual sol:        1.00e+01
Norm of dual slacks:     5.00e+00

Norm of vector b:        2.00e+00
Norm of vector c:        6.48e+00

Norm of matrix A:        1.00e+00
Condition number:        4.00e+00

----------------------- Linear optimization problem -----------------------
Coeff matrix A:          [[+0.677 +0.125 +0.011 -0.087 +0.175 -0.002 +0.088]
                          [+0.125 +0.569 -0.005 +0.167 +0.044 -0.028 +0.092]
                          [+0.011 -0.005 +0.364 +0.026 -0.029 +0.163 +0.076]
                          [-0.087 +0.167 +0.026 +0.796 +0.112 -0.018 -0.028]
                          [+0.175 +0.044 -0.029 +0.112 +0.709 +0.100 +0.063]
                          [-0.002 -0.028 +0.163 -0.018 +0.100 +0.664 +0.020]
                          [+0.088 +0.092 +0.076 -0.028 +0.063 +0.020 +0.597]]

RHS vector b:            [+1.262 +0.579 +0.275 +0.509 +0.913 +0.751 +0.582]
Obj vector c:            [+0.849 -1.157 +0.104 +4.478 -0.278 +3.415 +2.850]

---------------------------- Optimal solution -----------------------------
Primal variables:         [+1.675 +0.353 +0.107 +0.713 +0.543 +1.046 +0.604]
Dual slacks:              [+3.671 +0.774 +0.235 +1.564 +1.191 +2.292 +1.323]
Dual variables:           [-2.402 -4.769 -3.072 +5.130 -2.897 +2.675 +4.492]

Optimal objective:       +9.35934907e+00
===========================================================================

[F[K 
----------------- Linear system Information -----------------
Norm of RHS vector:      2.00e+00
Norm of matrix:          1.00e+00
Condition number:        4.00e+00

Minimum eigenvalue:      +2.50e-01

RHS vector transpose:    [+1.262 +0.579 +0.275 +0.509 +0.913 +0.751 +0.582]

Coffcient matrix:        [[+0.677 +0.125 +0.011 -0.087 +0.175 -0.002 +0.088]
                          [+0.125 +0.569 -0.005 +0.167 +0.044 -0.028 +0.092]
                          [+0.011 -0.005 +0.364 +0.026 -0.029 +0.163 +0.076]
                          [-0.087 +0.167 +0.026 +0.796 +0.112 -0.018 -0.028]
                          [+0.175 +0.044 -0.029 +0.112 +0.709 +0.100 +0.063]
                          [-0.002 -0.028 +0.163 -0.018 +0.100 +0.664 +0.020]
                          [+0.088 +0.092 +0.076 -0.028 +0.063 +0.020 +0.597]]

------------- Modified linear system Information ------------
Norm of RHS vector:      1.00e+00
Norm of matrix:          5.00e-01
Condition number:        4.00e+00

Norm of difference:      3.43e+00
Norm of residual:        2.32e+00

------------------- Parameters of the QLSA ------------------
HHL method:              2
num_qubits:              8
Is simulator:            True

-------------------- Results of the QLSA --------------------
Quantum solution:        [+1.526 +0.372 +1.179 +1.835 -0.772 +0.438 -2.093]
Exact solution:          [+1.675 +0.353 +0.107 +0.713 +0.543 +1.046 +0.604]

Norm of difference:      3.43e+00
Norm of residual:        2.32e+00
Is sign changed:         False
Time (s):                1.82e+01
=============================================================
