
--------------- Linear optimization problem characteristics ---------------
Seed:                    6
Number of variables:     7
Number of constraints:   7

Norm of primal sol:      3.04e+00
Norm of dual sol:        1.00e+01
Norm of dual slacks:     5.00e+00

Norm of vector b:        2.00e+00
Norm of vector c:        9.40e+00

Norm of matrix A:        1.00e+00
Condition number:        4.00e+00

----------------------- Linear optimization problem -----------------------
Coeff matrix A:          [[+0.562 +0.046 -0.006 +0.068 -0.210 +0.016 +0.007]
                          [+0.046 +0.670 -0.032 -0.053 -0.118 +0.079 -0.155]
                          [-0.006 -0.032 +0.776 +0.127 -0.014 +0.050 -0.014]
                          [+0.068 -0.053 +0.127 +0.632 -0.044 +0.131 -0.152]
                          [-0.210 -0.118 -0.014 -0.044 +0.689 -0.098 -0.092]
                          [+0.016 +0.079 +0.050 +0.131 -0.098 +0.587 -0.094]
                          [+0.007 -0.155 -0.014 -0.152 -0.092 -0.094 +0.458]]

RHS vector b:            [+1.028 +0.382 +1.317 +0.340 -0.555 +0.765 +0.231]
Obj vector c:            [-0.166 -3.416 +5.390 -1.053 +6.002 +0.925 +3.110]

---------------------------- Optimal solution -----------------------------
Primal variables:         [+1.815 +0.675 +1.669 +0.085 +0.219 +1.209 +1.077]
Dual slacks:              [+2.990 +1.112 +2.750 +0.140 +0.360 +1.992 +1.774]
Dual variables:           [-2.397 -4.860 +3.618 -1.826 +6.965 +0.533 +2.328]

Optimal objective:       +1.20819219e+01
===========================================================================

[F[K 
----------------- Linear system Information -----------------
Norm of RHS vector:      2.00e+00
Norm of matrix:          1.00e+00
Condition number:        4.00e+00

Minimum eigenvalue:      +2.50e-01

RHS vector transpose:    [+1.028 +0.382 +1.317 +0.340 -0.555 +0.765 +0.231]

Coffcient matrix:        [[+0.562 +0.046 -0.006 +0.068 -0.210 +0.016 +0.007]
                          [+0.046 +0.670 -0.032 -0.053 -0.118 +0.079 -0.155]
                          [-0.006 -0.032 +0.776 +0.127 -0.014 +0.050 -0.014]
                          [+0.068 -0.053 +0.127 +0.632 -0.044 +0.131 -0.152]
                          [-0.210 -0.118 -0.014 -0.044 +0.689 -0.098 -0.092]
                          [+0.016 +0.079 +0.050 +0.131 -0.098 +0.587 -0.094]
                          [+0.007 -0.155 -0.014 -0.152 -0.092 -0.094 +0.458]]

------------- Modified linear system Information ------------
Norm of RHS vector:      1.00e+00
Norm of matrix:          5.00e-01
Condition number:        4.00e+00

Norm of difference:      3.26e+00
Norm of residual:        1.95e+00

------------------- Parameters of the QLSA ------------------
HHL method:              2
num_qubits:              8
Is simulator:            True

-------------------- Results of the QLSA --------------------
Quantum solution:        [+0.006 +1.568 +2.022 -1.625 -0.547 -0.317 +0.307]
Exact solution:          [+1.815 +0.675 +1.669 +0.085 +0.219 +1.209 +1.077]

Norm of difference:      3.26e+00
Norm of residual:        1.95e+00
Is sign changed:         True
Time (s):                1.82e+01
=============================================================
