
--------------- Linear optimization problem characteristics ---------------
Seed:                    21
Number of variables:     9
Number of constraints:   9

Norm of primal sol:      2.98e+00
Norm of dual sol:        1.00e+01
Norm of dual slacks:     5.00e+00

Norm of vector b:        2.00e+00
Norm of vector c:        9.44e+00

Norm of matrix A:        1.00e+00
Condition number:        4.00e+00

----------------------- Linear optimization problem -----------------------
Coeff matrix A:          [[+0.627 -0.039 -0.009 +0.009 +0.028 +0.060 +0.121 +0.080 -0.080]
                          [-0.039 +0.578 +0.017 -0.009 +0.000 -0.032 -0.093 -0.095 -0.142]
                          [-0.009 +0.017 +0.629 -0.048 +0.119 -0.141 +0.082 +0.005 +0.018]
                          [+0.009 -0.009 -0.048 +0.591 +0.072 -0.063 +0.196 -0.004 +0.016]
                          [+0.028 +0.000 +0.119 +0.072 +0.637 -0.138 +0.061 +0.159 +0.077]
                          [+0.060 -0.032 -0.141 -0.063 -0.138 +0.688 +0.014 -0.089 +0.070]
                          [+0.121 -0.093 +0.082 +0.196 +0.061 +0.014 +0.580 -0.089 +0.020]
                          [+0.080 -0.095 +0.005 -0.004 +0.159 -0.089 -0.089 +0.561 -0.108]
                          [-0.080 -0.142 +0.018 +0.016 +0.077 +0.070 +0.020 -0.108 +0.735]]

RHS vector b:            [+0.229 +0.108 +1.341 +0.130 +0.951 -0.358 +0.469 +0.845 +0.392]
Obj vector c:            [+1.026 -2.420 +5.630 -1.662 +0.051 +0.698 +3.207 +3.562 +4.934]

---------------------------- Optimal solution -----------------------------
Primal variables:         [+0.129 +0.763 +1.902 +0.057 +0.543 +0.134 +0.798 +1.752 +0.813]
Dual slacks:              [+0.215 +1.279 +3.188 +0.096 +0.911 +0.225 +1.337 +2.936 +1.363]
Dual variables:           [+0.842 -4.335 +3.700 -3.693 -3.241 -0.041 +3.663 +2.608 +4.738]

Optimal objective:       +2.18296840e+01
===========================================================================

[F[K 
----------------- Linear system Information -----------------
Norm of RHS vector:      2.00e+00
Norm of matrix:          1.00e+00
Condition number:        4.00e+00

Minimum eigenvalue:      +2.50e-01

RHS vector transpose:    [+0.229 +0.108 +1.341 +0.130 +0.951 -0.358 +0.469 +0.845 +0.392]

Coffcient matrix:        [[+0.627 -0.039 -0.009 +0.009 +0.028 +0.060 +0.121 +0.080 -0.080]
                          [-0.039 +0.578 +0.017 -0.009 +0.000 -0.032 -0.093 -0.095 -0.142]
                          [-0.009 +0.017 +0.629 -0.048 +0.119 -0.141 +0.082 +0.005 +0.018]
                          [+0.009 -0.009 -0.048 +0.591 +0.072 -0.063 +0.196 -0.004 +0.016]
                          [+0.028 +0.000 +0.119 +0.072 +0.637 -0.138 +0.061 +0.159 +0.077]
                          [+0.060 -0.032 -0.141 -0.063 -0.138 +0.688 +0.014 -0.089 +0.070]
                          [+0.121 -0.093 +0.082 +0.196 +0.061 +0.014 +0.580 -0.089 +0.020]
                          [+0.080 -0.095 +0.005 -0.004 +0.159 -0.089 -0.089 +0.561 -0.108]
                          [-0.080 -0.142 +0.018 +0.016 +0.077 +0.070 +0.020 -0.108 +0.735]]

------------- Modified linear system Information ------------
Norm of RHS vector:      1.00e+00
Norm of matrix:          5.00e-01
Condition number:        4.00e+00

Norm of difference:      4.02e+00
Norm of residual:        1.65e+00

------------------- Parameters of the QLSA ------------------
HHL method:              2
num_qubits:              10
Is simulator:            True

-------------------- Results of the QLSA --------------------
Quantum solution:        [+0.162 -0.880 -0.095 -0.069 +1.814 -1.334 +0.399 -0.012 -0.748]
Exact solution:          [+0.129 +0.763 +1.902 +0.057 +0.543 +0.134 +0.798 +1.752 +0.813]

Norm of difference:      4.02e+00
Norm of residual:        1.65e+00
Is sign changed:         True
Time (s):                2.07e+02
=============================================================
