
--------------- Linear optimization problem characteristics ---------------
Seed:                    99
Number of variables:     7
Number of constraints:   7

Norm of primal sol:      3.19e+00
Norm of dual sol:        1.00e+01
Norm of dual slacks:     5.00e+00

Norm of vector b:        2.00e+00
Norm of vector c:        6.78e+00

Norm of matrix A:        1.00e+00
Condition number:        4.00e+00

----------------------- Linear optimization problem -----------------------
Coeff matrix A:          [[+0.630 +0.047 -0.118 +0.057 +0.055 -0.135 -0.140]
                          [+0.047 +0.649 -0.017 -0.082 +0.134 -0.146 -0.051]
                          [-0.118 -0.017 +0.685 +0.007 +0.033 -0.010 -0.094]
                          [+0.057 -0.082 +0.007 +0.636 -0.101 -0.004 -0.201]
                          [+0.055 +0.134 +0.033 -0.101 +0.514 +0.096 +0.100]
                          [-0.135 -0.146 -0.010 -0.004 +0.096 +0.738 +0.101]
                          [-0.140 -0.051 -0.094 -0.201 +0.100 +0.101 +0.524]]

RHS vector b:            [+0.568 +0.700 +0.964 -0.244 +1.280 +0.726 +0.185]
Obj vector c:            [+0.430 +5.220 -0.426 +0.961 +3.812 +1.000 +1.390]

---------------------------- Optimal solution -----------------------------
Primal variables:         [+1.376 +0.999 +1.690 +0.064 +1.654 +1.158 +0.609]
Dual slacks:              [+2.155 +1.564 +2.646 +0.101 +2.590 +1.813 +0.954]
Dual variables:           [-4.951 +5.359 -5.387 +2.947 +2.695 -1.339 -0.064]

Optimal objective:       +1.34591369e+01
===========================================================================

[F[K 
----------------- Linear system Information -----------------
Norm of RHS vector:      2.00e+00
Norm of matrix:          1.00e+00
Condition number:        4.00e+00

Minimum eigenvalue:      +2.50e-01

RHS vector transpose:    [+0.568 +0.700 +0.964 -0.244 +1.280 +0.726 +0.185]

Coffcient matrix:        [[+0.630 +0.047 -0.118 +0.057 +0.055 -0.135 -0.140]
                          [+0.047 +0.649 -0.017 -0.082 +0.134 -0.146 -0.051]
                          [-0.118 -0.017 +0.685 +0.007 +0.033 -0.010 -0.094]
                          [+0.057 -0.082 +0.007 +0.636 -0.101 -0.004 -0.201]
                          [+0.055 +0.134 +0.033 -0.101 +0.514 +0.096 +0.100]
                          [-0.135 -0.146 -0.010 -0.004 +0.096 +0.738 +0.101]
                          [-0.140 -0.051 -0.094 -0.201 +0.100 +0.101 +0.524]]

------------- Modified linear system Information ------------
Norm of RHS vector:      1.00e+00
Norm of matrix:          5.00e-01
Condition number:        4.00e+00

Norm of difference:      2.87e+00
Norm of residual:        2.17e+00

------------------- Parameters of the QLSA ------------------
HHL method:              2
num_qubits:              8
Is simulator:            True

-------------------- Results of the QLSA --------------------
Quantum solution:        [+2.471 +0.945 -0.511 +0.858 +0.476 +1.470 +0.363]
Exact solution:          [+1.376 +0.999 +1.690 +0.064 +1.654 +1.158 +0.609]

Norm of difference:      2.87e+00
Norm of residual:        2.17e+00
Is sign changed:         True
Time (s):                1.81e+01
=============================================================
