
--------------- Linear optimization problem characteristics ---------------
Seed:                    95
Number of variables:     9
Number of constraints:   9

Norm of primal sol:      3.75e+00
Norm of dual sol:        1.00e+01
Norm of dual slacks:     5.00e+00

Norm of vector b:        2.00e+00
Norm of vector c:        8.29e+00

Norm of matrix A:        1.00e+00
Condition number:        4.00e+00

----------------------- Linear optimization problem -----------------------
Coeff matrix A:          [[+0.647 -0.029 +0.056 +0.080 +0.011 +0.047 -0.139 +0.053 -0.105]
                          [-0.029 +0.684 -0.019 +0.048 +0.093 -0.014 +0.018 +0.112 +0.040]
                          [+0.056 -0.019 +0.651 +0.050 +0.083 -0.091 -0.138 -0.057 -0.141]
                          [+0.080 +0.048 +0.050 +0.514 -0.059 -0.021 -0.091 +0.105 -0.112]
                          [+0.011 +0.093 +0.083 -0.059 +0.655 -0.039 -0.006 +0.096 +0.002]
                          [+0.047 -0.014 -0.091 -0.021 -0.039 +0.655 -0.052 +0.193 +0.055]
                          [-0.139 +0.018 -0.138 -0.091 -0.006 -0.052 +0.660 +0.039 -0.034]
                          [+0.053 +0.112 -0.057 +0.105 +0.096 +0.193 +0.039 +0.582 -0.167]
                          [-0.105 +0.040 -0.141 -0.112 +0.002 +0.055 -0.034 -0.167 +0.578]]

RHS vector b:            [+0.273 +0.534 +0.685 +0.567 +0.793 +1.082 +0.399 +0.892 +0.308]
Obj vector c:            [+3.553 +0.075 +5.780 +1.893 +1.777 -0.057 +3.983 -0.330 +0.174]

---------------------------- Optimal solution -----------------------------
Primal variables:         [+0.443 +0.369 +1.716 +1.392 +1.032 +1.684 +1.402 +0.934 +1.464]
Dual slacks:              [+0.590 +0.492 +2.286 +1.854 +1.374 +2.242 +1.868 +1.243 +1.950]
Dual variables:           [+5.482 +0.097 +5.295 -0.066 +0.198 -1.801 +5.425 -2.817 -1.117]

Optimal objective:       +2.14280215e+01
===========================================================================

[F[K 
----------------- Linear system Information -----------------
Norm of RHS vector:      2.00e+00
Norm of matrix:          1.00e+00
Condition number:        4.00e+00

Minimum eigenvalue:      +2.50e-01

RHS vector transpose:    [+0.273 +0.534 +0.685 +0.567 +0.793 +1.082 +0.399 +0.892 +0.308]

Coffcient matrix:        [[+0.647 -0.029 +0.056 +0.080 +0.011 +0.047 -0.139 +0.053 -0.105]
                          [-0.029 +0.684 -0.019 +0.048 +0.093 -0.014 +0.018 +0.112 +0.040]
                          [+0.056 -0.019 +0.651 +0.050 +0.083 -0.091 -0.138 -0.057 -0.141]
                          [+0.080 +0.048 +0.050 +0.514 -0.059 -0.021 -0.091 +0.105 -0.112]
                          [+0.011 +0.093 +0.083 -0.059 +0.655 -0.039 -0.006 +0.096 +0.002]
                          [+0.047 -0.014 -0.091 -0.021 -0.039 +0.655 -0.052 +0.193 +0.055]
                          [-0.139 +0.018 -0.138 -0.091 -0.006 -0.052 +0.660 +0.039 -0.034]
                          [+0.053 +0.112 -0.057 +0.105 +0.096 +0.193 +0.039 +0.582 -0.167]
                          [-0.105 +0.040 -0.141 -0.112 +0.002 +0.055 -0.034 -0.167 +0.578]]

------------- Modified linear system Information ------------
Norm of RHS vector:      1.00e+00
Norm of matrix:          5.00e-01
Condition number:        4.00e+00

Norm of difference:      3.31e+00
Norm of residual:        1.70e+00

------------------- Parameters of the QLSA ------------------
HHL method:              2
num_qubits:              10
Is simulator:            True

-------------------- Results of the QLSA --------------------
Quantum solution:        [+0.128 +1.040 -0.812 +1.220 +0.021 +1.077 +0.182 +1.115 +0.433]
Exact solution:          [+0.443 +0.369 +1.716 +1.392 +1.032 +1.684 +1.402 +0.934 +1.464]

Norm of difference:      3.31e+00
Norm of residual:        1.70e+00
Is sign changed:         False
Time (s):                2.07e+02
=============================================================
