
--------------- Linear optimization problem characteristics ---------------
Seed:                    52
Number of variables:     8
Number of constraints:   8

Norm of primal sol:      2.84e+00
Norm of dual sol:        1.00e+01
Norm of dual slacks:     5.00e+00

Norm of vector b:        2.00e+00
Norm of vector c:        9.30e+00

Norm of matrix A:        1.00e+00
Condition number:        4.00e+00

----------------------- Linear optimization problem -----------------------
Coeff matrix A:          [[+0.610 +0.016 +0.142 +0.019 -0.073 +0.184 -0.081 +0.018]
                          [+0.016 +0.689 +0.095 -0.038 +0.047 +0.064 +0.045 +0.023]
                          [+0.142 +0.095 +0.364 -0.060 -0.021 +0.102 -0.073 -0.071]
                          [+0.019 -0.038 -0.060 +0.732 -0.089 +0.079 -0.034 +0.011]
                          [-0.073 +0.047 -0.021 -0.089 +0.738 +0.059 -0.070 -0.154]
                          [+0.184 +0.064 +0.102 +0.079 +0.059 +0.590 -0.074 -0.105]
                          [-0.081 +0.045 -0.073 -0.034 -0.070 -0.074 +0.727 +0.096]
                          [+0.018 +0.023 -0.071 +0.011 -0.154 -0.105 +0.096 +0.550]]

RHS vector b:            [+1.210 +0.174 +0.269 +0.918 -0.293 +0.893 -0.040 +0.839]
Obj vector c:            [+6.422 +0.697 +1.774 +4.220 +2.103 +3.150 +1.899 +2.418]

---------------------------- Optimal solution -----------------------------
Primal variables:         [+1.499 +0.048 +0.384 +1.126 +0.179 +1.129 +0.098 +1.750]
Dual slacks:              [+2.643 +0.084 +0.677 +1.986 +0.316 +1.991 +0.173 +3.084]
Dual variables:           [+6.970 +0.307 +1.981 +3.841 +3.844 -1.194 +3.900 -1.114]

Optimal objective:       +2.34455239e+01
===========================================================================


----------------- Linear system Information -----------------
Norm of RHS vector:      2.00e+00
Norm of matrix:          1.00e+00
Condition number:        4.00e+00

Minimum eigenvalue:      +2.50e-01

RHS vector transpose:    [+1.210 +0.174 +0.269 +0.918 -0.293 +0.893 -0.040 +0.839]

Coffcient matrix:        [[+0.610 +0.016 +0.142 +0.019 -0.073 +0.184 -0.081 +0.018]
                          [+0.016 +0.689 +0.095 -0.038 +0.047 +0.064 +0.045 +0.023]
                          [+0.142 +0.095 +0.364 -0.060 -0.021 +0.102 -0.073 -0.071]
                          [+0.019 -0.038 -0.060 +0.732 -0.089 +0.079 -0.034 +0.011]
                          [-0.073 +0.047 -0.021 -0.089 +0.738 +0.059 -0.070 -0.154]
                          [+0.184 +0.064 +0.102 +0.079 +0.059 +0.590 -0.074 -0.105]
                          [-0.081 +0.045 -0.073 -0.034 -0.070 -0.074 +0.727 +0.096]
                          [+0.018 +0.023 -0.071 +0.011 -0.154 -0.105 +0.096 +0.550]]

------------- Modified linear system Information ------------
Norm of RHS vector:      1.00e+00
Norm of matrix:          5.00e-01
Condition number:        4.00e+00

Norm of difference:      2.07e+00
Norm of residual:        1.14e+00

------------------- Parameters of the QLSA ------------------
HHL method:              2
num_qubits:              8
Is simulator:            True

-------------------- Results of the QLSA --------------------
Quantum solution:        [+1.061 +0.023 +0.237 +1.108 -1.386 +0.591 -0.077 +0.605]
Exact solution:          [+1.499 +0.048 +0.384 +1.126 +0.179 +1.129 +0.098 +1.750]

Norm of difference:      2.07e+00
Norm of residual:        1.14e+00
Is sign changed:         True
Time (s):                1.81e+01
=============================================================
