
--------------- Linear optimization problem characteristics ---------------
Seed:                    1
Number of variables:     8
Number of constraints:   8

Norm of primal sol:      3.36e+00
Norm of dual sol:        1.00e+01
Norm of dual slacks:     5.00e+00

Norm of vector b:        2.00e+00
Norm of vector c:        6.06e+00

Norm of matrix A:        1.00e+00
Condition number:        4.00e+00

----------------------- Linear optimization problem -----------------------
Coeff matrix A:          [[+0.708 +0.070 +0.145 +0.015 -0.117 -0.154 +0.075 +0.042]
                          [+0.070 +0.618 +0.054 -0.164 -0.020 -0.045 -0.022 -0.039]
                          [+0.145 +0.054 +0.657 -0.043 +0.003 -0.138 -0.150 -0.035]
                          [+0.015 -0.164 -0.043 +0.673 +0.108 -0.059 +0.010 -0.073]
                          [-0.117 -0.020 +0.003 +0.108 +0.623 -0.093 -0.072 +0.003]
                          [-0.154 -0.045 -0.138 -0.059 -0.093 +0.424 +0.145 -0.086]
                          [+0.075 -0.022 -0.150 +0.010 -0.072 +0.145 +0.670 -0.048]
                          [+0.042 -0.039 -0.035 -0.073 +0.003 -0.086 -0.048 +0.628]]

RHS vector b:            [+1.186 +1.367 +0.115 +0.269 +0.135 -0.312 +0.442 +0.574]
Obj vector c:            [+0.327 +3.317 -0.848 +2.206 -1.353 +2.097 -2.383 +2.852]

---------------------------- Optimal solution -----------------------------
Primal variables:         [+1.425 +2.461 +0.000 +1.033 +0.501 +0.315 +0.636 +1.181]
Dual slacks:              [+2.119 +3.660 +0.001 +1.536 +0.746 +0.469 +0.946 +1.756]
Dual variables:           [-1.410 +0.530 -1.104 +2.531 -4.038 +5.166 -6.457 +2.329]

Optimal objective:       +1.27410236e+01
===========================================================================


----------------- Linear system Information -----------------
Norm of RHS vector:      2.00e+00
Norm of matrix:          1.00e+00
Condition number:        4.00e+00

Minimum eigenvalue:      +2.50e-01

RHS vector transpose:    [+1.186 +1.367 +0.115 +0.269 +0.135 -0.312 +0.442 +0.574]

Coffcient matrix:        [[+0.708 +0.070 +0.145 +0.015 -0.117 -0.154 +0.075 +0.042]
                          [+0.070 +0.618 +0.054 -0.164 -0.020 -0.045 -0.022 -0.039]
                          [+0.145 +0.054 +0.657 -0.043 +0.003 -0.138 -0.150 -0.035]
                          [+0.015 -0.164 -0.043 +0.673 +0.108 -0.059 +0.010 -0.073]
                          [-0.117 -0.020 +0.003 +0.108 +0.623 -0.093 -0.072 +0.003]
                          [-0.154 -0.045 -0.138 -0.059 -0.093 +0.424 +0.145 -0.086]
                          [+0.075 -0.022 -0.150 +0.010 -0.072 +0.145 +0.670 -0.048]
                          [+0.042 -0.039 -0.035 -0.073 +0.003 -0.086 -0.048 +0.628]]

------------- Modified linear system Information ------------
Norm of RHS vector:      1.00e+00
Norm of matrix:          5.00e-01
Condition number:        4.00e+00

Norm of difference:      3.29e+00
Norm of residual:        2.51e+00

------------------- Parameters of the QLSA ------------------
HHL method:              2
num_qubits:              8
Is simulator:            True

-------------------- Results of the QLSA --------------------
Quantum solution:        [+0.026 +0.951 -1.297 +0.787 +2.361 -0.514 +0.689 +0.338]
Exact solution:          [+1.425 +2.461 +0.000 +1.033 +0.501 +0.315 +0.636 +1.181]

Norm of difference:      3.29e+00
Norm of residual:        2.51e+00
Is sign changed:         True
Time (s):                2.27e+01
=============================================================
