
--------------- Linear optimization problem characteristics ---------------
Seed:                    66
Number of variables:     9
Number of constraints:   9

Norm of primal sol:      3.38e+00
Norm of dual sol:        1.00e+01
Norm of dual slacks:     5.00e+00

Norm of vector b:        2.00e+00
Norm of vector c:        9.05e+00

Norm of matrix A:        1.00e+00
Condition number:        4.00e+00

----------------------- Linear optimization problem -----------------------
Coeff matrix A:          [[+0.724 -0.001 +0.027 -0.091 +0.051 +0.008 -0.049 -0.018 +0.147]
                          [-0.001 +0.453 -0.122 +0.005 +0.113 +0.069 -0.082 +0.023 -0.010]
                          [+0.027 -0.122 +0.548 -0.157 -0.054 -0.040 -0.053 -0.076 +0.025]
                          [-0.091 +0.005 -0.157 +0.619 -0.011 +0.138 -0.097 -0.007 +0.028]
                          [+0.051 +0.113 -0.054 -0.011 +0.612 +0.062 +0.040 +0.062 +0.120]
                          [+0.008 +0.069 -0.040 +0.138 +0.062 +0.651 +0.037 -0.154 -0.029]
                          [-0.049 -0.082 -0.053 -0.097 +0.040 +0.037 +0.662 -0.104 +0.131]
                          [-0.018 +0.023 -0.076 -0.007 +0.062 -0.154 -0.104 +0.607 -0.104]
                          [+0.147 -0.010 +0.025 +0.028 +0.120 -0.029 +0.131 -0.104 +0.749]]

RHS vector b:            [+0.246 +0.011 -0.026 +0.787 +0.634 +0.473 +1.047 +0.363 +1.211]
Obj vector c:            [+0.181 -3.031 +4.330 +0.335 -2.998 +1.247 +6.207 +0.557 +2.121]

---------------------------- Optimal solution -----------------------------
Primal variables:         [+0.380 +0.329 +0.893 +1.672 +0.479 +0.618 +1.867 +1.373 +1.267]
Dual slacks:              [+0.562 +0.487 +1.320 +2.472 +0.708 +0.914 +2.761 +2.030 +1.874]
Dual variables:           [-0.375 -4.811 +3.836 -2.347 -5.462 +2.075 +4.703 +0.168 +0.456]

Optimal objective:       +1.78738325e+01
===========================================================================

[F[K 
----------------- Linear system Information -----------------
Norm of RHS vector:      2.00e+00
Norm of matrix:          1.00e+00
Condition number:        4.00e+00

Minimum eigenvalue:      +2.50e-01

RHS vector transpose:    [+0.246 +0.011 -0.026 +0.787 +0.634 +0.473 +1.047 +0.363 +1.211]

Coffcient matrix:        [[+0.724 -0.001 +0.027 -0.091 +0.051 +0.008 -0.049 -0.018 +0.147]
                          [-0.001 +0.453 -0.122 +0.005 +0.113 +0.069 -0.082 +0.023 -0.010]
                          [+0.027 -0.122 +0.548 -0.157 -0.054 -0.040 -0.053 -0.076 +0.025]
                          [-0.091 +0.005 -0.157 +0.619 -0.011 +0.138 -0.097 -0.007 +0.028]
                          [+0.051 +0.113 -0.054 -0.011 +0.612 +0.062 +0.040 +0.062 +0.120]
                          [+0.008 +0.069 -0.040 +0.138 +0.062 +0.651 +0.037 -0.154 -0.029]
                          [-0.049 -0.082 -0.053 -0.097 +0.040 +0.037 +0.662 -0.104 +0.131]
                          [-0.018 +0.023 -0.076 -0.007 +0.062 -0.154 -0.104 +0.607 -0.104]
                          [+0.147 -0.010 +0.025 +0.028 +0.120 -0.029 +0.131 -0.104 +0.749]]

------------- Modified linear system Information ------------
Norm of RHS vector:      1.00e+00
Norm of matrix:          5.00e-01
Condition number:        4.00e+00

Norm of difference:      3.74e+00
Norm of residual:        2.60e+00

------------------- Parameters of the QLSA ------------------
HHL method:              2
num_qubits:              10
Is simulator:            True

-------------------- Results of the QLSA --------------------
Quantum solution:        [-1.086 +0.511 -1.029 +1.014 +0.662 +0.701 +0.321 +0.169 -0.680]
Exact solution:          [+0.380 +0.329 +0.893 +1.672 +0.479 +0.618 +1.867 +1.373 +1.267]

Norm of difference:      3.74e+00
Norm of residual:        2.60e+00
Is sign changed:         False
Time (s):                2.01e+02
=============================================================
