
--------------- Linear optimization problem characteristics ---------------
Seed:                    57
Number of variables:     10
Number of constraints:   10

Norm of primal sol:      2.24e+00
Norm of dual sol:        1.00e+01
Norm of dual slacks:     5.00e+00

Norm of vector b:        2.00e+00
Norm of vector c:        7.64e+00

Norm of matrix A:        1.00e+00
Condition number:        4.00e+00

----------------------- Linear optimization problem -----------------------
Coeff matrix A:          [[+0.726 -0.018 -0.166 +0.038 -0.023 +0.067 -0.032 -0.071 -0.113 +0.041]
                          [-0.018 +0.659 -0.036 -0.056 +0.176 +0.023 +0.009 +0.054 +0.062 +0.038]
                          [-0.166 -0.036 +0.503 -0.057 +0.032 -0.001 +0.069 -0.034 +0.046 -0.025]
                          [+0.038 -0.056 -0.057 +0.731 +0.074 -0.135 +0.133 -0.030 +0.034 -0.010]
                          [-0.023 +0.176 +0.032 +0.074 +0.478 +0.071 +0.025 +0.083 -0.076 -0.041]
                          [+0.067 +0.023 -0.001 -0.135 +0.071 +0.605 +0.063 +0.171 +0.096 +0.072]
                          [-0.032 +0.009 +0.069 +0.133 +0.025 +0.063 +0.655 +0.049 +0.137 -0.064]
                          [-0.071 +0.054 -0.034 -0.030 +0.083 +0.171 +0.049 +0.589 +0.041 +0.029]
                          [-0.113 +0.062 +0.046 +0.034 -0.076 +0.096 +0.137 +0.041 +0.665 +0.060]
                          [+0.041 +0.038 -0.025 -0.010 -0.041 +0.072 -0.064 +0.029 +0.060 +0.639]]

RHS vector b:            [-0.140 +0.442 +0.292 +0.337 +0.558 +0.827 +0.970 +0.972 +0.745 +0.387]
Obj vector c:            [-3.239 +2.883 +1.657 +1.317 +0.511 +0.160 +2.922 +0.485 +5.033 -0.795]

---------------------------- Optimal solution -----------------------------
Primal variables:         [+0.115 +0.304 +0.542 +0.410 +0.746 +0.718 +1.064 +1.210 +0.688 +0.560]
Dual slacks:              [+0.257 +0.678 +1.209 +0.914 +1.664 +1.603 +2.373 +2.700 +1.535 +1.249]
Dual variables:           [-4.519 +4.206 -0.839 +0.867 -3.017 -0.554 -0.339 -4.215 +4.510 -3.578]

Optimal objective:       +9.15136510e+00
===========================================================================

[F[K 
----------------- Linear system Information -----------------
Norm of RHS vector:      2.00e+00
Norm of matrix:          1.00e+00
Condition number:        4.00e+00

Minimum eigenvalue:      +2.50e-01

RHS vector transpose:    [-0.140 +0.442 +0.292 +0.337 +0.558 +0.827 +0.970 +0.972 +0.745 +0.387]

Coffcient matrix:        [[+0.726 -0.018 -0.166 +0.038 -0.023 +0.067 -0.032 -0.071 -0.113 +0.041]
                          [-0.018 +0.659 -0.036 -0.056 +0.176 +0.023 +0.009 +0.054 +0.062 +0.038]
                          [-0.166 -0.036 +0.503 -0.057 +0.032 -0.001 +0.069 -0.034 +0.046 -0.025]
                          [+0.038 -0.056 -0.057 +0.731 +0.074 -0.135 +0.133 -0.030 +0.034 -0.010]
                          [-0.023 +0.176 +0.032 +0.074 +0.478 +0.071 +0.025 +0.083 -0.076 -0.041]
                          [+0.067 +0.023 -0.001 -0.135 +0.071 +0.605 +0.063 +0.171 +0.096 +0.072]
                          [-0.032 +0.009 +0.069 +0.133 +0.025 +0.063 +0.655 +0.049 +0.137 -0.064]
                          [-0.071 +0.054 -0.034 -0.030 +0.083 +0.171 +0.049 +0.589 +0.041 +0.029]
                          [-0.113 +0.062 +0.046 +0.034 -0.076 +0.096 +0.137 +0.041 +0.665 +0.060]
                          [+0.041 +0.038 -0.025 -0.010 -0.041 +0.072 -0.064 +0.029 +0.060 +0.639]]

------------- Modified linear system Information ------------
Norm of RHS vector:      1.00e+00
Norm of matrix:          5.00e-01
Condition number:        4.00e+00

Norm of difference:      1.40e+00
Norm of residual:        9.73e-01

------------------- Parameters of the QLSA ------------------
HHL method:              2
num_qubits:              10
Is simulator:            True

-------------------- Results of the QLSA --------------------
Quantum solution:        [-0.786 +0.602 +0.382 -0.124 +0.297 +0.762 +0.763 +0.817 +0.970 +0.097]
Exact solution:          [+0.115 +0.304 +0.542 +0.410 +0.746 +0.718 +1.064 +1.210 +0.688 +0.560]

Norm of difference:      1.40e+00
Norm of residual:        9.73e-01
Is sign changed:         False
Time (s):                2.00e+02
=============================================================
