
--------------- Linear optimization problem characteristics ---------------
Seed:                    25
Number of variables:     7
Number of constraints:   7

Norm of primal sol:      3.43e+00
Norm of dual sol:        1.00e+01
Norm of dual slacks:     5.00e+00

Norm of vector b:        2.00e+00
Norm of vector c:        8.10e+00

Norm of matrix A:        1.00e+00
Condition number:        4.00e+00

----------------------- Linear optimization problem -----------------------
Coeff matrix A:          [[+0.717 -0.078 -0.028 +0.058 -0.092 -0.030 +0.004]
                          [-0.078 +0.460 +0.088 -0.142 +0.098 +0.067 -0.219]
                          [-0.028 +0.088 +0.517 +0.125 +0.170 -0.011 -0.087]
                          [+0.058 -0.142 +0.125 +0.634 +0.034 +0.021 +0.032]
                          [-0.092 +0.098 +0.170 +0.034 +0.811 -0.056 +0.027]
                          [-0.030 +0.067 -0.011 +0.021 -0.056 +0.531 -0.047]
                          [+0.004 -0.219 -0.087 +0.032 +0.027 -0.047 +0.705]]

RHS vector b:            [+1.365 +0.243 +0.512 +0.402 +0.946 +0.054 +0.870]
Obj vector c:            [+2.880 +1.515 -2.312 -1.629 -5.825 +0.301 +3.601]

---------------------------- Optimal solution -----------------------------
Primal variables:         [+2.188 +1.464 +0.701 +0.467 +1.034 +0.295 +1.722]
Dual slacks:              [+3.190 +2.134 +1.022 +0.682 +1.507 +0.430 +2.511]
Dual variables:           [-1.416 +1.276 -3.017 -2.216 -8.783 -1.202 +1.939]

Optimal objective:       +6.40466049e+00
===========================================================================

[F[K 
----------------- Linear system Information -----------------
Norm of RHS vector:      2.00e+00
Norm of matrix:          1.00e+00
Condition number:        4.00e+00

Minimum eigenvalue:      +2.50e-01

RHS vector transpose:    [+1.365 +0.243 +0.512 +0.402 +0.946 +0.054 +0.870]

Coffcient matrix:        [[+0.717 -0.078 -0.028 +0.058 -0.092 -0.030 +0.004]
                          [-0.078 +0.460 +0.088 -0.142 +0.098 +0.067 -0.219]
                          [-0.028 +0.088 +0.517 +0.125 +0.170 -0.011 -0.087]
                          [+0.058 -0.142 +0.125 +0.634 +0.034 +0.021 +0.032]
                          [-0.092 +0.098 +0.170 +0.034 +0.811 -0.056 +0.027]
                          [-0.030 +0.067 -0.011 +0.021 -0.056 +0.531 -0.047]
                          [+0.004 -0.219 -0.087 +0.032 +0.027 -0.047 +0.705]]

------------- Modified linear system Information ------------
Norm of RHS vector:      1.00e+00
Norm of matrix:          5.00e-01
Condition number:        4.00e+00

Norm of difference:      3.43e+00
Norm of residual:        1.68e+00

------------------- Parameters of the QLSA ------------------
HHL method:              2
num_qubits:              8
Is simulator:            True

-------------------- Results of the QLSA --------------------
Quantum solution:        [+1.255 -0.079 -0.249 +0.919 +1.213 +2.873 +0.853]
Exact solution:          [+2.188 +1.464 +0.701 +0.467 +1.034 +0.295 +1.722]

Norm of difference:      3.43e+00
Norm of residual:        1.68e+00
Is sign changed:         False
Time (s):                1.82e+01
=============================================================
