
--------------- Linear optimization problem characteristics ---------------
Seed:                    75
Number of variables:     9
Number of constraints:   9

Norm of primal sol:      3.11e+00
Norm of dual sol:        1.00e+01
Norm of dual slacks:     5.00e+00

Norm of vector b:        2.00e+00
Norm of vector c:        9.66e+00

Norm of matrix A:        1.00e+00
Condition number:        4.00e+00

----------------------- Linear optimization problem -----------------------
Coeff matrix A:          [[+0.688 -0.110 +0.020 +0.113 +0.097 -0.044 -0.072 +0.116 +0.003]
                          [-0.110 +0.726 +0.033 -0.102 +0.101 +0.091 +0.086 -0.023 +0.112]
                          [+0.020 +0.033 +0.673 -0.197 +0.070 -0.070 -0.084 +0.040 -0.034]
                          [+0.113 -0.102 -0.197 +0.609 -0.039 -0.080 +0.020 +0.097 +0.024]
                          [+0.097 +0.101 +0.070 -0.039 +0.617 -0.020 -0.017 -0.003 -0.093]
                          [-0.044 +0.091 -0.070 -0.080 -0.020 +0.548 +0.039 +0.087 -0.053]
                          [-0.072 +0.086 -0.084 +0.020 -0.017 +0.039 +0.569 +0.168 +0.070]
                          [+0.116 -0.023 +0.040 +0.097 -0.003 +0.087 +0.168 +0.562 -0.110]
                          [+0.003 +0.112 -0.034 +0.024 -0.093 -0.053 +0.070 -0.110 +0.633]]

RHS vector b:            [+1.041 +0.139 +0.742 +0.773 +0.780 +0.290 +0.268 +0.980 +0.155]
Obj vector c:            [+5.357 -0.335 +3.526 +5.139 +4.127 -0.833 -2.236 +0.852 -1.502]

---------------------------- Optimal solution -----------------------------
Primal variables:         [+0.973 +0.113 +1.519 +1.590 +1.162 +0.931 +0.321 +1.057 +0.640]
Dual slacks:              [+1.567 +0.182 +2.446 +2.560 +1.872 +1.499 +0.517 +1.703 +1.030]
Dual variables:           [+4.738 +1.619 +1.877 +4.716 +1.858 -2.927 -2.668 -3.005 -4.582]

Optimal objective:       +2.19448304e+01
===========================================================================

[F[K 
----------------- Linear system Information -----------------
Norm of RHS vector:      2.00e+00
Norm of matrix:          1.00e+00
Condition number:        4.00e+00

Minimum eigenvalue:      +2.50e-01

RHS vector transpose:    [+1.041 +0.139 +0.742 +0.773 +0.780 +0.290 +0.268 +0.980 +0.155]

Coffcient matrix:        [[+0.688 -0.110 +0.020 +0.113 +0.097 -0.044 -0.072 +0.116 +0.003]
                          [-0.110 +0.726 +0.033 -0.102 +0.101 +0.091 +0.086 -0.023 +0.112]
                          [+0.020 +0.033 +0.673 -0.197 +0.070 -0.070 -0.084 +0.040 -0.034]
                          [+0.113 -0.102 -0.197 +0.609 -0.039 -0.080 +0.020 +0.097 +0.024]
                          [+0.097 +0.101 +0.070 -0.039 +0.617 -0.020 -0.017 -0.003 -0.093]
                          [-0.044 +0.091 -0.070 -0.080 -0.020 +0.548 +0.039 +0.087 -0.053]
                          [-0.072 +0.086 -0.084 +0.020 -0.017 +0.039 +0.569 +0.168 +0.070]
                          [+0.116 -0.023 +0.040 +0.097 -0.003 +0.087 +0.168 +0.562 -0.110]
                          [+0.003 +0.112 -0.034 +0.024 -0.093 -0.053 +0.070 -0.110 +0.633]]

------------- Modified linear system Information ------------
Norm of RHS vector:      1.00e+00
Norm of matrix:          5.00e-01
Condition number:        4.00e+00

Norm of difference:      5.89e+00
Norm of residual:        2.68e+00

------------------- Parameters of the QLSA ------------------
HHL method:              2
num_qubits:              10
Is simulator:            True

-------------------- Results of the QLSA --------------------
Quantum solution:        [+2.180 +0.573 -0.917 -0.868 -0.900 -2.544 -0.525 -0.147 -0.968]
Exact solution:          [+0.973 +0.113 +1.519 +1.590 +1.162 +0.931 +0.321 +1.057 +0.640]

Norm of difference:      5.89e+00
Norm of residual:        2.68e+00
Is sign changed:         False
Time (s):                2.08e+02
=============================================================
