
--------------- Linear optimization problem characteristics ---------------
Seed:                    26
Number of variables:     8
Number of constraints:   8

Norm of primal sol:      2.56e+00
Norm of dual sol:        1.00e+01
Norm of dual slacks:     5.00e+00

Norm of vector b:        2.00e+00
Norm of vector c:        5.10e+00

Norm of matrix A:        1.00e+00
Condition number:        4.00e+00

----------------------- Linear optimization problem -----------------------
Coeff matrix A:          [[+0.656 +0.008 +0.022 +0.219 -0.059 -0.022 +0.028 +0.033]
                          [+0.008 +0.567 -0.002 +0.080 +0.109 +0.063 +0.070 -0.044]
                          [+0.022 -0.002 +0.475 +0.046 +0.015 +0.143 -0.146 +0.170]
                          [+0.219 +0.080 +0.046 +0.803 -0.008 -0.119 -0.040 -0.015]
                          [-0.059 +0.109 +0.015 -0.008 +0.662 -0.110 -0.084 +0.062]
                          [-0.022 +0.063 +0.143 -0.119 -0.110 +0.605 -0.021 -0.034]
                          [+0.028 +0.070 -0.146 -0.040 -0.084 -0.021 +0.711 -0.070]
                          [+0.033 -0.044 +0.170 -0.015 +0.062 -0.034 -0.070 +0.520]]

RHS vector b:            [+0.568 +0.720 +0.767 +1.139 +0.946 +0.058 -0.030 +0.611]
Obj vector c:            [+3.139 -1.080 +0.698 +2.814 -0.545 +2.318 -0.735 -0.641]

---------------------------- Optimal solution -----------------------------
Primal variables:         [+0.480 +0.810 +1.199 +1.231 +1.358 +0.293 +0.420 +0.774]
Dual slacks:              [+0.939 +1.583 +2.342 +2.406 +2.654 +0.573 +0.822 +1.513]
Dual variables:           [+3.506 -4.472 -4.695 +0.569 -3.185 +3.826 -3.376 -3.027]

Optimal objective:       +4.06875579e+00
===========================================================================


----------------- Linear system Information -----------------
Norm of RHS vector:      2.00e+00
Norm of matrix:          1.00e+00
Condition number:        4.00e+00

Minimum eigenvalue:      +2.50e-01

RHS vector transpose:    [+0.568 +0.720 +0.767 +1.139 +0.946 +0.058 -0.030 +0.611]

Coffcient matrix:        [[+0.656 +0.008 +0.022 +0.219 -0.059 -0.022 +0.028 +0.033]
                          [+0.008 +0.567 -0.002 +0.080 +0.109 +0.063 +0.070 -0.044]
                          [+0.022 -0.002 +0.475 +0.046 +0.015 +0.143 -0.146 +0.170]
                          [+0.219 +0.080 +0.046 +0.803 -0.008 -0.119 -0.040 -0.015]
                          [-0.059 +0.109 +0.015 -0.008 +0.662 -0.110 -0.084 +0.062]
                          [-0.022 +0.063 +0.143 -0.119 -0.110 +0.605 -0.021 -0.034]
                          [+0.028 +0.070 -0.146 -0.040 -0.084 -0.021 +0.711 -0.070]
                          [+0.033 -0.044 +0.170 -0.015 +0.062 -0.034 -0.070 +0.520]]

------------- Modified linear system Information ------------
Norm of RHS vector:      1.00e+00
Norm of matrix:          5.00e-01
Condition number:        4.00e+00

Norm of difference:      2.76e+00
Norm of residual:        2.13e+00

------------------- Parameters of the QLSA ------------------
HHL method:              2
num_qubits:              8
Is simulator:            True

-------------------- Results of the QLSA --------------------
Quantum solution:        [-0.845 +1.394 +0.685 +0.901 +1.288 +1.517 +1.103 -1.006]
Exact solution:          [+0.480 +0.810 +1.199 +1.231 +1.358 +0.293 +0.420 +0.774]

Norm of difference:      2.76e+00
Norm of residual:        2.13e+00
Is sign changed:         False
Time (s):                1.82e+01
=============================================================
