
--------------- Linear optimization problem characteristics ---------------
Seed:                    30
Number of variables:     7
Number of constraints:   7

Norm of primal sol:      3.20e+00
Norm of dual sol:        1.00e+01
Norm of dual slacks:     5.00e+00

Norm of vector b:        2.00e+00
Norm of vector c:        9.77e+00

Norm of matrix A:        1.00e+00
Condition number:        4.00e+00

----------------------- Linear optimization problem -----------------------
Coeff matrix A:          [[+0.665 -0.190 -0.101 -0.065 -0.018 +0.086 -0.095]
                          [-0.190 +0.568 -0.024 +0.003 +0.103 -0.159 +0.016]
                          [-0.101 -0.024 +0.473 -0.175 -0.109 +0.055 -0.050]
                          [-0.065 +0.003 -0.175 +0.685 +0.090 +0.006 -0.096]
                          [-0.018 +0.103 -0.109 +0.090 +0.781 +0.036 +0.128]
                          [+0.086 -0.159 +0.055 +0.006 +0.036 +0.650 -0.021]
                          [-0.095 +0.016 -0.050 -0.096 +0.128 -0.021 +0.552]]

RHS vector b:            [+0.360 +0.253 +0.137 -0.095 +1.576 +0.495 +1.024]
Obj vector c:            [-1.568 +3.054 +2.398 -3.920 +3.873 +0.321 +6.889]

---------------------------- Optimal solution -----------------------------
Primal variables:         [+1.179 +0.697 +1.214 +0.300 +1.762 +0.635 +1.815]
Dual slacks:              [+1.842 +1.089 +1.896 +0.468 +2.753 +0.991 +2.836]
Dual variables:           [-4.902 +1.586 -1.727 -6.731 +0.817 +0.336 +4.938]

Optimal objective:       +2.15497565e+01
===========================================================================

[F[K 
----------------- Linear system Information -----------------
Norm of RHS vector:      2.00e+00
Norm of matrix:          1.00e+00
Condition number:        4.00e+00

Minimum eigenvalue:      +2.50e-01

RHS vector transpose:    [+0.360 +0.253 +0.137 -0.095 +1.576 +0.495 +1.024]

Coffcient matrix:        [[+0.665 -0.190 -0.101 -0.065 -0.018 +0.086 -0.095]
                          [-0.190 +0.568 -0.024 +0.003 +0.103 -0.159 +0.016]
                          [-0.101 -0.024 +0.473 -0.175 -0.109 +0.055 -0.050]
                          [-0.065 +0.003 -0.175 +0.685 +0.090 +0.006 -0.096]
                          [-0.018 +0.103 -0.109 +0.090 +0.781 +0.036 +0.128]
                          [+0.086 -0.159 +0.055 +0.006 +0.036 +0.650 -0.021]
                          [-0.095 +0.016 -0.050 -0.096 +0.128 -0.021 +0.552]]

------------- Modified linear system Information ------------
Norm of RHS vector:      1.00e+00
Norm of matrix:          5.00e-01
Condition number:        4.00e+00

Norm of difference:      5.83e+00
Norm of residual:        2.02e+00

------------------- Parameters of the QLSA ------------------
HHL method:              2
num_qubits:              8
Is simulator:            True

-------------------- Results of the QLSA --------------------
Quantum solution:        [-1.776 -0.541 -2.727 -0.678 +1.691 +0.108 -0.829]
Exact solution:          [+1.179 +0.697 +1.214 +0.300 +1.762 +0.635 +1.815]

Norm of difference:      5.83e+00
Norm of residual:        2.02e+00
Is sign changed:         False
Time (s):                1.82e+01
=============================================================
