
--------------- Linear optimization problem characteristics ---------------
Seed:                    42
Number of variables:     7
Number of constraints:   7

Norm of primal sol:      2.73e+00
Norm of dual sol:        1.00e+01
Norm of dual slacks:     5.00e+00

Norm of vector b:        2.00e+00
Norm of vector c:        8.26e+00

Norm of matrix A:        1.00e+00
Condition number:        4.00e+00

----------------------- Linear optimization problem -----------------------
Coeff matrix A:          [[+0.764 +0.099 +0.056 +0.051 +0.112 -0.117 -0.174]
                          [+0.099 +0.634 -0.150 +0.130 -0.011 +0.046 -0.042]
                          [+0.056 -0.150 +0.673 +0.105 -0.147 -0.133 -0.096]
                          [+0.051 +0.130 +0.105 +0.575 +0.011 -0.027 -0.036]
                          [+0.112 -0.011 -0.147 +0.011 +0.593 -0.136 -0.051]
                          [-0.117 +0.046 -0.133 -0.027 -0.136 +0.578 -0.069]
                          [-0.174 -0.042 -0.096 -0.036 -0.051 -0.069 +0.558]]

RHS vector b:            [+0.856 +1.185 +0.746 +1.083 -0.002 -0.094 -0.355]
Obj vector c:            [+5.064 +3.695 +2.697 -0.240 +3.320 +1.601 -2.843]

---------------------------- Optimal solution -----------------------------
Primal variables:         [+0.726 +1.842 +1.418 +1.160 +0.302 +0.302 +0.113]
Dual slacks:              [+1.327 +3.369 +2.594 +2.122 +0.553 +0.553 +0.206]
Dual variables:           [+4.016 +1.109 +2.282 -5.257 +5.153 +3.646 -3.155]

Optimal objective:       +1.51943641e+01
===========================================================================

[F[K 
----------------- Linear system Information -----------------
Norm of RHS vector:      2.00e+00
Norm of matrix:          1.00e+00
Condition number:        4.00e+00

Minimum eigenvalue:      +2.50e-01

RHS vector transpose:    [+0.856 +1.185 +0.746 +1.083 -0.002 -0.094 -0.355]

Coffcient matrix:        [[+0.764 +0.099 +0.056 +0.051 +0.112 -0.117 -0.174]
                          [+0.099 +0.634 -0.150 +0.130 -0.011 +0.046 -0.042]
                          [+0.056 -0.150 +0.673 +0.105 -0.147 -0.133 -0.096]
                          [+0.051 +0.130 +0.105 +0.575 +0.011 -0.027 -0.036]
                          [+0.112 -0.011 -0.147 +0.011 +0.593 -0.136 -0.051]
                          [-0.117 +0.046 -0.133 -0.027 -0.136 +0.578 -0.069]
                          [-0.174 -0.042 -0.096 -0.036 -0.051 -0.069 +0.558]]

------------- Modified linear system Information ------------
Norm of RHS vector:      1.00e+00
Norm of matrix:          5.00e-01
Condition number:        4.00e+00

Norm of difference:      3.26e+00
Norm of residual:        2.19e+00

------------------- Parameters of the QLSA ------------------
HHL method:              2
num_qubits:              8
Is simulator:            True

-------------------- Results of the QLSA --------------------
Quantum solution:        [+0.068 +0.618 -0.049 +1.607 +1.025 -1.599 +1.590]
Exact solution:          [+0.726 +1.842 +1.418 +1.160 +0.302 +0.302 +0.113]

Norm of difference:      3.26e+00
Norm of residual:        2.19e+00
Is sign changed:         True
Time (s):                1.82e+01
=============================================================
