
--------------- Linear optimization problem characteristics ---------------
Seed:                    68
Number of variables:     9
Number of constraints:   9

Norm of primal sol:      3.31e+00
Norm of dual sol:        1.00e+01
Norm of dual slacks:     5.00e+00

Norm of vector b:        2.00e+00
Norm of vector c:        1.04e+01

Norm of matrix A:        1.00e+00
Condition number:        4.00e+00

----------------------- Linear optimization problem -----------------------
Coeff matrix A:          [[+0.676 +0.006 +0.037 -0.001 +0.027 +0.093 -0.035 +0.053 -0.118]
                          [+0.006 +0.476 -0.002 -0.098 +0.058 +0.131 -0.105 +0.135 +0.023]
                          [+0.037 -0.002 +0.502 -0.017 -0.088 +0.074 +0.095 +0.132 -0.114]
                          [-0.001 -0.098 -0.017 +0.706 +0.106 -0.028 +0.036 +0.063 -0.106]
                          [+0.027 +0.058 -0.088 +0.106 +0.843 +0.007 +0.065 -0.090 -0.084]
                          [+0.093 +0.131 +0.074 -0.028 +0.007 +0.652 -0.024 +0.036 -0.031]
                          [-0.035 -0.105 +0.095 +0.036 +0.065 -0.024 +0.699 -0.093 -0.070]
                          [+0.053 +0.135 +0.132 +0.063 -0.090 +0.036 -0.093 +0.547 +0.001]
                          [-0.118 +0.023 -0.114 -0.106 -0.084 -0.031 -0.070 +0.001 +0.525]]

RHS vector b:            [+0.316 +0.064 +0.645 +0.192 +1.096 +0.532 +1.356 +0.086 +0.333]
Obj vector c:            [+4.001 +1.336 +4.400 +3.776 +3.009 +2.038 +5.791 +2.893 +1.260]

---------------------------- Optimal solution -----------------------------
Primal variables:         [+0.602 +0.101 +1.351 +0.261 +1.418 +0.688 +1.874 +0.220 +1.625]
Dual slacks:              [+0.910 +0.152 +2.041 +0.395 +2.142 +1.040 +2.831 +0.333 +2.456]
Dual variables:           [+4.537 +3.586 +3.144 +4.955 +0.378 +0.076 +4.767 +2.889 +0.949]

Optimal objective:       +2.86743978e+01
===========================================================================

[F[K 
----------------- Linear system Information -----------------
Norm of RHS vector:      2.00e+00
Norm of matrix:          1.00e+00
Condition number:        4.00e+00

Minimum eigenvalue:      +2.50e-01

RHS vector transpose:    [+0.316 +0.064 +0.645 +0.192 +1.096 +0.532 +1.356 +0.086 +0.333]

Coffcient matrix:        [[+0.676 +0.006 +0.037 -0.001 +0.027 +0.093 -0.035 +0.053 -0.118]
                          [+0.006 +0.476 -0.002 -0.098 +0.058 +0.131 -0.105 +0.135 +0.023]
                          [+0.037 -0.002 +0.502 -0.017 -0.088 +0.074 +0.095 +0.132 -0.114]
                          [-0.001 -0.098 -0.017 +0.706 +0.106 -0.028 +0.036 +0.063 -0.106]
                          [+0.027 +0.058 -0.088 +0.106 +0.843 +0.007 +0.065 -0.090 -0.084]
                          [+0.093 +0.131 +0.074 -0.028 +0.007 +0.652 -0.024 +0.036 -0.031]
                          [-0.035 -0.105 +0.095 +0.036 +0.065 -0.024 +0.699 -0.093 -0.070]
                          [+0.053 +0.135 +0.132 +0.063 -0.090 +0.036 -0.093 +0.547 +0.001]
                          [-0.118 +0.023 -0.114 -0.106 -0.084 -0.031 -0.070 +0.001 +0.525]]

------------- Modified linear system Information ------------
Norm of RHS vector:      1.00e+00
Norm of matrix:          5.00e-01
Condition number:        4.00e+00

Norm of difference:      3.30e+00
Norm of residual:        1.90e+00

------------------- Parameters of the QLSA ------------------
HHL method:              2
num_qubits:              10
Is simulator:            True

-------------------- Results of the QLSA --------------------
Quantum solution:        [-0.027 -0.429 -0.181 +0.735 +1.379 -0.313 +0.774 -0.584 -0.564]
Exact solution:          [+0.602 +0.101 +1.351 +0.261 +1.418 +0.688 +1.874 +0.220 +1.625]

Norm of difference:      3.30e+00
Norm of residual:        1.90e+00
Is sign changed:         True
Time (s):                2.01e+02
=============================================================
