
--------------- Linear optimization problem characteristics ---------------
Seed:                    46
Number of variables:     10
Number of constraints:   10

Norm of primal sol:      2.67e+00
Norm of dual sol:        1.00e+01
Norm of dual slacks:     5.00e+00

Norm of vector b:        2.00e+00
Norm of vector c:        8.38e+00

Norm of matrix A:        1.00e+00
Condition number:        4.00e+00

----------------------- Linear optimization problem -----------------------
Coeff matrix A:          [[+0.631 +0.122 +0.043 -0.010 +0.011 +0.027 -0.009 -0.021 -0.061 -0.166]
                          [+0.122 +0.792 +0.084 +0.073 +0.004 -0.072 +0.042 +0.024 +0.011 -0.021]
                          [+0.043 +0.084 +0.647 +0.102 -0.058 -0.019 +0.023 -0.005 +0.195 +0.070]
                          [-0.010 +0.073 +0.102 +0.693 +0.116 +0.020 -0.001 +0.087 +0.108 +0.050]
                          [+0.011 +0.004 -0.058 +0.116 +0.536 -0.074 -0.102 -0.064 -0.046 +0.001]
                          [+0.027 -0.072 -0.019 +0.020 -0.074 +0.461 +0.069 +0.061 -0.049 +0.086]
                          [-0.009 +0.042 +0.023 -0.001 -0.102 +0.069 +0.684 +0.139 -0.022 +0.008]
                          [-0.021 +0.024 -0.005 +0.087 -0.064 +0.061 +0.139 +0.611 +0.058 +0.038]
                          [-0.061 +0.011 +0.195 +0.108 -0.046 -0.049 -0.022 +0.058 +0.540 -0.135]
                          [-0.166 -0.021 +0.070 +0.050 +0.001 +0.086 +0.008 +0.038 -0.135 +0.656]]

RHS vector b:            [+0.628 +0.845 +0.676 +1.092 +0.148 +0.570 +0.180 +0.606 +0.658 +0.251]
Obj vector c:            [+1.148 -2.208 -0.546 +4.265 +4.038 +1.597 -3.466 +2.402 +1.726 +2.439]

---------------------------- Optimal solution -----------------------------
Primal variables:         [+1.065 +0.863 +0.338 +1.030 +0.425 +1.274 +0.058 +0.599 +1.240 +0.618]
Dual slacks:              [+1.993 +1.614 +0.633 +1.928 +0.796 +2.383 +0.109 +1.121 +2.321 +1.157]
Dual variables:           [+0.096 -5.036 -0.894 +2.981 +4.453 -2.139 -4.803 +3.665 -1.276 +1.550]

Optimal objective:       +1.21650140e+01
===========================================================================

[F[K 
----------------- Linear system Information -----------------
Norm of RHS vector:      2.00e+00
Norm of matrix:          1.00e+00
Condition number:        4.00e+00

Minimum eigenvalue:      +2.50e-01

RHS vector transpose:    [+0.628 +0.845 +0.676 +1.092 +0.148 +0.570 +0.180 +0.606 +0.658 +0.251]

Coffcient matrix:        [[+0.631 +0.122 +0.043 -0.010 +0.011 +0.027 -0.009 -0.021 -0.061 -0.166]
                          [+0.122 +0.792 +0.084 +0.073 +0.004 -0.072 +0.042 +0.024 +0.011 -0.021]
                          [+0.043 +0.084 +0.647 +0.102 -0.058 -0.019 +0.023 -0.005 +0.195 +0.070]
                          [-0.010 +0.073 +0.102 +0.693 +0.116 +0.020 -0.001 +0.087 +0.108 +0.050]
                          [+0.011 +0.004 -0.058 +0.116 +0.536 -0.074 -0.102 -0.064 -0.046 +0.001]
                          [+0.027 -0.072 -0.019 +0.020 -0.074 +0.461 +0.069 +0.061 -0.049 +0.086]
                          [-0.009 +0.042 +0.023 -0.001 -0.102 +0.069 +0.684 +0.139 -0.022 +0.008]
                          [-0.021 +0.024 -0.005 +0.087 -0.064 +0.061 +0.139 +0.611 +0.058 +0.038]
                          [-0.061 +0.011 +0.195 +0.108 -0.046 -0.049 -0.022 +0.058 +0.540 -0.135]
                          [-0.166 -0.021 +0.070 +0.050 +0.001 +0.086 +0.008 +0.038 -0.135 +0.656]]

------------- Modified linear system Information ------------
Norm of RHS vector:      1.00e+00
Norm of matrix:          5.00e-01
Condition number:        4.00e+00

Norm of difference:      3.12e+00
Norm of residual:        2.03e+00

------------------- Parameters of the QLSA ------------------
HHL method:              2
num_qubits:              10
Is simulator:            True

-------------------- Results of the QLSA --------------------
Quantum solution:        [+0.335 +0.166 +1.449 -0.047 +0.194 +0.231 +0.543 -0.214 +1.236 -1.447]
Exact solution:          [+1.065 +0.863 +0.338 +1.030 +0.425 +1.274 +0.058 +0.599 +1.240 +0.618]

Norm of difference:      3.12e+00
Norm of residual:        2.03e+00
Is sign changed:         False
Time (s):                2.01e+02
=============================================================
