
--------------- Linear optimization problem characteristics ---------------
Seed:                    30
Number of variables:     10
Number of constraints:   10

Norm of primal sol:      3.64e+00
Norm of dual sol:        1.00e+01
Norm of dual slacks:     5.00e+00

Norm of vector b:        2.00e+00
Norm of vector c:        7.40e+00

Norm of matrix A:        1.00e+00
Condition number:        4.00e+00

----------------------- Linear optimization problem -----------------------
Coeff matrix A:          [[+0.645 -0.031 -0.034 +0.115 -0.186 -0.059 +0.016 -0.012 -0.032 +0.183]
                          [-0.031 +0.694 +0.157 -0.024 -0.012 +0.023 +0.011 -0.095 +0.028 -0.084]
                          [-0.034 +0.157 +0.528 -0.022 -0.064 -0.061 +0.116 +0.009 -0.058 -0.014]
                          [+0.115 -0.024 -0.022 +0.646 -0.091 +0.015 +0.021 -0.015 +0.012 -0.011]
                          [-0.186 -0.012 -0.064 -0.091 +0.577 +0.045 -0.109 +0.031 +0.015 -0.014]
                          [-0.059 +0.023 -0.061 +0.015 +0.045 +0.591 +0.202 -0.015 +0.097 -0.074]
                          [+0.016 +0.011 +0.116 +0.021 -0.109 +0.202 +0.580 +0.054 -0.089 -0.098]
                          [-0.012 -0.095 +0.009 -0.015 +0.031 -0.015 +0.054 +0.636 +0.092 +0.017]
                          [-0.032 +0.028 -0.058 +0.012 +0.015 +0.097 -0.089 +0.092 +0.748 -0.044]
                          [+0.183 -0.084 -0.014 -0.011 -0.014 -0.074 -0.098 +0.017 -0.044 +0.605]]

RHS vector b:            [+0.515 +0.597 +0.726 +0.177 +0.557 +0.772 +1.063 +0.475 +0.680 +0.309]
Obj vector c:            [-1.375 +0.878 +1.828 +1.110 +5.688 -1.766 +0.368 +3.410 +0.241 -0.473]

---------------------------- Optimal solution -----------------------------
Primal variables:         [+1.233 +0.729 +1.269 +0.313 +1.842 +0.663 +1.898 +0.450 +1.121 +0.778]
Dual slacks:              [+1.693 +1.001 +1.742 +0.430 +2.530 +0.911 +2.606 +0.618 +1.539 +1.069]
Dual variables:           [-3.571 +0.433 +0.178 +2.620 +4.260 -4.028 -2.987 +4.852 -2.600 -2.563]

Optimal objective:       +1.30514293e+01
===========================================================================

[F[K 
----------------- Linear system Information -----------------
Norm of RHS vector:      2.00e+00
Norm of matrix:          1.00e+00
Condition number:        4.00e+00

Minimum eigenvalue:      +2.50e-01

RHS vector transpose:    [+0.515 +0.597 +0.726 +0.177 +0.557 +0.772 +1.063 +0.475 +0.680 +0.309]

Coffcient matrix:        [[+0.645 -0.031 -0.034 +0.115 -0.186 -0.059 +0.016 -0.012 -0.032 +0.183]
                          [-0.031 +0.694 +0.157 -0.024 -0.012 +0.023 +0.011 -0.095 +0.028 -0.084]
                          [-0.034 +0.157 +0.528 -0.022 -0.064 -0.061 +0.116 +0.009 -0.058 -0.014]
                          [+0.115 -0.024 -0.022 +0.646 -0.091 +0.015 +0.021 -0.015 +0.012 -0.011]
                          [-0.186 -0.012 -0.064 -0.091 +0.577 +0.045 -0.109 +0.031 +0.015 -0.014]
                          [-0.059 +0.023 -0.061 +0.015 +0.045 +0.591 +0.202 -0.015 +0.097 -0.074]
                          [+0.016 +0.011 +0.116 +0.021 -0.109 +0.202 +0.580 +0.054 -0.089 -0.098]
                          [-0.012 -0.095 +0.009 -0.015 +0.031 -0.015 +0.054 +0.636 +0.092 +0.017]
                          [-0.032 +0.028 -0.058 +0.012 +0.015 +0.097 -0.089 +0.092 +0.748 -0.044]
                          [+0.183 -0.084 -0.014 -0.011 -0.014 -0.074 -0.098 +0.017 -0.044 +0.605]]

------------- Modified linear system Information ------------
Norm of RHS vector:      1.00e+00
Norm of matrix:          5.00e-01
Condition number:        4.00e+00

Norm of difference:      6.16e+00
Norm of residual:        2.68e+00

------------------- Parameters of the QLSA ------------------
HHL method:              2
num_qubits:              10
Is simulator:            True

-------------------- Results of the QLSA --------------------
Quantum solution:        [+2.376 -1.473 +1.728 -1.603 -1.547 +1.436 -1.158 +0.121 +0.145 -1.546]
Exact solution:          [+1.233 +0.729 +1.269 +0.313 +1.842 +0.663 +1.898 +0.450 +1.121 +0.778]

Norm of difference:      6.16e+00
Norm of residual:        2.68e+00
Is sign changed:         True
Time (s):                2.03e+02
=============================================================
