
--------------- Linear optimization problem characteristics ---------------
Seed:                    61
Number of variables:     9
Number of constraints:   9

Norm of primal sol:      3.99e+00
Norm of dual sol:        1.00e+01
Norm of dual slacks:     5.00e+00

Norm of vector b:        2.00e+00
Norm of vector c:        7.30e+00

Norm of matrix A:        1.00e+00
Condition number:        4.00e+00

----------------------- Linear optimization problem -----------------------
Coeff matrix A:          [[+0.701 -0.047 -0.173 +0.023 +0.003 -0.019 -0.021 -0.063 +0.025]
                          [-0.047 +0.548 +0.083 +0.137 -0.192 +0.092 +0.001 -0.041 -0.062]
                          [-0.173 +0.083 +0.619 +0.044 +0.106 +0.041 +0.007 -0.010 -0.009]
                          [+0.023 +0.137 +0.044 +0.645 +0.043 -0.070 -0.199 +0.083 +0.044]
                          [+0.003 -0.192 +0.106 +0.043 +0.615 -0.072 -0.148 +0.059 -0.052]
                          [-0.019 +0.092 +0.041 -0.070 -0.072 +0.742 -0.009 +0.009 +0.083]
                          [-0.021 +0.001 +0.007 -0.199 -0.148 -0.009 +0.620 -0.126 +0.003]
                          [-0.063 -0.041 -0.010 +0.083 +0.059 +0.009 -0.126 +0.619 -0.062]
                          [+0.025 -0.062 -0.009 +0.044 -0.052 +0.083 +0.003 -0.062 +0.515]]

RHS vector b:            [+0.758 -0.053 +1.073 +0.654 +1.118 -0.085 +0.482 +0.567 +0.186]
Obj vector c:            [+0.665 -0.935 +2.257 +2.632 +2.802 -1.339 +4.155 +3.248 -1.579]

---------------------------- Optimal solution -----------------------------
Primal variables:         [+1.646 +0.362 +1.751 +0.997 +1.926 +0.007 +1.843 +1.256 +0.607]
Dual slacks:              [+2.060 +0.453 +2.192 +1.248 +2.411 +0.009 +2.308 +1.573 +0.760]
Dual variables:           [-1.971 -4.450 -0.161 +4.720 -0.582 -0.310 +4.736 +2.074 -5.180]

Optimal objective:       +2.34986252e+01
===========================================================================

[F[K 
----------------- Linear system Information -----------------
Norm of RHS vector:      2.00e+00
Norm of matrix:          1.00e+00
Condition number:        4.00e+00

Minimum eigenvalue:      +2.50e-01

RHS vector transpose:    [+0.758 -0.053 +1.073 +0.654 +1.118 -0.085 +0.482 +0.567 +0.186]

Coffcient matrix:        [[+0.701 -0.047 -0.173 +0.023 +0.003 -0.019 -0.021 -0.063 +0.025]
                          [-0.047 +0.548 +0.083 +0.137 -0.192 +0.092 +0.001 -0.041 -0.062]
                          [-0.173 +0.083 +0.619 +0.044 +0.106 +0.041 +0.007 -0.010 -0.009]
                          [+0.023 +0.137 +0.044 +0.645 +0.043 -0.070 -0.199 +0.083 +0.044]
                          [+0.003 -0.192 +0.106 +0.043 +0.615 -0.072 -0.148 +0.059 -0.052]
                          [-0.019 +0.092 +0.041 -0.070 -0.072 +0.742 -0.009 +0.009 +0.083]
                          [-0.021 +0.001 +0.007 -0.199 -0.148 -0.009 +0.620 -0.126 +0.003]
                          [-0.063 -0.041 -0.010 +0.083 +0.059 +0.009 -0.126 +0.619 -0.062]
                          [+0.025 -0.062 -0.009 +0.044 -0.052 +0.083 +0.003 -0.062 +0.515]]

------------- Modified linear system Information ------------
Norm of RHS vector:      1.00e+00
Norm of matrix:          5.00e-01
Condition number:        4.00e+00

Norm of difference:      4.72e+00
Norm of residual:        2.35e+00

------------------- Parameters of the QLSA ------------------
HHL method:              2
num_qubits:              10
Is simulator:            True

-------------------- Results of the QLSA --------------------
Quantum solution:        [-0.484 -0.099 -0.055 +0.893 +0.894 -0.683 -1.385 +0.258 -0.519]
Exact solution:          [+1.646 +0.362 +1.751 +0.997 +1.926 +0.007 +1.843 +1.256 +0.607]

Norm of difference:      4.72e+00
Norm of residual:        2.35e+00
Is sign changed:         False
Time (s):                2.04e+02
=============================================================
