
--------------- Linear optimization problem characteristics ---------------
Seed:                    20
Number of variables:     5
Number of constraints:   5

Norm of primal sol:      3.00e+00
Norm of dual sol:        1.00e+01
Norm of dual slacks:     5.00e+00

Norm of vector b:        2.00e+00
Norm of vector c:        9.70e+00

Norm of matrix A:        1.00e+00
Condition number:        4.00e+00

----------------------- Linear optimization problem -----------------------
Coeff matrix A:          [[+0.766 -0.258 -0.015 +0.031 -0.071]
                          [-0.258 +0.640 +0.073 +0.205 -0.096]
                          [-0.015 +0.073 +0.560 +0.009 +0.144]
                          [+0.031 +0.205 +0.009 +0.483 -0.047]
                          [-0.071 -0.096 +0.144 -0.047 +0.677]]

RHS vector b:            [+0.424 +1.207 +1.054 +1.118 -0.025]
Obj vector c:            [+6.770 +1.227 +1.695 +4.264 -5.065]

---------------------------- Optimal solution -----------------------------
Primal variables:         [+1.092 +1.666 +1.655 +1.514 +0.067]
Dual slacks:              [+1.819 +2.776 +2.757 +2.523 +0.111]
Dual variables:           [+4.644 -2.938 +0.448 +3.825 -7.414]

Optimal objective:       +1.83586554e+01
===========================================================================

[F[K 
----------------- Linear system Information -----------------
Norm of RHS vector:      2.00e+00
Norm of matrix:          1.00e+00
Condition number:        4.00e+00

Minimum eigenvalue:      +2.50e-01

RHS vector transpose:    [+0.424 +1.207 +1.054 +1.118 -0.025]

Coffcient matrix:        [[+0.766 -0.258 -0.015 +0.031 -0.071]
                          [-0.258 +0.640 +0.073 +0.205 -0.096]
                          [-0.015 +0.073 +0.560 +0.009 +0.144]
                          [+0.031 +0.205 +0.009 +0.483 -0.047]
                          [-0.071 -0.096 +0.144 -0.047 +0.677]]

------------- Modified linear system Information ------------
Norm of RHS vector:      1.00e+00
Norm of matrix:          5.00e-01
Condition number:        4.00e+00

Norm of difference:      7.45e-01
Norm of residual:        5.73e-01

------------------- Parameters of the QLSA ------------------
HHL method:              2
num_qubits:              8
Is simulator:            True

-------------------- Results of the QLSA --------------------
Quantum solution:        [+0.534 +1.892 +1.500 +1.176 -0.169]
Exact solution:          [+1.092 +1.666 +1.655 +1.514 +0.067]

Norm of difference:      7.45e-01
Norm of residual:        5.73e-01
Is sign changed:         False
Time (s):                1.82e+01
=============================================================
