
--------------- Linear optimization problem characteristics ---------------
Seed:                    25
Number of variables:     9
Number of constraints:   9

Norm of primal sol:      3.16e+00
Norm of dual sol:        1.00e+01
Norm of dual slacks:     5.00e+00

Norm of vector b:        2.00e+00
Norm of vector c:        8.46e+00

Norm of matrix A:        1.00e+00
Condition number:        4.00e+00

----------------------- Linear optimization problem -----------------------
Coeff matrix A:          [[+0.491 -0.083 -0.087 +0.092 +0.091 -0.071 -0.181 +0.012 +0.072]
                          [-0.083 +0.620 +0.165 -0.082 -0.091 -0.030 -0.006 -0.044 +0.060]
                          [-0.087 +0.165 +0.729 +0.092 -0.041 +0.050 +0.076 -0.077 +0.020]
                          [+0.092 -0.082 +0.092 +0.557 +0.014 -0.087 -0.066 -0.050 +0.023]
                          [+0.091 -0.091 -0.041 +0.014 +0.720 -0.088 +0.193 +0.012 -0.014]
                          [-0.071 -0.030 +0.050 -0.087 -0.088 +0.755 -0.034 -0.067 -0.046]
                          [-0.181 -0.006 +0.076 -0.066 +0.193 -0.034 +0.621 +0.030 +0.061]
                          [+0.012 -0.044 -0.077 -0.050 +0.012 -0.067 +0.030 +0.510 +0.082]
                          [+0.072 +0.060 +0.020 +0.023 -0.014 -0.046 +0.061 +0.082 +0.622]]

RHS vector b:            [+0.663 +0.593 +0.534 +0.210 +0.888 -0.220 +0.812 +0.494 +1.067]
Obj vector c:            [+3.023 +0.460 -3.899 +0.167 +3.017 -3.936 +2.995 +1.207 +3.459]

---------------------------- Optimal solution -----------------------------
Primal variables:         [+1.787 +1.196 +0.573 +0.382 +0.844 +0.241 +1.407 +0.899 +1.142]
Dual slacks:              [+2.831 +1.895 +0.907 +0.605 +1.338 +0.382 +2.229 +1.424 +1.810]
Dual variables:           [-2.180 -1.602 -6.347 -0.869 +1.402 -5.545 +0.340 -2.853 +3.267]

Optimal objective:       +1.46335162e+01
===========================================================================

[F[K 
----------------- Linear system Information -----------------
Norm of RHS vector:      2.00e+00
Norm of matrix:          1.00e+00
Condition number:        4.00e+00

Minimum eigenvalue:      +2.50e-01

RHS vector transpose:    [+0.663 +0.593 +0.534 +0.210 +0.888 -0.220 +0.812 +0.494 +1.067]

Coffcient matrix:        [[+0.491 -0.083 -0.087 +0.092 +0.091 -0.071 -0.181 +0.012 +0.072]
                          [-0.083 +0.620 +0.165 -0.082 -0.091 -0.030 -0.006 -0.044 +0.060]
                          [-0.087 +0.165 +0.729 +0.092 -0.041 +0.050 +0.076 -0.077 +0.020]
                          [+0.092 -0.082 +0.092 +0.557 +0.014 -0.087 -0.066 -0.050 +0.023]
                          [+0.091 -0.091 -0.041 +0.014 +0.720 -0.088 +0.193 +0.012 -0.014]
                          [-0.071 -0.030 +0.050 -0.087 -0.088 +0.755 -0.034 -0.067 -0.046]
                          [-0.181 -0.006 +0.076 -0.066 +0.193 -0.034 +0.621 +0.030 +0.061]
                          [+0.012 -0.044 -0.077 -0.050 +0.012 -0.067 +0.030 +0.510 +0.082]
                          [+0.072 +0.060 +0.020 +0.023 -0.014 -0.046 +0.061 +0.082 +0.622]]

------------- Modified linear system Information ------------
Norm of RHS vector:      1.00e+00
Norm of matrix:          5.00e-01
Condition number:        4.00e+00

Norm of difference:      4.78e+00
Norm of residual:        2.72e+00

------------------- Parameters of the QLSA ------------------
HHL method:              2
num_qubits:              10
Is simulator:            True

-------------------- Results of the QLSA --------------------
Quantum solution:        [-0.407 -2.111 +0.579 +1.422 -1.490 +0.119 +0.736 +1.151 +1.235]
Exact solution:          [+1.787 +1.196 +0.573 +0.382 +0.844 +0.241 +1.407 +0.899 +1.142]

Norm of difference:      4.78e+00
Norm of residual:        2.72e+00
Is sign changed:         False
Time (s):                2.03e+02
=============================================================
