
--------------- Linear optimization problem characteristics ---------------
Seed:                    96
Number of variables:     10
Number of constraints:   10

Norm of primal sol:      3.38e+00
Norm of dual sol:        1.00e+01
Norm of dual slacks:     5.00e+00

Norm of vector b:        2.00e+00
Norm of vector c:        6.25e+00

Norm of matrix A:        1.00e+00
Condition number:        4.00e+00

----------------------- Linear optimization problem -----------------------
Coeff matrix A:          [[+0.574 +0.023 -0.007 -0.089 +0.111 -0.024 -0.037 -0.024 -0.187 +0.083]
                          [+0.023 +0.559 +0.017 +0.071 -0.012 -0.013 +0.160 -0.138 +0.089 +0.042]
                          [-0.007 +0.017 +0.730 -0.048 +0.034 -0.128 +0.150 -0.075 -0.025 -0.005]
                          [-0.089 +0.071 -0.048 +0.583 -0.066 +0.071 +0.044 -0.108 -0.055 +0.082]
                          [+0.111 -0.012 +0.034 -0.066 +0.602 +0.137 +0.069 -0.018 +0.037 +0.033]
                          [-0.024 -0.013 -0.128 +0.071 +0.137 +0.674 -0.077 +0.006 +0.071 +0.043]
                          [-0.037 +0.160 +0.150 +0.044 +0.069 -0.077 +0.687 +0.001 -0.031 +0.036]
                          [-0.024 -0.138 -0.075 -0.108 -0.018 +0.006 +0.001 +0.634 -0.137 -0.056]
                          [-0.187 +0.089 -0.025 -0.055 +0.037 +0.071 -0.031 -0.137 +0.588 -0.050]
                          [+0.083 +0.042 -0.005 +0.082 +0.033 +0.043 +0.036 -0.056 -0.050 +0.620]]

RHS vector b:            [+0.025 +1.030 +0.961 +0.740 +0.795 +0.283 +0.698 -0.047 +0.467 +0.220]
Obj vector c:            [-0.599 +0.605 +1.985 +0.955 -0.277 -2.184 -3.768 +0.733 +3.293 +1.737]

---------------------------- Optimal solution -----------------------------
Primal variables:         [+0.387 +1.640 +1.473 +1.629 +1.274 +0.213 +0.167 +1.013 +1.030 +0.070]
Dual slacks:              [+0.572 +2.422 +2.177 +2.407 +1.883 +0.314 +0.246 +1.497 +1.522 +0.104]
Dual variables:           [-2.088 -2.518 +0.127 -2.361 -2.362 -4.295 -5.581 -1.213 +2.971 +4.272]

Optimal objective:       +8.04976000e+00
===========================================================================

[F[K 
----------------- Linear system Information -----------------
Norm of RHS vector:      2.00e+00
Norm of matrix:          1.00e+00
Condition number:        4.00e+00

Minimum eigenvalue:      +2.50e-01

RHS vector transpose:    [+0.025 +1.030 +0.961 +0.740 +0.795 +0.283 +0.698 -0.047 +0.467 +0.220]

Coffcient matrix:        [[+0.574 +0.023 -0.007 -0.089 +0.111 -0.024 -0.037 -0.024 -0.187 +0.083]
                          [+0.023 +0.559 +0.017 +0.071 -0.012 -0.013 +0.160 -0.138 +0.089 +0.042]
                          [-0.007 +0.017 +0.730 -0.048 +0.034 -0.128 +0.150 -0.075 -0.025 -0.005]
                          [-0.089 +0.071 -0.048 +0.583 -0.066 +0.071 +0.044 -0.108 -0.055 +0.082]
                          [+0.111 -0.012 +0.034 -0.066 +0.602 +0.137 +0.069 -0.018 +0.037 +0.033]
                          [-0.024 -0.013 -0.128 +0.071 +0.137 +0.674 -0.077 +0.006 +0.071 +0.043]
                          [-0.037 +0.160 +0.150 +0.044 +0.069 -0.077 +0.687 +0.001 -0.031 +0.036]
                          [-0.024 -0.138 -0.075 -0.108 -0.018 +0.006 +0.001 +0.634 -0.137 -0.056]
                          [-0.187 +0.089 -0.025 -0.055 +0.037 +0.071 -0.031 -0.137 +0.588 -0.050]
                          [+0.083 +0.042 -0.005 +0.082 +0.033 +0.043 +0.036 -0.056 -0.050 +0.620]]

------------- Modified linear system Information ------------
Norm of RHS vector:      1.00e+00
Norm of matrix:          5.00e-01
Condition number:        4.00e+00

Norm of difference:      4.36e+00
Norm of residual:        2.18e+00

------------------- Parameters of the QLSA ------------------
HHL method:              2
num_qubits:              10
Is simulator:            True

-------------------- Results of the QLSA --------------------
Quantum solution:        [-0.594 +3.139 +1.247 +1.528 +2.115 -1.497 -2.788 +2.531 +0.035 -0.219]
Exact solution:          [+0.387 +1.640 +1.473 +1.629 +1.274 +0.213 +0.167 +1.013 +1.030 +0.070]

Norm of difference:      4.36e+00
Norm of residual:        2.18e+00
Is sign changed:         True
Time (s):                2.00e+02
=============================================================
