
--------------- Linear optimization problem characteristics ---------------
Seed:                    24
Number of variables:     7
Number of constraints:   7

Norm of primal sol:      2.66e+00
Norm of dual sol:        1.00e+01
Norm of dual slacks:     5.00e+00

Norm of vector b:        2.00e+00
Norm of vector c:        8.80e+00

Norm of matrix A:        1.00e+00
Condition number:        4.00e+00

----------------------- Linear optimization problem -----------------------
Coeff matrix A:          [[+0.544 +0.051 +0.136 +0.002 +0.068 +0.022 -0.023]
                          [+0.051 +0.875 -0.018 +0.024 +0.140 -0.060 -0.027]
                          [+0.136 -0.018 +0.572 -0.150 +0.202 -0.132 +0.063]
                          [+0.002 +0.024 -0.150 +0.461 -0.057 +0.051 -0.103]
                          [+0.068 +0.140 +0.202 -0.057 +0.647 +0.115 -0.002]
                          [+0.022 -0.060 -0.132 +0.051 +0.115 +0.609 -0.047]
                          [-0.023 -0.027 +0.063 -0.103 -0.002 -0.047 +0.667]]

RHS vector b:            [+0.933 +0.823 +0.910 -0.152 +0.875 +0.397 +0.823]
Obj vector c:            [+0.104 -3.921 +1.133 -0.936 -1.232 +3.602 +6.742]

---------------------------- Optimal solution -----------------------------
Primal variables:         [+1.257 +0.916 +1.309 +0.288 +0.473 +0.969 +1.304]
Dual slacks:              [+2.362 +1.721 +2.460 +0.541 +0.888 +1.820 +2.452]
Dual variables:           [-2.790 -5.521 -1.762 -2.726 -2.029 +3.185 +6.078]

Optimal objective:       +9.45610987e+00
===========================================================================

[F[K 
----------------- Linear system Information -----------------
Norm of RHS vector:      2.00e+00
Norm of matrix:          1.00e+00
Condition number:        4.00e+00

Minimum eigenvalue:      +2.50e-01

RHS vector transpose:    [+0.933 +0.823 +0.910 -0.152 +0.875 +0.397 +0.823]

Coffcient matrix:        [[+0.544 +0.051 +0.136 +0.002 +0.068 +0.022 -0.023]
                          [+0.051 +0.875 -0.018 +0.024 +0.140 -0.060 -0.027]
                          [+0.136 -0.018 +0.572 -0.150 +0.202 -0.132 +0.063]
                          [+0.002 +0.024 -0.150 +0.461 -0.057 +0.051 -0.103]
                          [+0.068 +0.140 +0.202 -0.057 +0.647 +0.115 -0.002]
                          [+0.022 -0.060 -0.132 +0.051 +0.115 +0.609 -0.047]
                          [-0.023 -0.027 +0.063 -0.103 -0.002 -0.047 +0.667]]

------------- Modified linear system Information ------------
Norm of RHS vector:      1.00e+00
Norm of matrix:          5.00e-01
Condition number:        4.00e+00

Norm of difference:      3.26e+00
Norm of residual:        2.19e+00

------------------- Parameters of the QLSA ------------------
HHL method:              2
num_qubits:              8
Is simulator:            True

-------------------- Results of the QLSA --------------------
Quantum solution:        [+0.112 -0.021 -0.214 +0.135 +1.850 +1.761 -0.578]
Exact solution:          [+1.257 +0.916 +1.309 +0.288 +0.473 +0.969 +1.304]

Norm of difference:      3.26e+00
Norm of residual:        2.19e+00
Is sign changed:         False
Time (s):                1.85e+01
=============================================================
