
--------------- Linear optimization problem characteristics ---------------
Seed:                    1
Number of variables:     9
Number of constraints:   9

Norm of primal sol:      3.34e+00
Norm of dual sol:        1.00e+01
Norm of dual slacks:     5.00e+00

Norm of vector b:        2.00e+00
Norm of vector c:        8.02e+00

Norm of matrix A:        1.00e+00
Condition number:        4.00e+00

----------------------- Linear optimization problem -----------------------
Coeff matrix A:          [[+0.631 -0.158 -0.001 +0.076 +0.022 +0.019 +0.038 -0.037 +0.031]
                          [-0.158 +0.566 +0.026 -0.043 +0.064 +0.029 +0.003 +0.198 +0.021]
                          [-0.001 +0.026 +0.651 -0.039 -0.086 +0.039 +0.072 +0.026 -0.178]
                          [+0.076 -0.043 -0.039 +0.671 -0.003 +0.214 -0.110 -0.033 -0.060]
                          [+0.022 +0.064 -0.086 -0.003 +0.644 -0.007 -0.106 -0.141 -0.024]
                          [+0.019 +0.029 +0.039 +0.214 -0.007 +0.598 +0.036 -0.048 -0.059]
                          [+0.038 +0.003 +0.072 -0.110 -0.106 +0.036 +0.489 -0.080 -0.016]
                          [-0.037 +0.198 +0.026 -0.033 -0.141 -0.048 -0.080 +0.748 -0.070]
                          [+0.031 +0.021 -0.178 -0.060 -0.024 -0.059 -0.016 -0.070 +0.627]]

RHS vector b:            [+0.578 +1.318 -0.159 +0.528 +0.221 +0.360 +0.093 +0.972 +0.702]
Obj vector c:            [+2.314 +2.862 +1.077 -2.962 +3.697 -4.158 +1.955 +0.087 +2.458]

---------------------------- Optimal solution -----------------------------
Primal variables:         [+1.314 +2.270 +0.000 +0.953 +0.463 +0.291 +0.587 +1.089 +1.250]
Dual slacks:              [+1.965 +3.394 +0.001 +1.425 +0.692 +0.435 +0.878 +1.628 +1.870]
Dual variables:           [+0.531 -1.104 +2.531 -4.039 +5.168 -6.459 +2.330 -1.130 +0.802]

Optimal objective:       +1.15320439e+01
===========================================================================

[F[K 
----------------- Linear system Information -----------------
Norm of RHS vector:      2.00e+00
Norm of matrix:          1.00e+00
Condition number:        4.00e+00

Minimum eigenvalue:      +2.50e-01

RHS vector transpose:    [+0.578 +1.318 -0.159 +0.528 +0.221 +0.360 +0.093 +0.972 +0.702]

Coffcient matrix:        [[+0.631 -0.158 -0.001 +0.076 +0.022 +0.019 +0.038 -0.037 +0.031]
                          [-0.158 +0.566 +0.026 -0.043 +0.064 +0.029 +0.003 +0.198 +0.021]
                          [-0.001 +0.026 +0.651 -0.039 -0.086 +0.039 +0.072 +0.026 -0.178]
                          [+0.076 -0.043 -0.039 +0.671 -0.003 +0.214 -0.110 -0.033 -0.060]
                          [+0.022 +0.064 -0.086 -0.003 +0.644 -0.007 -0.106 -0.141 -0.024]
                          [+0.019 +0.029 +0.039 +0.214 -0.007 +0.598 +0.036 -0.048 -0.059]
                          [+0.038 +0.003 +0.072 -0.110 -0.106 +0.036 +0.489 -0.080 -0.016]
                          [-0.037 +0.198 +0.026 -0.033 -0.141 -0.048 -0.080 +0.748 -0.070]
                          [+0.031 +0.021 -0.178 -0.060 -0.024 -0.059 -0.016 -0.070 +0.627]]

------------- Modified linear system Information ------------
Norm of RHS vector:      1.00e+00
Norm of matrix:          5.00e-01
Condition number:        4.00e+00

Norm of difference:      2.76e+00
Norm of residual:        1.48e+00

------------------- Parameters of the QLSA ------------------
HHL method:              2
num_qubits:              10
Is simulator:            True

-------------------- Results of the QLSA --------------------
Quantum solution:        [-0.089 +0.895 -0.986 +1.103 -0.497 +0.320 -0.561 +1.477 +0.647]
Exact solution:          [+1.314 +2.270 +0.000 +0.953 +0.463 +0.291 +0.587 +1.089 +1.250]

Norm of difference:      2.76e+00
Norm of residual:        1.48e+00
Is sign changed:         False
Time (s):                2.58e+02
=============================================================
