
--------------- Linear optimization problem characteristics ---------------
Seed:                    98
Number of variables:     8
Number of constraints:   8

Norm of primal sol:      2.41e+00
Norm of dual sol:        1.00e+01
Norm of dual slacks:     5.00e+00

Norm of vector b:        2.00e+00
Norm of vector c:        8.81e+00

Norm of matrix A:        1.00e+00
Condition number:        4.00e+00

----------------------- Linear optimization problem -----------------------
Coeff matrix A:          [[+0.703 +0.137 -0.105 +0.111 +0.072 -0.051 +0.054 -0.028]
                          [+0.137 +0.549 -0.095 -0.149 +0.007 -0.108 +0.032 +0.051]
                          [-0.105 -0.095 +0.671 -0.115 -0.027 +0.015 -0.027 -0.002]
                          [+0.111 -0.149 -0.115 +0.652 +0.069 +0.199 +0.032 +0.147]
                          [+0.072 +0.007 -0.027 +0.069 +0.663 +0.013 +0.159 +0.027]
                          [-0.051 -0.108 +0.015 +0.199 +0.013 +0.490 +0.070 -0.035]
                          [+0.054 +0.032 -0.027 +0.032 +0.159 +0.070 +0.571 -0.072]
                          [-0.028 +0.051 -0.002 +0.147 +0.027 -0.035 -0.072 +0.701]]

RHS vector b:            [+1.136 +0.480 -0.068 +0.991 +0.837 +0.232 +0.587 +0.629]
Obj vector c:            [+1.169 +0.125 +0.499 +3.469 +5.416 -0.218 +3.455 +4.765]

---------------------------- Optimal solution -----------------------------
Primal variables:         [+1.209 +0.937 +0.498 +1.289 +0.822 +0.196 +0.642 +0.652]
Dual slacks:              [+2.511 +1.945 +1.033 +2.676 +1.707 +0.408 +1.332 +1.353]
Dual variables:           [-1.803 -4.632 -1.496 -1.011 +4.808 -2.308 +3.758 +5.429]

Optimal objective:       +1.59840859e+01
===========================================================================


----------------- Linear system Information -----------------
Norm of RHS vector:      2.00e+00
Norm of matrix:          1.00e+00
Condition number:        4.00e+00

Minimum eigenvalue:      +2.50e-01

RHS vector transpose:    [+1.136 +0.480 -0.068 +0.991 +0.837 +0.232 +0.587 +0.629]

Coffcient matrix:        [[+0.703 +0.137 -0.105 +0.111 +0.072 -0.051 +0.054 -0.028]
                          [+0.137 +0.549 -0.095 -0.149 +0.007 -0.108 +0.032 +0.051]
                          [-0.105 -0.095 +0.671 -0.115 -0.027 +0.015 -0.027 -0.002]
                          [+0.111 -0.149 -0.115 +0.652 +0.069 +0.199 +0.032 +0.147]
                          [+0.072 +0.007 -0.027 +0.069 +0.663 +0.013 +0.159 +0.027]
                          [-0.051 -0.108 +0.015 +0.199 +0.013 +0.490 +0.070 -0.035]
                          [+0.054 +0.032 -0.027 +0.032 +0.159 +0.070 +0.571 -0.072]
                          [-0.028 +0.051 -0.002 +0.147 +0.027 -0.035 -0.072 +0.701]]

------------- Modified linear system Information ------------
Norm of RHS vector:      1.00e+00
Norm of matrix:          5.00e-01
Condition number:        4.00e+00

Norm of difference:      2.59e+00
Norm of residual:        1.07e+00

------------------- Parameters of the QLSA ------------------
HHL method:              2
num_qubits:              8
Is simulator:            True

-------------------- Results of the QLSA --------------------
Quantum solution:        [+1.578 -1.087 -0.429 +0.505 +1.478 -0.192 +0.002 +0.588]
Exact solution:          [+1.209 +0.937 +0.498 +1.289 +0.822 +0.196 +0.642 +0.652]

Norm of difference:      2.59e+00
Norm of residual:        1.07e+00
Is sign changed:         True
Time (s):                1.80e+01
=============================================================
