
--------------- Linear optimization problem characteristics ---------------
Seed:                    65
Number of variables:     7
Number of constraints:   7

Norm of primal sol:      3.80e+00
Norm of dual sol:        1.00e+01
Norm of dual slacks:     5.00e+00

Norm of vector b:        2.00e+00
Norm of vector c:        8.59e+00

Norm of matrix A:        1.00e+00
Condition number:        4.00e+00

----------------------- Linear optimization problem -----------------------
Coeff matrix A:          [[+0.515 -0.089 +0.026 +0.005 -0.152 -0.020 -0.053]
                          [-0.089 +0.618 -0.063 -0.042 +0.061 +0.141 -0.004]
                          [+0.026 -0.063 +0.628 -0.150 +0.090 -0.006 -0.120]
                          [+0.005 -0.042 -0.150 +0.612 -0.087 +0.036 -0.181]
                          [-0.152 +0.061 +0.090 -0.087 +0.601 -0.129 +0.146]
                          [-0.020 +0.141 -0.006 +0.036 -0.129 +0.828 -0.039]
                          [-0.053 -0.004 -0.120 -0.181 +0.146 -0.039 +0.573]]

RHS vector b:            [+0.137 +0.055 +0.435 -0.368 +1.052 +0.316 +1.564]
Obj vector c:            [+3.492 -0.467 -0.441 -1.533 +2.048 -4.403 +5.943]

---------------------------- Optimal solution -----------------------------
Primal variables:         [+0.947 +0.136 +1.243 +0.747 +1.313 +0.705 +3.027]
Dual slacks:              [+1.247 +0.179 +1.637 +0.985 +1.730 +0.929 +3.988]
Dual variables:           [+4.562 +0.245 -4.439 -4.536 +0.096 -6.146 +1.033]

Optimal objective:       +1.91235822e+01
===========================================================================

[F[K 
----------------- Linear system Information -----------------
Norm of RHS vector:      2.00e+00
Norm of matrix:          1.00e+00
Condition number:        4.00e+00

Minimum eigenvalue:      +2.50e-01

RHS vector transpose:    [+0.137 +0.055 +0.435 -0.368 +1.052 +0.316 +1.564]

Coffcient matrix:        [[+0.515 -0.089 +0.026 +0.005 -0.152 -0.020 -0.053]
                          [-0.089 +0.618 -0.063 -0.042 +0.061 +0.141 -0.004]
                          [+0.026 -0.063 +0.628 -0.150 +0.090 -0.006 -0.120]
                          [+0.005 -0.042 -0.150 +0.612 -0.087 +0.036 -0.181]
                          [-0.152 +0.061 +0.090 -0.087 +0.601 -0.129 +0.146]
                          [-0.020 +0.141 -0.006 +0.036 -0.129 +0.828 -0.039]
                          [-0.053 -0.004 -0.120 -0.181 +0.146 -0.039 +0.573]]

------------- Modified linear system Information ------------
Norm of RHS vector:      1.00e+00
Norm of matrix:          5.00e-01
Condition number:        4.00e+00

Norm of difference:      4.90e+00
Norm of residual:        2.64e+00

------------------- Parameters of the QLSA ------------------
HHL method:              2
num_qubits:              8
Is simulator:            True

-------------------- Results of the QLSA --------------------
Quantum solution:        [-1.425 -2.776 -0.015 +1.001 +0.696 +1.914 +0.504]
Exact solution:          [+0.947 +0.136 +1.243 +0.747 +1.313 +0.705 +3.027]

Norm of difference:      4.90e+00
Norm of residual:        2.64e+00
Is sign changed:         False
Time (s):                1.82e+01
=============================================================
