
--------------- Linear optimization problem characteristics ---------------
Seed:                    90
Number of variables:     10
Number of constraints:   10

Norm of primal sol:      3.25e+00
Norm of dual sol:        1.00e+01
Norm of dual slacks:     5.00e+00

Norm of vector b:        2.00e+00
Norm of vector c:        7.27e+00

Norm of matrix A:        1.00e+00
Condition number:        4.00e+00

----------------------- Linear optimization problem -----------------------
Coeff matrix A:          [[+0.664 +0.106 +0.096 -0.082 +0.063 +0.008 -0.036 +0.075 +0.040 -0.109]
                          [+0.106 +0.503 -0.009 +0.124 +0.116 +0.007 +0.003 +0.123 -0.051 +0.008]
                          [+0.096 -0.009 +0.574 -0.045 -0.059 +0.031 -0.026 -0.064 -0.018 +0.048]
                          [-0.082 +0.124 -0.045 +0.793 +0.031 +0.056 -0.169 +0.047 +0.112 -0.052]
                          [+0.063 +0.116 -0.059 +0.031 +0.571 +0.052 +0.097 -0.091 +0.033 -0.114]
                          [+0.008 +0.007 +0.031 +0.056 +0.052 +0.717 +0.026 -0.077 -0.088 +0.006]
                          [-0.036 +0.003 -0.026 -0.169 +0.097 +0.026 +0.631 +0.080 -0.039 -0.049]
                          [+0.075 +0.123 -0.064 +0.047 -0.091 -0.077 +0.080 +0.703 +0.087 -0.104]
                          [+0.040 -0.051 -0.018 +0.112 +0.033 -0.088 -0.039 +0.087 +0.596 -0.077]
                          [-0.109 +0.008 +0.048 -0.052 -0.114 +0.006 -0.049 -0.104 -0.077 +0.499]]

RHS vector b:            [+0.246 +0.560 +0.970 +1.271 +0.053 +0.429 +0.118 +0.774 +0.394 +0.341]
Obj vector c:            [+0.787 +0.429 +2.265 -1.019 -1.746 +0.759 +4.122 +2.820 +1.323 +3.941]

---------------------------- Optimal solution -----------------------------
Primal variables:         [+0.290 +0.299 +1.868 +1.715 +0.353 +0.507 +0.633 +1.222 +0.477 +1.204]
Dual slacks:              [+0.446 +0.460 +2.875 +2.639 +0.543 +0.781 +0.974 +1.880 +0.733 +1.853]
Dual variables:           [+1.260 +1.876 -2.088 -3.818 -4.825 +0.829 +5.141 +0.054 +2.961 +4.098]

Optimal objective:       +1.40420655e+01
===========================================================================

[F[K 
----------------- Linear system Information -----------------
Norm of RHS vector:      2.00e+00
Norm of matrix:          1.00e+00
Condition number:        4.00e+00

Minimum eigenvalue:      +2.50e-01

RHS vector transpose:    [+0.246 +0.560 +0.970 +1.271 +0.053 +0.429 +0.118 +0.774 +0.394 +0.341]

Coffcient matrix:        [[+0.664 +0.106 +0.096 -0.082 +0.063 +0.008 -0.036 +0.075 +0.040 -0.109]
                          [+0.106 +0.503 -0.009 +0.124 +0.116 +0.007 +0.003 +0.123 -0.051 +0.008]
                          [+0.096 -0.009 +0.574 -0.045 -0.059 +0.031 -0.026 -0.064 -0.018 +0.048]
                          [-0.082 +0.124 -0.045 +0.793 +0.031 +0.056 -0.169 +0.047 +0.112 -0.052]
                          [+0.063 +0.116 -0.059 +0.031 +0.571 +0.052 +0.097 -0.091 +0.033 -0.114]
                          [+0.008 +0.007 +0.031 +0.056 +0.052 +0.717 +0.026 -0.077 -0.088 +0.006]
                          [-0.036 +0.003 -0.026 -0.169 +0.097 +0.026 +0.631 +0.080 -0.039 -0.049]
                          [+0.075 +0.123 -0.064 +0.047 -0.091 -0.077 +0.080 +0.703 +0.087 -0.104]
                          [+0.040 -0.051 -0.018 +0.112 +0.033 -0.088 -0.039 +0.087 +0.596 -0.077]
                          [-0.109 +0.008 +0.048 -0.052 -0.114 +0.006 -0.049 -0.104 -0.077 +0.499]]

------------- Modified linear system Information ------------
Norm of RHS vector:      1.00e+00
Norm of matrix:          5.00e-01
Condition number:        4.00e+00

Norm of difference:      4.16e+00
Norm of residual:        2.55e+00

------------------- Parameters of the QLSA ------------------
HHL method:              2
num_qubits:              10
Is simulator:            True

-------------------- Results of the QLSA --------------------
Quantum solution:        [-0.132 +0.398 -1.206 +0.304 -0.599 -0.684 -0.051 +1.530 +0.456 -0.466]
Exact solution:          [+0.290 +0.299 +1.868 +1.715 +0.353 +0.507 +0.633 +1.222 +0.477 +1.204]

Norm of difference:      4.16e+00
Norm of residual:        2.55e+00
Is sign changed:         False
Time (s):                1.99e+02
=============================================================
