
--------------- Linear optimization problem characteristics ---------------
Seed:                    47
Number of variables:     10
Number of constraints:   10

Norm of primal sol:      2.88e+00
Norm of dual sol:        1.00e+01
Norm of dual slacks:     5.00e+00

Norm of vector b:        2.00e+00
Norm of vector c:        5.59e+00

Norm of matrix A:        1.00e+00
Condition number:        4.00e+00

----------------------- Linear optimization problem -----------------------
Coeff matrix A:          [[+0.620 -0.007 -0.043 -0.113 -0.004 +0.166 -0.005 +0.134 -0.018 -0.048]
                          [-0.007 +0.614 -0.083 +0.059 +0.001 +0.143 +0.043 +0.002 -0.094 +0.064]
                          [-0.043 -0.083 +0.707 +0.106 -0.058 -0.036 +0.161 +0.053 -0.097 -0.096]
                          [-0.113 +0.059 +0.106 +0.596 -0.070 +0.070 -0.063 -0.047 +0.016 -0.026]
                          [-0.004 +0.001 -0.058 -0.070 +0.716 +0.011 -0.073 -0.026 +0.089 +0.099]
                          [+0.166 +0.143 -0.036 +0.070 +0.011 +0.563 -0.023 +0.052 +0.074 +0.088]
                          [-0.005 +0.043 +0.161 -0.063 -0.073 -0.023 +0.598 +0.008 -0.037 +0.115]
                          [+0.134 +0.002 +0.053 -0.047 -0.026 +0.052 +0.008 +0.664 -0.014 -0.163]
                          [-0.018 -0.094 -0.097 +0.016 +0.089 +0.074 -0.037 -0.014 +0.530 -0.015]
                          [-0.048 +0.064 -0.096 -0.026 +0.099 +0.088 +0.115 -0.163 -0.015 +0.642]]

RHS vector b:            [+0.219 +0.948 +0.626 +0.412 +0.697 +1.013 +0.667 +0.426 +0.444 +0.396]
Obj vector c:            [-0.400 -0.670 -0.675 -1.008 +2.902 -0.223 -1.296 +3.732 +1.496 -1.704]

---------------------------- Optimal solution -----------------------------
Primal variables:         [+0.165 +1.420 +1.062 +0.512 +1.031 +1.165 +0.940 +0.604 +1.029 +0.359]
Dual slacks:              [+0.287 +2.466 +1.844 +0.889 +1.790 +2.023 +1.633 +1.049 +1.786 +0.624]
Dual variables:           [-2.551 -4.976 -4.195 -2.086 +1.472 -1.859 -3.288 +4.361 -2.395 -2.367]

Optimal objective:       +2.44447130e+00
===========================================================================

[F[K 
----------------- Linear system Information -----------------
Norm of RHS vector:      2.00e+00
Norm of matrix:          1.00e+00
Condition number:        4.00e+00

Minimum eigenvalue:      +2.50e-01

RHS vector transpose:    [+0.219 +0.948 +0.626 +0.412 +0.697 +1.013 +0.667 +0.426 +0.444 +0.396]

Coffcient matrix:        [[+0.620 -0.007 -0.043 -0.113 -0.004 +0.166 -0.005 +0.134 -0.018 -0.048]
                          [-0.007 +0.614 -0.083 +0.059 +0.001 +0.143 +0.043 +0.002 -0.094 +0.064]
                          [-0.043 -0.083 +0.707 +0.106 -0.058 -0.036 +0.161 +0.053 -0.097 -0.096]
                          [-0.113 +0.059 +0.106 +0.596 -0.070 +0.070 -0.063 -0.047 +0.016 -0.026]
                          [-0.004 +0.001 -0.058 -0.070 +0.716 +0.011 -0.073 -0.026 +0.089 +0.099]
                          [+0.166 +0.143 -0.036 +0.070 +0.011 +0.563 -0.023 +0.052 +0.074 +0.088]
                          [-0.005 +0.043 +0.161 -0.063 -0.073 -0.023 +0.598 +0.008 -0.037 +0.115]
                          [+0.134 +0.002 +0.053 -0.047 -0.026 +0.052 +0.008 +0.664 -0.014 -0.163]
                          [-0.018 -0.094 -0.097 +0.016 +0.089 +0.074 -0.037 -0.014 +0.530 -0.015]
                          [-0.048 +0.064 -0.096 -0.026 +0.099 +0.088 +0.115 -0.163 -0.015 +0.642]]

------------- Modified linear system Information ------------
Norm of RHS vector:      1.00e+00
Norm of matrix:          5.00e-01
Condition number:        4.00e+00

Norm of difference:      1.86e+00
Norm of residual:        1.53e+00

------------------- Parameters of the QLSA ------------------
HHL method:              2
num_qubits:              10
Is simulator:            True

-------------------- Results of the QLSA --------------------
Quantum solution:        [-0.495 +0.746 +1.288 +0.882 +0.251 +0.596 +1.054 +1.628 +0.569 -0.051]
Exact solution:          [+0.165 +1.420 +1.062 +0.512 +1.031 +1.165 +0.940 +0.604 +1.029 +0.359]

Norm of difference:      1.86e+00
Norm of residual:        1.53e+00
Is sign changed:         False
Time (s):                2.05e+02
=============================================================
