
--------------- Linear optimization problem characteristics ---------------
Seed:                    4
Number of variables:     6
Number of constraints:   6

Norm of primal sol:      2.74e+00
Norm of dual sol:        1.00e+01
Norm of dual slacks:     5.00e+00

Norm of vector b:        2.00e+00
Norm of vector c:        8.65e+00

Norm of matrix A:        1.00e+00
Condition number:        4.00e+00

----------------------- Linear optimization problem -----------------------
Coeff matrix A:          [[+0.527 -0.105 +0.133 -0.082 +0.136 +0.048]
                          [-0.105 +0.792 +0.079 +0.079 +0.098 +0.086]
                          [+0.133 +0.079 +0.699 -0.157 -0.034 -0.166]
                          [-0.082 +0.079 -0.157 +0.591 +0.141 +0.101]
                          [+0.136 +0.098 -0.034 +0.141 +0.537 +0.036]
                          [+0.048 +0.086 -0.166 +0.101 +0.036 +0.604]]

RHS vector b:            [+0.959 +0.843 +1.038 +0.539 +0.969 +0.245]
Obj vector c:            [+6.252 -4.005 +1.548 +1.165 +3.781 -1.275]

---------------------------- Optimal solution -----------------------------
Primal variables:         [+1.475 +0.834 +1.483 +1.090 +1.064 +0.329]
Dual slacks:              [+2.692 +1.524 +2.708 +1.990 +1.943 +0.602]
Dual variables:           [+5.671 -5.879 -2.941 -0.776 +3.327 -3.600]

Optimal objective:       +1.30445686e+01
===========================================================================

[F[K 
----------------- Linear system Information -----------------
Norm of RHS vector:      2.00e+00
Norm of matrix:          1.00e+00
Condition number:        4.00e+00

Minimum eigenvalue:      +2.50e-01

RHS vector transpose:    [+0.959 +0.843 +1.038 +0.539 +0.969 +0.245]

Coffcient matrix:        [[+0.527 -0.105 +0.133 -0.082 +0.136 +0.048]
                          [-0.105 +0.792 +0.079 +0.079 +0.098 +0.086]
                          [+0.133 +0.079 +0.699 -0.157 -0.034 -0.166]
                          [-0.082 +0.079 -0.157 +0.591 +0.141 +0.101]
                          [+0.136 +0.098 -0.034 +0.141 +0.537 +0.036]
                          [+0.048 +0.086 -0.166 +0.101 +0.036 +0.604]]

------------- Modified linear system Information ------------
Norm of RHS vector:      1.00e+00
Norm of matrix:          5.00e-01
Condition number:        4.00e+00

Norm of difference:      1.90e-01
Norm of residual:        7.34e-02

------------------- Parameters of the QLSA ------------------
HHL method:              2
num_qubits:              8
Is simulator:            True

-------------------- Results of the QLSA --------------------
Quantum solution:        [+1.421 +0.872 +1.436 +0.951 +1.165 +0.330]
Exact solution:          [+1.475 +0.834 +1.483 +1.090 +1.064 +0.329]

Norm of difference:      1.90e-01
Norm of residual:        7.34e-02
Is sign changed:         True
Time (s):                1.80e+01
=============================================================
