
--------------- Linear optimization problem characteristics ---------------
Seed:                    46
Number of variables:     8
Number of constraints:   8

Norm of primal sol:      2.64e+00
Norm of dual sol:        1.00e+01
Norm of dual slacks:     5.00e+00

Norm of vector b:        2.00e+00
Norm of vector c:        9.43e+00

Norm of matrix A:        1.00e+00
Condition number:        4.00e+00

----------------------- Linear optimization problem -----------------------
Coeff matrix A:          [[+0.606 -0.040 -0.005 +0.102 +0.045 +0.115 +0.107 +0.084]
                          [-0.040 +0.512 -0.109 -0.032 +0.018 +0.032 +0.004 +0.042]
                          [-0.005 -0.109 +0.602 -0.047 +0.136 -0.082 +0.039 +0.015]
                          [+0.102 -0.032 -0.047 +0.663 -0.118 +0.058 +0.027 +0.005]
                          [+0.045 +0.018 +0.136 -0.118 +0.744 +0.212 -0.047 +0.022]
                          [+0.115 +0.032 -0.082 +0.058 +0.212 +0.615 +0.113 -0.224]
                          [+0.107 +0.004 +0.039 +0.027 -0.047 +0.113 +0.564 -0.053]
                          [+0.084 +0.042 +0.015 +0.005 +0.022 -0.224 -0.053 +0.693]]

RHS vector b:            [+1.081 +0.465 +0.024 +0.897 +0.676 +1.072 +0.326 +0.315]
Obj vector c:            [+5.744 +1.539 +0.847 -0.386 +1.510 +5.919 +3.824 -0.894]

---------------------------- Optimal solution -----------------------------
Primal variables:         [+1.229 +0.996 +0.391 +1.189 +0.491 +1.470 +0.067 +0.691]
Dual slacks:              [+2.331 +1.888 +0.741 +2.254 +0.931 +2.787 +0.127 +1.311]
Dual variables:           [+5.436 -0.593 +0.105 -5.468 -0.970 +3.237 +4.835 -2.323]

Optimal objective:       +1.75433553e+01
===========================================================================


----------------- Linear system Information -----------------
Norm of RHS vector:      2.00e+00
Norm of matrix:          1.00e+00
Condition number:        4.00e+00

Minimum eigenvalue:      +2.50e-01

RHS vector transpose:    [+1.081 +0.465 +0.024 +0.897 +0.676 +1.072 +0.326 +0.315]

Coffcient matrix:        [[+0.606 -0.040 -0.005 +0.102 +0.045 +0.115 +0.107 +0.084]
                          [-0.040 +0.512 -0.109 -0.032 +0.018 +0.032 +0.004 +0.042]
                          [-0.005 -0.109 +0.602 -0.047 +0.136 -0.082 +0.039 +0.015]
                          [+0.102 -0.032 -0.047 +0.663 -0.118 +0.058 +0.027 +0.005]
                          [+0.045 +0.018 +0.136 -0.118 +0.744 +0.212 -0.047 +0.022]
                          [+0.115 +0.032 -0.082 +0.058 +0.212 +0.615 +0.113 -0.224]
                          [+0.107 +0.004 +0.039 +0.027 -0.047 +0.113 +0.564 -0.053]
                          [+0.084 +0.042 +0.015 +0.005 +0.022 -0.224 -0.053 +0.693]]

------------- Modified linear system Information ------------
Norm of RHS vector:      1.00e+00
Norm of matrix:          5.00e-01
Condition number:        4.00e+00

Norm of difference:      4.03e+00
Norm of residual:        2.77e+00

------------------- Parameters of the QLSA ------------------
HHL method:              2
num_qubits:              8
Is simulator:            True

-------------------- Results of the QLSA --------------------
Quantum solution:        [-2.201 +1.142 +0.382 +1.859 +0.956 +0.544 -0.902 -0.709]
Exact solution:          [+1.229 +0.996 +0.391 +1.189 +0.491 +1.470 +0.067 +0.691]

Norm of difference:      4.03e+00
Norm of residual:        2.77e+00
Is sign changed:         False
Time (s):                1.81e+01
=============================================================
