
--------------- Linear optimization problem characteristics ---------------
Seed:                    73
Number of variables:     10
Number of constraints:   10

Norm of primal sol:      2.67e+00
Norm of dual sol:        1.00e+01
Norm of dual slacks:     5.00e+00

Norm of vector b:        2.00e+00
Norm of vector c:        1.02e+01

Norm of matrix A:        1.00e+00
Condition number:        4.00e+00

----------------------- Linear optimization problem -----------------------
Coeff matrix A:          [[+0.645 -0.095 -0.079 -0.008 -0.061 -0.042 -0.042 +0.030 -0.019 +0.084]
                          [-0.095 +0.645 -0.006 -0.069 -0.009 +0.059 -0.028 +0.110 +0.066 -0.011]
                          [-0.079 -0.006 +0.627 -0.008 +0.012 -0.094 +0.196 -0.022 +0.187 +0.035]
                          [-0.008 -0.069 -0.008 +0.634 +0.047 +0.011 -0.005 +0.052 -0.017 -0.190]
                          [-0.061 -0.009 +0.012 +0.047 +0.654 -0.004 -0.046 -0.035 -0.007 -0.027]
                          [-0.042 +0.059 -0.094 +0.011 -0.004 +0.505 -0.003 -0.124 +0.049 +0.006]
                          [-0.042 -0.028 +0.196 -0.005 -0.046 -0.003 +0.662 -0.114 -0.045 +0.025]
                          [+0.030 +0.110 -0.022 +0.052 -0.035 -0.124 -0.114 +0.633 +0.169 +0.012]
                          [-0.019 +0.066 +0.187 -0.017 -0.007 +0.049 -0.045 +0.169 +0.658 +0.167]
                          [+0.084 -0.011 +0.035 -0.190 -0.027 +0.006 +0.025 +0.012 +0.167 +0.587]]

RHS vector b:            [+0.483 +0.574 +0.712 +0.523 +0.435 +0.061 +0.166 +0.851 +1.238 +0.425]
Obj vector c:            [+1.353 +3.041 -0.140 +5.296 -0.570 +1.253 -2.048 +5.597 +4.911 -1.673]

---------------------------- Optimal solution -----------------------------
Primal variables:         [+1.044 +0.875 +0.831 +0.991 +0.801 +0.348 +0.396 +0.929 +1.255 +0.505]
Dual slacks:              [+1.953 +1.637 +1.556 +1.855 +1.498 +0.652 +0.741 +1.739 +2.348 +0.944]
Dual variables:           [-1.009 +1.018 -2.719 +4.267 -3.584 +0.933 -2.503 +3.958 +4.408 -4.155]

Optimal objective:       +1.88937936e+01
===========================================================================

[F[K 
----------------- Linear system Information -----------------
Norm of RHS vector:      2.00e+00
Norm of matrix:          1.00e+00
Condition number:        4.00e+00

Minimum eigenvalue:      +2.50e-01

RHS vector transpose:    [+0.483 +0.574 +0.712 +0.523 +0.435 +0.061 +0.166 +0.851 +1.238 +0.425]

Coffcient matrix:        [[+0.645 -0.095 -0.079 -0.008 -0.061 -0.042 -0.042 +0.030 -0.019 +0.084]
                          [-0.095 +0.645 -0.006 -0.069 -0.009 +0.059 -0.028 +0.110 +0.066 -0.011]
                          [-0.079 -0.006 +0.627 -0.008 +0.012 -0.094 +0.196 -0.022 +0.187 +0.035]
                          [-0.008 -0.069 -0.008 +0.634 +0.047 +0.011 -0.005 +0.052 -0.017 -0.190]
                          [-0.061 -0.009 +0.012 +0.047 +0.654 -0.004 -0.046 -0.035 -0.007 -0.027]
                          [-0.042 +0.059 -0.094 +0.011 -0.004 +0.505 -0.003 -0.124 +0.049 +0.006]
                          [-0.042 -0.028 +0.196 -0.005 -0.046 -0.003 +0.662 -0.114 -0.045 +0.025]
                          [+0.030 +0.110 -0.022 +0.052 -0.035 -0.124 -0.114 +0.633 +0.169 +0.012]
                          [-0.019 +0.066 +0.187 -0.017 -0.007 +0.049 -0.045 +0.169 +0.658 +0.167]
                          [+0.084 -0.011 +0.035 -0.190 -0.027 +0.006 +0.025 +0.012 +0.167 +0.587]]

------------- Modified linear system Information ------------
Norm of RHS vector:      1.00e+00
Norm of matrix:          5.00e-01
Condition number:        4.00e+00

Norm of difference:      3.44e+00
Norm of residual:        2.01e+00

------------------- Parameters of the QLSA ------------------
HHL method:              2
num_qubits:              10
Is simulator:            True

-------------------- Results of the QLSA --------------------
Quantum solution:        [-0.629 -0.062 +1.121 -0.936 -0.858 -0.654 -0.195 +0.615 +0.878 +0.644]
Exact solution:          [+1.044 +0.875 +0.831 +0.991 +0.801 +0.348 +0.396 +0.929 +1.255 +0.505]

Norm of difference:      3.44e+00
Norm of residual:        2.01e+00
Is sign changed:         True
Time (s):                2.02e+02
=============================================================
