
--------------- Linear optimization problem characteristics ---------------
Seed:                    22
Number of variables:     8
Number of constraints:   8

Norm of primal sol:      3.77e+00
Norm of dual sol:        1.00e+01
Norm of dual slacks:     5.00e+00

Norm of vector b:        2.00e+00
Norm of vector c:        8.01e+00

Norm of matrix A:        1.00e+00
Condition number:        4.00e+00

----------------------- Linear optimization problem -----------------------
Coeff matrix A:          [[+0.551 +0.085 +0.043 -0.117 +0.011 +0.072 -0.024 +0.019]
                          [+0.085 +0.772 -0.032 -0.035 +0.105 -0.088 -0.015 -0.062]
                          [+0.043 -0.032 +0.613 +0.057 +0.128 +0.006 +0.122 +0.118]
                          [-0.117 -0.035 +0.057 +0.592 +0.049 -0.109 -0.229 -0.101]
                          [+0.011 +0.105 +0.128 +0.049 +0.607 -0.023 +0.065 -0.089]
                          [+0.072 -0.088 +0.006 -0.109 -0.023 +0.712 +0.031 +0.050]
                          [-0.024 -0.015 +0.122 -0.229 +0.065 +0.031 +0.728 +0.045]
                          [+0.019 -0.062 +0.118 -0.101 -0.089 +0.050 +0.045 +0.425]]

RHS vector b:            [+0.292 +0.789 +1.204 +0.908 +0.551 +0.443 +0.254 +0.673]
Obj vector c:            [-0.667 +4.649 -2.365 +4.586 +2.489 +2.026 -2.069 -0.910]

---------------------------- Optimal solution -----------------------------
Primal variables:         [+0.573 +1.323 +1.155 +2.360 +0.470 +0.931 +0.743 +1.898]
Dual slacks:              [+0.759 +1.754 +1.531 +3.129 +0.623 +1.234 +0.985 +2.516]
Dual variables:           [-2.918 +3.256 -5.109 +0.639 +3.275 +2.558 -3.245 -5.155]

Optimal objective:       +1.36523055e+01
===========================================================================


----------------- Linear system Information -----------------
Norm of RHS vector:      2.00e+00
Norm of matrix:          1.00e+00
Condition number:        4.00e+00

Minimum eigenvalue:      +2.50e-01

RHS vector transpose:    [+0.292 +0.789 +1.204 +0.908 +0.551 +0.443 +0.254 +0.673]

Coffcient matrix:        [[+0.551 +0.085 +0.043 -0.117 +0.011 +0.072 -0.024 +0.019]
                          [+0.085 +0.772 -0.032 -0.035 +0.105 -0.088 -0.015 -0.062]
                          [+0.043 -0.032 +0.613 +0.057 +0.128 +0.006 +0.122 +0.118]
                          [-0.117 -0.035 +0.057 +0.592 +0.049 -0.109 -0.229 -0.101]
                          [+0.011 +0.105 +0.128 +0.049 +0.607 -0.023 +0.065 -0.089]
                          [+0.072 -0.088 +0.006 -0.109 -0.023 +0.712 +0.031 +0.050]
                          [-0.024 -0.015 +0.122 -0.229 +0.065 +0.031 +0.728 +0.045]
                          [+0.019 -0.062 +0.118 -0.101 -0.089 +0.050 +0.045 +0.425]]

------------- Modified linear system Information ------------
Norm of RHS vector:      1.00e+00
Norm of matrix:          5.00e-01
Condition number:        4.00e+00

Norm of difference:      3.21e+00
Norm of residual:        1.87e+00

------------------- Parameters of the QLSA ------------------
HHL method:              2
num_qubits:              8
Is simulator:            True

-------------------- Results of the QLSA --------------------
Quantum solution:        [+0.272 +1.777 +0.578 +0.038 +0.797 -0.257 +1.040 +0.268]
Exact solution:          [+0.573 +1.323 +1.155 +2.360 +0.470 +0.931 +0.743 +1.898]

Norm of difference:      3.21e+00
Norm of residual:        1.87e+00
Is sign changed:         False
Time (s):                1.83e+01
=============================================================
