
--------------- Linear optimization problem characteristics ---------------
Seed:                    32
Number of variables:     9
Number of constraints:   9

Norm of primal sol:      2.93e+00
Norm of dual sol:        1.00e+01
Norm of dual slacks:     5.00e+00

Norm of vector b:        2.00e+00
Norm of vector c:        7.41e+00

Norm of matrix A:        1.00e+00
Condition number:        4.00e+00

----------------------- Linear optimization problem -----------------------
Coeff matrix A:          [[+0.756 +0.021 -0.033 +0.103 +0.068 -0.023 +0.105 -0.041 +0.064]
                          [+0.021 +0.597 -0.031 -0.030 -0.013 +0.087 -0.103 +0.144 -0.055]
                          [-0.033 -0.031 +0.657 -0.189 +0.086 -0.052 +0.094 -0.031 -0.045]
                          [+0.103 -0.030 -0.189 +0.580 -0.012 +0.080 -0.158 +0.070 -0.009]
                          [+0.068 -0.013 +0.086 -0.012 +0.746 +0.064 -0.056 -0.039 -0.016]
                          [-0.023 +0.087 -0.052 +0.080 +0.064 +0.526 +0.028 +0.017 +0.047]
                          [+0.105 -0.103 +0.094 -0.158 -0.056 +0.028 +0.598 -0.033 +0.077]
                          [-0.041 +0.144 -0.031 +0.070 -0.039 +0.017 -0.033 +0.561 -0.216]
                          [+0.064 -0.055 -0.045 -0.009 -0.016 +0.047 +0.077 -0.216 +0.604]]

RHS vector b:            [+1.071 +0.475 +0.163 +0.861 +0.880 +0.802 +0.016 +0.604 +0.278]
Obj vector c:            [+3.022 -2.286 -0.050 +4.091 +0.994 +1.806 +1.688 +3.577 -1.995]

---------------------------- Optimal solution -----------------------------
Primal variables:         [+1.180 +0.512 +0.763 +1.313 +1.012 +1.122 +0.139 +1.276 +0.837]
Dual slacks:              [+2.013 +0.874 +1.301 +2.240 +1.727 +1.913 +0.237 +2.176 +1.428]
Dual variables:           [+1.387 -5.865 -2.224 +2.338 -0.837 +0.740 +2.927 +1.284 -6.466]

Optimal objective:       +1.38899209e+01
===========================================================================

[F[K 
----------------- Linear system Information -----------------
Norm of RHS vector:      2.00e+00
Norm of matrix:          1.00e+00
Condition number:        4.00e+00

Minimum eigenvalue:      +2.50e-01

RHS vector transpose:    [+1.071 +0.475 +0.163 +0.861 +0.880 +0.802 +0.016 +0.604 +0.278]

Coffcient matrix:        [[+0.756 +0.021 -0.033 +0.103 +0.068 -0.023 +0.105 -0.041 +0.064]
                          [+0.021 +0.597 -0.031 -0.030 -0.013 +0.087 -0.103 +0.144 -0.055]
                          [-0.033 -0.031 +0.657 -0.189 +0.086 -0.052 +0.094 -0.031 -0.045]
                          [+0.103 -0.030 -0.189 +0.580 -0.012 +0.080 -0.158 +0.070 -0.009]
                          [+0.068 -0.013 +0.086 -0.012 +0.746 +0.064 -0.056 -0.039 -0.016]
                          [-0.023 +0.087 -0.052 +0.080 +0.064 +0.526 +0.028 +0.017 +0.047]
                          [+0.105 -0.103 +0.094 -0.158 -0.056 +0.028 +0.598 -0.033 +0.077]
                          [-0.041 +0.144 -0.031 +0.070 -0.039 +0.017 -0.033 +0.561 -0.216]
                          [+0.064 -0.055 -0.045 -0.009 -0.016 +0.047 +0.077 -0.216 +0.604]]

------------- Modified linear system Information ------------
Norm of RHS vector:      1.00e+00
Norm of matrix:          5.00e-01
Condition number:        4.00e+00

Norm of difference:      6.66e+00
Norm of residual:        2.75e+00

------------------- Parameters of the QLSA ------------------
HHL method:              2
num_qubits:              10
Is simulator:            True

-------------------- Results of the QLSA --------------------
Quantum solution:        [+1.500 +0.325 -0.403 -0.497 -1.185 +2.030 -0.906 -3.508 -2.311]
Exact solution:          [+1.180 +0.512 +0.763 +1.313 +1.012 +1.122 +0.139 +1.276 +0.837]

Norm of difference:      6.66e+00
Norm of residual:        2.75e+00
Is sign changed:         True
Time (s):                1.99e+02
=============================================================
