
--------------- Linear optimization problem characteristics ---------------
Seed:                    90
Number of variables:     8
Number of constraints:   8

Norm of primal sol:      3.19e+00
Norm of dual sol:        1.00e+01
Norm of dual slacks:     5.00e+00

Norm of vector b:        2.00e+00
Norm of vector c:        8.26e+00

Norm of matrix A:        1.00e+00
Condition number:        4.00e+00

----------------------- Linear optimization problem -----------------------
Coeff matrix A:          [[+0.734 -0.047 +0.058 +0.033 -0.101 +0.032 -0.208 +0.093]
                          [-0.047 +0.480 +0.141 +0.015 +0.056 +0.051 -0.012 -0.011]
                          [+0.058 +0.141 +0.572 +0.011 +0.068 +0.060 -0.092 +0.072]
                          [+0.033 +0.015 +0.011 +0.480 -0.074 -0.046 -0.157 +0.004]
                          [-0.101 +0.056 +0.068 -0.074 +0.760 +0.005 -0.052 -0.145]
                          [+0.032 +0.051 +0.060 -0.046 +0.005 +0.804 -0.014 -0.010]
                          [-0.208 -0.012 -0.092 -0.157 -0.052 -0.014 +0.481 +0.019]
                          [+0.093 -0.011 +0.072 +0.004 -0.145 -0.010 +0.019 +0.690]]

RHS vector b:            [+0.348 +0.474 +1.315 +0.764 +0.051 +0.476 -0.219 +1.031]
Obj vector c:            [-1.543 +1.903 +4.284 +5.198 -0.633 -2.843 -1.072 +2.696]

---------------------------- Optimal solution -----------------------------
Primal variables:         [+0.310 +0.320 +1.999 +1.834 +0.377 +0.543 +0.677 +1.307]
Dual slacks:              [+0.487 +0.502 +3.135 +2.877 +0.592 +0.852 +1.063 +2.050]
Dual variables:           [-4.760 +2.589 +1.528 +2.275 -2.532 -4.631 -5.853 +1.006]

Optimal objective:       +1.92414902e+01
===========================================================================


----------------- Linear system Information -----------------
Norm of RHS vector:      2.00e+00
Norm of matrix:          1.00e+00
Condition number:        4.00e+00

Minimum eigenvalue:      +2.50e-01

RHS vector transpose:    [+0.348 +0.474 +1.315 +0.764 +0.051 +0.476 -0.219 +1.031]

Coffcient matrix:        [[+0.734 -0.047 +0.058 +0.033 -0.101 +0.032 -0.208 +0.093]
                          [-0.047 +0.480 +0.141 +0.015 +0.056 +0.051 -0.012 -0.011]
                          [+0.058 +0.141 +0.572 +0.011 +0.068 +0.060 -0.092 +0.072]
                          [+0.033 +0.015 +0.011 +0.480 -0.074 -0.046 -0.157 +0.004]
                          [-0.101 +0.056 +0.068 -0.074 +0.760 +0.005 -0.052 -0.145]
                          [+0.032 +0.051 +0.060 -0.046 +0.005 +0.804 -0.014 -0.010]
                          [-0.208 -0.012 -0.092 -0.157 -0.052 -0.014 +0.481 +0.019]
                          [+0.093 -0.011 +0.072 +0.004 -0.145 -0.010 +0.019 +0.690]]

------------- Modified linear system Information ------------
Norm of RHS vector:      1.00e+00
Norm of matrix:          5.00e-01
Condition number:        4.00e+00

Norm of difference:      2.09e+00
Norm of residual:        8.19e-01

------------------- Parameters of the QLSA ------------------
HHL method:              2
num_qubits:              8
Is simulator:            True

-------------------- Results of the QLSA --------------------
Quantum solution:        [-0.222 +0.746 +1.262 +1.442 -0.518 +0.314 -0.861 +1.333]
Exact solution:          [+0.310 +0.320 +1.999 +1.834 +0.377 +0.543 +0.677 +1.307]

Norm of difference:      2.09e+00
Norm of residual:        8.19e-01
Is sign changed:         True
Time (s):                1.82e+01
=============================================================
