
--------------- Linear optimization problem characteristics ---------------
Seed:                    38
Number of variables:     10
Number of constraints:   10

Norm of primal sol:      2.78e+00
Norm of dual sol:        1.00e+01
Norm of dual slacks:     5.00e+00

Norm of vector b:        2.00e+00
Norm of vector c:        1.00e+01

Norm of matrix A:        1.00e+00
Condition number:        4.00e+00

----------------------- Linear optimization problem -----------------------
Coeff matrix A:          [[+0.667 -0.031 -0.093 -0.019 -0.016 -0.029 -0.080 -0.194 +0.014 -0.155]
                          [-0.031 +0.717 +0.182 +0.004 +0.051 -0.041 -0.019 +0.042 +0.014 -0.057]
                          [-0.093 +0.182 +0.567 +0.002 +0.028 +0.059 -0.065 -0.052 -0.043 +0.066]
                          [-0.019 +0.004 +0.002 +0.525 +0.020 -0.109 -0.046 -0.041 +0.070 +0.094]
                          [-0.016 +0.051 +0.028 +0.020 +0.519 +0.101 +0.024 +0.106 +0.089 +0.048]
                          [-0.029 -0.041 +0.059 -0.109 +0.101 +0.694 +0.079 -0.072 -0.051 -0.017]
                          [-0.080 -0.019 -0.065 -0.046 +0.024 +0.079 +0.648 -0.035 -0.104 +0.150]
                          [-0.194 +0.042 -0.052 -0.041 +0.106 -0.072 -0.035 +0.529 +0.002 +0.025]
                          [+0.014 +0.014 -0.043 +0.070 +0.089 -0.051 -0.104 +0.002 +0.755 -0.042]
                          [-0.155 -0.057 +0.066 +0.094 +0.048 -0.017 +0.150 +0.025 -0.042 +0.629]]

RHS vector b:            [+0.004 +1.223 +1.028 +0.480 +0.827 +0.598 +0.035 +0.163 +0.343 +0.177]
Obj vector c:            [-3.031 +1.500 +2.905 +5.665 +2.857 +1.535 +1.094 +3.369 +0.981 +4.965]

---------------------------- Optimal solution -----------------------------
Primal variables:         [+0.589 +1.316 +1.445 +1.076 +0.970 +0.928 +0.306 +0.593 +0.396 +0.114]
Dual slacks:              [+1.058 +2.365 +2.597 +1.933 +1.743 +1.667 +0.550 +1.066 +0.712 +0.205]
Dual variables:           [-3.793 -1.066 -0.290 +6.380 +0.513 +1.078 -0.501 +3.270 +0.084 +5.596]

Optimal objective:       +1.79665633e+01
===========================================================================

[F[K 
----------------- Linear system Information -----------------
Norm of RHS vector:      2.00e+00
Norm of matrix:          1.00e+00
Condition number:        4.00e+00

Minimum eigenvalue:      +2.50e-01

RHS vector transpose:    [+0.004 +1.223 +1.028 +0.480 +0.827 +0.598 +0.035 +0.163 +0.343 +0.177]

Coffcient matrix:        [[+0.667 -0.031 -0.093 -0.019 -0.016 -0.029 -0.080 -0.194 +0.014 -0.155]
                          [-0.031 +0.717 +0.182 +0.004 +0.051 -0.041 -0.019 +0.042 +0.014 -0.057]
                          [-0.093 +0.182 +0.567 +0.002 +0.028 +0.059 -0.065 -0.052 -0.043 +0.066]
                          [-0.019 +0.004 +0.002 +0.525 +0.020 -0.109 -0.046 -0.041 +0.070 +0.094]
                          [-0.016 +0.051 +0.028 +0.020 +0.519 +0.101 +0.024 +0.106 +0.089 +0.048]
                          [-0.029 -0.041 +0.059 -0.109 +0.101 +0.694 +0.079 -0.072 -0.051 -0.017]
                          [-0.080 -0.019 -0.065 -0.046 +0.024 +0.079 +0.648 -0.035 -0.104 +0.150]
                          [-0.194 +0.042 -0.052 -0.041 +0.106 -0.072 -0.035 +0.529 +0.002 +0.025]
                          [+0.014 +0.014 -0.043 +0.070 +0.089 -0.051 -0.104 +0.002 +0.755 -0.042]
                          [-0.155 -0.057 +0.066 +0.094 +0.048 -0.017 +0.150 +0.025 -0.042 +0.629]]

------------- Modified linear system Information ------------
Norm of RHS vector:      1.00e+00
Norm of matrix:          5.00e-01
Condition number:        4.00e+00

Norm of difference:      6.32e+00
Norm of residual:        2.38e+00

------------------- Parameters of the QLSA ------------------
HHL method:              2
num_qubits:              10
Is simulator:            True

-------------------- Results of the QLSA --------------------
Quantum solution:        [-2.693 +0.719 -1.582 -0.638 +2.124 -0.069 -0.960 -2.642 -0.237 +1.477]
Exact solution:          [+0.589 +1.316 +1.445 +1.076 +0.970 +0.928 +0.306 +0.593 +0.396 +0.114]

Norm of difference:      6.32e+00
Norm of residual:        2.38e+00
Is sign changed:         False
Time (s):                2.08e+02
=============================================================
