
--------------- Linear optimization problem characteristics ---------------
Seed:                    64
Number of variables:     9
Number of constraints:   9

Norm of primal sol:      3.57e+00
Norm of dual sol:        1.00e+01
Norm of dual slacks:     5.00e+00

Norm of vector b:        2.00e+00
Norm of vector c:        8.35e+00

Norm of matrix A:        1.00e+00
Condition number:        4.00e+00

----------------------- Linear optimization problem -----------------------
Coeff matrix A:          [[+0.680 +0.005 -0.125 +0.017 +0.027 -0.015 +0.010 -0.049 -0.125]
                          [+0.005 +0.587 +0.100 -0.000 -0.088 +0.011 +0.087 +0.045 +0.130]
                          [-0.125 +0.100 +0.604 +0.036 -0.008 -0.077 +0.006 -0.051 -0.093]
                          [+0.017 -0.000 +0.036 +0.570 +0.045 -0.092 -0.159 -0.049 +0.024]
                          [+0.027 -0.088 -0.008 +0.045 +0.576 -0.149 +0.002 +0.095 -0.053]
                          [-0.015 +0.011 -0.077 -0.092 -0.149 +0.636 -0.089 +0.113 +0.133]
                          [+0.010 +0.087 +0.006 -0.159 +0.002 -0.089 +0.756 +0.085 -0.177]
                          [-0.049 +0.045 -0.051 -0.049 +0.095 +0.113 +0.085 +0.652 +0.004]
                          [-0.125 +0.130 -0.093 +0.024 -0.053 +0.133 -0.177 +0.004 +0.563]]

RHS vector b:            [+0.330 +1.245 +0.786 +0.600 +0.516 +0.318 +0.337 +0.678 +0.650]
Obj vector c:            [+0.569 +3.606 +3.579 +3.409 -0.555 -1.962 -1.614 -3.715 +3.375]

---------------------------- Optimal solution -----------------------------
Primal variables:         [+1.011 +1.512 +1.588 +1.199 +1.218 +0.831 +0.835 +0.786 +1.415]
Dual slacks:              [+1.415 +2.116 +2.223 +1.679 +1.705 +1.163 +1.169 +1.100 +1.981]
Dual variables:           [-1.214 +2.559 +0.563 +0.960 -3.888 -5.507 -3.407 -5.586 +1.576]

Optimal objective:       +1.39985542e+01
===========================================================================

[F[K 
----------------- Linear system Information -----------------
Norm of RHS vector:      2.00e+00
Norm of matrix:          1.00e+00
Condition number:        4.00e+00

Minimum eigenvalue:      +2.50e-01

RHS vector transpose:    [+0.330 +1.245 +0.786 +0.600 +0.516 +0.318 +0.337 +0.678 +0.650]

Coffcient matrix:        [[+0.680 +0.005 -0.125 +0.017 +0.027 -0.015 +0.010 -0.049 -0.125]
                          [+0.005 +0.587 +0.100 -0.000 -0.088 +0.011 +0.087 +0.045 +0.130]
                          [-0.125 +0.100 +0.604 +0.036 -0.008 -0.077 +0.006 -0.051 -0.093]
                          [+0.017 -0.000 +0.036 +0.570 +0.045 -0.092 -0.159 -0.049 +0.024]
                          [+0.027 -0.088 -0.008 +0.045 +0.576 -0.149 +0.002 +0.095 -0.053]
                          [-0.015 +0.011 -0.077 -0.092 -0.149 +0.636 -0.089 +0.113 +0.133]
                          [+0.010 +0.087 +0.006 -0.159 +0.002 -0.089 +0.756 +0.085 -0.177]
                          [-0.049 +0.045 -0.051 -0.049 +0.095 +0.113 +0.085 +0.652 +0.004]
                          [-0.125 +0.130 -0.093 +0.024 -0.053 +0.133 -0.177 +0.004 +0.563]]

------------- Modified linear system Information ------------
Norm of RHS vector:      1.00e+00
Norm of matrix:          5.00e-01
Condition number:        4.00e+00

Norm of difference:      3.97e+00
Norm of residual:        2.14e+00

------------------- Parameters of the QLSA ------------------
HHL method:              2
num_qubits:              10
Is simulator:            True

-------------------- Results of the QLSA --------------------
Quantum solution:        [-0.341 +0.729 +0.483 +0.617 +1.334 +2.870 +2.409 -1.134 +0.207]
Exact solution:          [+1.011 +1.512 +1.588 +1.199 +1.218 +0.831 +0.835 +0.786 +1.415]

Norm of difference:      3.97e+00
Norm of residual:        2.14e+00
Is sign changed:         False
Time (s):                1.99e+02
=============================================================
