
--------------- Linear optimization problem characteristics ---------------
Seed:                    84
Number of variables:     5
Number of constraints:   5

Norm of primal sol:      2.49e+00
Norm of dual sol:        1.00e+01
Norm of dual slacks:     5.00e+00

Norm of vector b:        2.00e+00
Norm of vector c:        3.80e+00

Norm of matrix A:        1.00e+00
Condition number:        4.00e+00

----------------------- Linear optimization problem -----------------------
Coeff matrix A:          [[+0.554 +0.033 -0.108 -0.204 -0.128]
                          [+0.033 +0.777 -0.037 +0.174 +0.061]
                          [-0.108 -0.037 +0.682 +0.205 +0.007]
                          [-0.204 +0.174 +0.205 +0.516 +0.072]
                          [-0.128 +0.061 +0.007 +0.072 +0.596]]

RHS vector b:            [-0.483 +0.892 +0.560 +0.990 +1.295]
Obj vector c:            [-1.698 -2.931 -1.017 +1.012 +0.948]

---------------------------- Optimal solution -----------------------------
Primal variables:         [+0.091 +0.734 +0.480 +1.246 +1.963]
Dual slacks:              [+0.184 +1.476 +0.966 +2.505 +3.947]
Dual variables:           [-5.543 -4.897 -3.626 -1.224 -5.536]

Optimal objective:       +3.27152590e-01
===========================================================================

[F[K 
----------------- Linear system Information -----------------
Norm of RHS vector:      2.00e+00
Norm of matrix:          1.00e+00
Condition number:        4.00e+00

Minimum eigenvalue:      +2.50e-01

RHS vector transpose:    [-0.483 +0.892 +0.560 +0.990 +1.295]

Coffcient matrix:        [[+0.554 +0.033 -0.108 -0.204 -0.128]
                          [+0.033 +0.777 -0.037 +0.174 +0.061]
                          [-0.108 -0.037 +0.682 +0.205 +0.007]
                          [-0.204 +0.174 +0.205 +0.516 +0.072]
                          [-0.128 +0.061 +0.007 +0.072 +0.596]]

------------- Modified linear system Information ------------
Norm of RHS vector:      1.00e+00
Norm of matrix:          5.00e-01
Condition number:        4.00e+00

Norm of difference:      1.95e+00
Norm of residual:        1.27e+00

------------------- Parameters of the QLSA ------------------
HHL method:              2
num_qubits:              8
Is simulator:            True

-------------------- Results of the QLSA --------------------
Quantum solution:        [-0.304 +1.911 -0.495 +0.577 +1.038]
Exact solution:          [+0.091 +0.734 +0.480 +1.246 +1.963]

Norm of difference:      1.95e+00
Norm of residual:        1.27e+00
Is sign changed:         True
Time (s):                1.81e+01
=============================================================
