
--------------- Linear optimization problem characteristics ---------------
Seed:                    62
Number of variables:     9
Number of constraints:   9

Norm of primal sol:      3.08e+00
Norm of dual sol:        1.00e+01
Norm of dual slacks:     5.00e+00

Norm of vector b:        2.00e+00
Norm of vector c:        8.63e+00

Norm of matrix A:        1.00e+00
Condition number:        4.00e+00

----------------------- Linear optimization problem -----------------------
Coeff matrix A:          [[+0.606 -0.009 -0.128 -0.041 -0.095 -0.011 -0.097 -0.014 +0.042]
                          [-0.009 +0.688 -0.000 +0.076 +0.120 -0.069 -0.080 -0.062 +0.004]
                          [-0.128 -0.000 +0.550 -0.009 -0.052 +0.097 +0.024 -0.014 -0.097]
                          [-0.041 +0.076 -0.009 +0.626 -0.065 -0.093 +0.046 +0.040 -0.154]
                          [-0.095 +0.120 -0.052 -0.065 +0.533 +0.084 -0.016 -0.102 +0.138]
                          [-0.011 -0.069 +0.097 -0.093 +0.084 +0.584 +0.171 +0.016 +0.088]
                          [-0.097 -0.080 +0.024 +0.046 -0.016 +0.171 +0.571 -0.034 +0.139]
                          [-0.014 -0.062 -0.014 +0.040 -0.102 +0.016 -0.034 +0.828 -0.019]
                          [+0.042 +0.004 -0.097 -0.154 +0.138 +0.088 +0.139 -0.019 +0.639]]

RHS vector b:            [-0.476 +0.796 +0.955 +0.468 +0.755 +0.760 +0.808 +0.172 +0.424]
Obj vector c:            [+3.165 +3.371 -0.434 +3.194 +4.181 +1.611 +2.033 -1.658 +3.973]

---------------------------- Optimal solution -----------------------------
Primal variables:         [+0.073 +1.063 +1.839 +0.894 +1.372 +0.632 +1.180 +0.496 +0.522]
Dual slacks:              [+0.119 +1.724 +2.982 +1.450 +2.225 +1.025 +1.913 +0.804 +0.847]
Dual variables:           [+4.286 +1.378 -4.557 +4.689 +2.223 +2.098 -0.846 -2.800 +4.368]

Optimal objective:       +1.62789092e+01
===========================================================================

[F[K 
----------------- Linear system Information -----------------
Norm of RHS vector:      2.00e+00
Norm of matrix:          1.00e+00
Condition number:        4.00e+00

Minimum eigenvalue:      +2.50e-01

RHS vector transpose:    [-0.476 +0.796 +0.955 +0.468 +0.755 +0.760 +0.808 +0.172 +0.424]

Coffcient matrix:        [[+0.606 -0.009 -0.128 -0.041 -0.095 -0.011 -0.097 -0.014 +0.042]
                          [-0.009 +0.688 -0.000 +0.076 +0.120 -0.069 -0.080 -0.062 +0.004]
                          [-0.128 -0.000 +0.550 -0.009 -0.052 +0.097 +0.024 -0.014 -0.097]
                          [-0.041 +0.076 -0.009 +0.626 -0.065 -0.093 +0.046 +0.040 -0.154]
                          [-0.095 +0.120 -0.052 -0.065 +0.533 +0.084 -0.016 -0.102 +0.138]
                          [-0.011 -0.069 +0.097 -0.093 +0.084 +0.584 +0.171 +0.016 +0.088]
                          [-0.097 -0.080 +0.024 +0.046 -0.016 +0.171 +0.571 -0.034 +0.139]
                          [-0.014 -0.062 -0.014 +0.040 -0.102 +0.016 -0.034 +0.828 -0.019]
                          [+0.042 +0.004 -0.097 -0.154 +0.138 +0.088 +0.139 -0.019 +0.639]]

------------- Modified linear system Information ------------
Norm of RHS vector:      1.00e+00
Norm of matrix:          5.00e-01
Condition number:        4.00e+00

Norm of difference:      5.33e+00
Norm of residual:        2.43e+00

------------------- Parameters of the QLSA ------------------
HHL method:              2
num_qubits:              10
Is simulator:            True

-------------------- Results of the QLSA --------------------
Quantum solution:        [+1.334 -1.452 +3.119 +2.692 +1.243 -0.197 -2.020 -0.169 +2.587]
Exact solution:          [+0.073 +1.063 +1.839 +0.894 +1.372 +0.632 +1.180 +0.496 +0.522]

Norm of difference:      5.33e+00
Norm of residual:        2.43e+00
Is sign changed:         True
Time (s):                1.99e+02
=============================================================
