
--------------- Linear optimization problem characteristics ---------------
Seed:                    85
Number of variables:     10
Number of constraints:   10

Norm of primal sol:      3.44e+00
Norm of dual sol:        1.00e+01
Norm of dual slacks:     5.00e+00

Norm of vector b:        2.00e+00
Norm of vector c:        7.19e+00

Norm of matrix A:        1.00e+00
Condition number:        4.00e+00

----------------------- Linear optimization problem -----------------------
Coeff matrix A:          [[+0.714 -0.028 +0.001 -0.067 +0.070 +0.074 -0.041 +0.078 +0.103 +0.004]
                          [-0.028 +0.497 -0.033 -0.096 +0.036 -0.051 +0.037 -0.066 +0.046 -0.082]
                          [+0.001 -0.033 +0.666 -0.152 -0.112 -0.077 +0.145 -0.039 +0.018 +0.020]
                          [-0.067 -0.096 -0.152 +0.646 -0.104 +0.045 -0.059 -0.060 -0.010 +0.040]
                          [+0.070 +0.036 -0.112 -0.104 +0.624 -0.036 +0.118 -0.022 -0.072 +0.016]
                          [+0.074 -0.051 -0.077 +0.045 -0.036 +0.720 -0.041 +0.034 -0.151 -0.058]
                          [-0.041 +0.037 +0.145 -0.059 +0.118 -0.041 +0.728 -0.049 -0.065 +0.007]
                          [+0.078 -0.066 -0.039 -0.060 -0.022 +0.034 -0.049 +0.461 -0.130 +0.007]
                          [+0.103 +0.046 +0.018 -0.010 -0.072 -0.151 -0.065 -0.130 +0.634 +0.157]
                          [+0.004 -0.082 +0.020 +0.040 +0.016 -0.058 +0.007 +0.007 +0.157 +0.561]]

RHS vector b:            [+1.110 +0.240 +0.164 +0.533 +0.219 +0.503 +0.454 +0.077 +1.005 +0.936]
Obj vector c:            [+4.315 -0.044 -0.158 +4.880 -1.308 +0.888 -1.356 +1.492 +1.479 -0.703]

---------------------------- Optimal solution -----------------------------
Primal variables:         [+1.288 +1.057 +0.619 +1.357 +0.568 +1.086 +0.775 +0.767 +1.525 +1.347]
Dual slacks:              [+1.872 +1.536 +0.900 +1.973 +0.825 +1.579 +1.126 +1.114 +2.217 +1.958]
Dual variables:           [+4.507 -2.888 -1.000 +4.061 -3.081 -3.030 -2.292 -0.496 -1.719 -5.169]

Optimal objective:       +1.36609883e+01
===========================================================================

[F[K 
----------------- Linear system Information -----------------
Norm of RHS vector:      2.00e+00
Norm of matrix:          1.00e+00
Condition number:        4.00e+00

Minimum eigenvalue:      +2.50e-01

RHS vector transpose:    [+1.110 +0.240 +0.164 +0.533 +0.219 +0.503 +0.454 +0.077 +1.005 +0.936]

Coffcient matrix:        [[+0.714 -0.028 +0.001 -0.067 +0.070 +0.074 -0.041 +0.078 +0.103 +0.004]
                          [-0.028 +0.497 -0.033 -0.096 +0.036 -0.051 +0.037 -0.066 +0.046 -0.082]
                          [+0.001 -0.033 +0.666 -0.152 -0.112 -0.077 +0.145 -0.039 +0.018 +0.020]
                          [-0.067 -0.096 -0.152 +0.646 -0.104 +0.045 -0.059 -0.060 -0.010 +0.040]
                          [+0.070 +0.036 -0.112 -0.104 +0.624 -0.036 +0.118 -0.022 -0.072 +0.016]
                          [+0.074 -0.051 -0.077 +0.045 -0.036 +0.720 -0.041 +0.034 -0.151 -0.058]
                          [-0.041 +0.037 +0.145 -0.059 +0.118 -0.041 +0.728 -0.049 -0.065 +0.007]
                          [+0.078 -0.066 -0.039 -0.060 -0.022 +0.034 -0.049 +0.461 -0.130 +0.007]
                          [+0.103 +0.046 +0.018 -0.010 -0.072 -0.151 -0.065 -0.130 +0.634 +0.157]
                          [+0.004 -0.082 +0.020 +0.040 +0.016 -0.058 +0.007 +0.007 +0.157 +0.561]]

------------- Modified linear system Information ------------
Norm of RHS vector:      1.00e+00
Norm of matrix:          5.00e-01
Condition number:        4.00e+00

Norm of difference:      5.78e+00
Norm of residual:        2.69e+00

------------------- Parameters of the QLSA ------------------
HHL method:              2
num_qubits:              10
Is simulator:            True

-------------------- Results of the QLSA --------------------
Quantum solution:        [+1.032 -1.506 +0.226 -1.253 +1.217 +0.242 -1.303 -1.582 +0.984 -1.585]
Exact solution:          [+1.288 +1.057 +0.619 +1.357 +0.568 +1.086 +0.775 +0.767 +1.525 +1.347]

Norm of difference:      5.78e+00
Norm of residual:        2.69e+00
Is sign changed:         True
Time (s):                2.01e+02
=============================================================
