
--------------- Linear optimization problem characteristics ---------------
Seed:                    18
Number of variables:     10
Number of constraints:   10

Norm of primal sol:      3.38e+00
Norm of dual sol:        1.00e+01
Norm of dual slacks:     5.00e+00

Norm of vector b:        2.00e+00
Norm of vector c:        9.74e+00

Norm of matrix A:        1.00e+00
Condition number:        4.00e+00

----------------------- Linear optimization problem -----------------------
Coeff matrix A:          [[+0.642 -0.024 -0.053 -0.049 +0.042 +0.020 +0.035 +0.145 +0.008 -0.002]
                          [-0.024 +0.718 -0.024 -0.068 +0.082 +0.062 +0.064 -0.086 -0.127 +0.031]
                          [-0.053 -0.024 +0.581 +0.044 -0.030 -0.123 -0.037 +0.032 -0.117 -0.093]
                          [-0.049 -0.068 +0.044 +0.582 -0.003 -0.082 -0.073 +0.043 -0.101 +0.030]
                          [+0.042 +0.082 -0.030 -0.003 +0.545 -0.126 -0.066 -0.176 +0.072 -0.063]
                          [+0.020 +0.062 -0.123 -0.082 -0.126 +0.531 +0.054 +0.138 -0.110 +0.044]
                          [+0.035 +0.064 -0.037 -0.073 -0.066 +0.054 +0.654 +0.002 +0.127 +0.032]
                          [+0.145 -0.086 +0.032 +0.043 -0.176 +0.138 +0.002 +0.717 -0.062 -0.001]
                          [+0.008 -0.127 -0.117 -0.101 +0.072 -0.110 +0.127 -0.062 +0.550 -0.007]
                          [-0.002 +0.031 -0.093 +0.030 -0.063 +0.044 +0.032 -0.001 -0.007 +0.730]]

RHS vector b:            [+0.932 +0.584 +0.538 -0.027 +0.346 +0.588 +0.761 +1.203 -0.059 -0.072]
Obj vector c:            [+2.900 +3.890 +3.843 -2.139 -0.737 +2.621 +3.276 +5.507 -1.424 +1.252]

---------------------------- Optimal solution -----------------------------
Primal variables:         [+1.066 +0.828 +1.440 +0.298 +1.396 +1.229 +1.091 +1.619 +0.421 +0.046]
Dual slacks:              [+1.576 +1.225 +2.129 +0.441 +2.065 +1.817 +1.614 +2.393 +0.623 +0.069]
Dual variables:           [+1.433 +3.666 +2.493 -5.058 -4.100 -2.135 +1.974 +3.817 -3.181 +1.659]

Optimal objective:       +2.53470369e+01
===========================================================================

[F[K 
----------------- Linear system Information -----------------
Norm of RHS vector:      2.00e+00
Norm of matrix:          1.00e+00
Condition number:        4.00e+00

Minimum eigenvalue:      +2.50e-01

RHS vector transpose:    [+0.932 +0.584 +0.538 -0.027 +0.346 +0.588 +0.761 +1.203 -0.059 -0.072]

Coffcient matrix:        [[+0.642 -0.024 -0.053 -0.049 +0.042 +0.020 +0.035 +0.145 +0.008 -0.002]
                          [-0.024 +0.718 -0.024 -0.068 +0.082 +0.062 +0.064 -0.086 -0.127 +0.031]
                          [-0.053 -0.024 +0.581 +0.044 -0.030 -0.123 -0.037 +0.032 -0.117 -0.093]
                          [-0.049 -0.068 +0.044 +0.582 -0.003 -0.082 -0.073 +0.043 -0.101 +0.030]
                          [+0.042 +0.082 -0.030 -0.003 +0.545 -0.126 -0.066 -0.176 +0.072 -0.063]
                          [+0.020 +0.062 -0.123 -0.082 -0.126 +0.531 +0.054 +0.138 -0.110 +0.044]
                          [+0.035 +0.064 -0.037 -0.073 -0.066 +0.054 +0.654 +0.002 +0.127 +0.032]
                          [+0.145 -0.086 +0.032 +0.043 -0.176 +0.138 +0.002 +0.717 -0.062 -0.001]
                          [+0.008 -0.127 -0.117 -0.101 +0.072 -0.110 +0.127 -0.062 +0.550 -0.007]
                          [-0.002 +0.031 -0.093 +0.030 -0.063 +0.044 +0.032 -0.001 -0.007 +0.730]]

------------- Modified linear system Information ------------
Norm of RHS vector:      1.00e+00
Norm of matrix:          5.00e-01
Condition number:        4.00e+00

Norm of difference:      3.99e+00
Norm of residual:        2.65e+00

------------------- Parameters of the QLSA ------------------
HHL method:              2
num_qubits:              10
Is simulator:            True

-------------------- Results of the QLSA --------------------
Quantum solution:        [+0.017 -0.146 +0.934 +1.264 -0.470 -0.743 +1.219 +0.368 +0.532 +1.971]
Exact solution:          [+1.066 +0.828 +1.440 +0.298 +1.396 +1.229 +1.091 +1.619 +0.421 +0.046]

Norm of difference:      3.99e+00
Norm of residual:        2.65e+00
Is sign changed:         False
Time (s):                2.07e+02
=============================================================
