
--------------- Linear optimization problem characteristics ---------------
Seed:                    86
Number of variables:     5
Number of constraints:   5

Norm of primal sol:      3.64e+00
Norm of dual sol:        1.00e+01
Norm of dual slacks:     5.00e+00

Norm of vector b:        2.00e+00
Norm of vector c:        1.03e+01

Norm of matrix A:        1.00e+00
Condition number:        4.00e+00

----------------------- Linear optimization problem -----------------------
Coeff matrix A:          [[+0.733 +0.080 +0.056 +0.001 -0.167]
                          [+0.080 +0.565 -0.136 -0.192 +0.199]
                          [+0.056 -0.136 +0.543 -0.026 -0.160]
                          [+0.001 -0.192 -0.026 +0.586 +0.051]
                          [-0.167 +0.199 -0.160 +0.051 +0.699]]

RHS vector b:            [+0.584 +0.055 +0.042 +1.750 +0.770]
Obj vector c:            [+4.252 +1.287 -0.391 +9.129 +1.622]

---------------------------- Optimal solution -----------------------------
Primal variables:         [+0.865 +0.884 +0.652 +3.221 +0.971]
Dual slacks:              [+1.187 +1.213 +0.894 +4.421 +1.332]
Dual variables:           [+4.004 +2.177 -1.912 +8.687 -0.323]

Optimal objective:       +3.55438436e+01
===========================================================================

[F[K 
----------------- Linear system Information -----------------
Norm of RHS vector:      2.00e+00
Norm of matrix:          1.00e+00
Condition number:        4.00e+00

Minimum eigenvalue:      +2.50e-01

RHS vector transpose:    [+0.584 +0.055 +0.042 +1.750 +0.770]

Coffcient matrix:        [[+0.733 +0.080 +0.056 +0.001 -0.167]
                          [+0.080 +0.565 -0.136 -0.192 +0.199]
                          [+0.056 -0.136 +0.543 -0.026 -0.160]
                          [+0.001 -0.192 -0.026 +0.586 +0.051]
                          [-0.167 +0.199 -0.160 +0.051 +0.699]]

------------- Modified linear system Information ------------
Norm of RHS vector:      1.00e+00
Norm of matrix:          5.00e-01
Condition number:        4.00e+00

Norm of difference:      3.83e+00
Norm of residual:        2.29e+00

------------------- Parameters of the QLSA ------------------
HHL method:              2
num_qubits:              8
Is simulator:            True

-------------------- Results of the QLSA --------------------
Quantum solution:        [-1.506 -1.302 -0.100 +1.357 +0.482]
Exact solution:          [+0.865 +0.884 +0.652 +3.221 +0.971]

Norm of difference:      3.83e+00
Norm of residual:        2.29e+00
Is sign changed:         False
Time (s):                1.88e+01
=============================================================
