
--------------- Linear optimization problem characteristics ---------------
Seed:                    67
Number of variables:     6
Number of constraints:   6

Norm of primal sol:      2.79e+00
Norm of dual sol:        1.00e+01
Norm of dual slacks:     5.00e+00

Norm of vector b:        2.00e+00
Norm of vector c:        6.80e+00

Norm of matrix A:        1.00e+00
Condition number:        4.00e+00

----------------------- Linear optimization problem -----------------------
Coeff matrix A:          [[+0.691 +0.110 +0.000 -0.032 -0.052 +0.187]
                          [+0.110 +0.393 -0.102 +0.201 +0.081 +0.001]
                          [+0.000 -0.102 +0.697 -0.039 -0.009 +0.114]
                          [-0.032 +0.201 -0.039 +0.789 +0.068 -0.064]
                          [-0.052 +0.081 -0.009 +0.068 +0.555 -0.134]
                          [+0.187 +0.001 +0.114 -0.064 -0.134 +0.625]]

RHS vector b:            [+1.112 +0.837 +0.883 +0.774 +0.081 +0.823]
Obj vector c:            [+0.348 +3.868 +4.285 -1.946 +2.520 +1.648]

---------------------------- Optimal solution -----------------------------
Primal variables:         [+1.144 +1.800 +1.438 +0.695 +0.126 +0.810]
Dual slacks:              [+2.052 +3.229 +2.579 +1.247 +0.226 +1.452]
Dual variables:           [-3.597 +5.423 +2.794 -5.682 +4.029 +1.152]

Optimal objective:       +1.38222868e+01
===========================================================================

[F[K 
----------------- Linear system Information -----------------
Norm of RHS vector:      2.00e+00
Norm of matrix:          1.00e+00
Condition number:        4.00e+00

Minimum eigenvalue:      +2.50e-01

RHS vector transpose:    [+1.112 +0.837 +0.883 +0.774 +0.081 +0.823]

Coffcient matrix:        [[+0.691 +0.110 +0.000 -0.032 -0.052 +0.187]
                          [+0.110 +0.393 -0.102 +0.201 +0.081 +0.001]
                          [+0.000 -0.102 +0.697 -0.039 -0.009 +0.114]
                          [-0.032 +0.201 -0.039 +0.789 +0.068 -0.064]
                          [-0.052 +0.081 -0.009 +0.068 +0.555 -0.134]
                          [+0.187 +0.001 +0.114 -0.064 -0.134 +0.625]]

------------- Modified linear system Information ------------
Norm of RHS vector:      1.00e+00
Norm of matrix:          5.00e-01
Condition number:        4.00e+00

Norm of difference:      1.30e+00
Norm of residual:        5.60e-01

------------------- Parameters of the QLSA ------------------
HHL method:              2
num_qubits:              8
Is simulator:            True

-------------------- Results of the QLSA --------------------
Quantum solution:        [+1.378 +0.971 +1.155 +1.159 +0.925 +0.700]
Exact solution:          [+1.144 +1.800 +1.438 +0.695 +0.126 +0.810]

Norm of difference:      1.30e+00
Norm of residual:        5.60e-01
Is sign changed:         False
Time (s):                1.81e+01
=============================================================
