
--------------- Linear optimization problem characteristics ---------------
Seed:                    61
Number of variables:     7
Number of constraints:   7

Norm of primal sol:      3.22e+00
Norm of dual sol:        1.00e+01
Norm of dual slacks:     5.00e+00

Norm of vector b:        2.00e+00
Norm of vector c:        8.04e+00

Norm of matrix A:        1.00e+00
Condition number:        4.00e+00

----------------------- Linear optimization problem -----------------------
Coeff matrix A:          [[+0.700 +0.204 -0.020 -0.088 +0.024 +0.107 -0.004]
                          [+0.204 +0.598 +0.090 -0.026 -0.080 -0.155 -0.152]
                          [-0.020 +0.090 +0.667 +0.069 -0.034 +0.073 +0.028]
                          [-0.088 -0.026 +0.069 +0.556 -0.016 +0.018 +0.006]
                          [+0.024 -0.080 -0.034 -0.016 +0.649 -0.096 -0.083]
                          [+0.107 -0.155 +0.073 +0.018 -0.096 +0.591 +0.241]
                          [-0.004 -0.152 +0.028 +0.006 -0.083 +0.241 +0.614]]

RHS vector b:            [+0.986 +0.214 +1.052 +0.431 +0.888 +0.455 +0.832]
Obj vector c:            [+4.309 -1.968 +0.267 -2.186 +2.382 +4.048 +3.917]

---------------------------- Optimal solution -----------------------------
Primal variables:         [+1.417 +0.312 +1.508 +0.859 +1.659 +0.006 +1.588]
Dual slacks:              [+2.198 +0.484 +2.339 +1.332 +2.573 +0.009 +2.463]
Dual variables:           [+2.166 -3.275 -2.662 -6.013 -0.218 +6.377 -0.787]

Optimal objective:       +1.42152950e+01
===========================================================================

[F[K 
----------------- Linear system Information -----------------
Norm of RHS vector:      2.00e+00
Norm of matrix:          1.00e+00
Condition number:        4.00e+00

Minimum eigenvalue:      +2.50e-01

RHS vector transpose:    [+0.986 +0.214 +1.052 +0.431 +0.888 +0.455 +0.832]

Coffcient matrix:        [[+0.700 +0.204 -0.020 -0.088 +0.024 +0.107 -0.004]
                          [+0.204 +0.598 +0.090 -0.026 -0.080 -0.155 -0.152]
                          [-0.020 +0.090 +0.667 +0.069 -0.034 +0.073 +0.028]
                          [-0.088 -0.026 +0.069 +0.556 -0.016 +0.018 +0.006]
                          [+0.024 -0.080 -0.034 -0.016 +0.649 -0.096 -0.083]
                          [+0.107 -0.155 +0.073 +0.018 -0.096 +0.591 +0.241]
                          [-0.004 -0.152 +0.028 +0.006 -0.083 +0.241 +0.614]]

------------- Modified linear system Information ------------
Norm of RHS vector:      1.00e+00
Norm of matrix:          5.00e-01
Condition number:        4.00e+00

Norm of difference:      4.35e+00
Norm of residual:        2.57e+00

------------------- Parameters of the QLSA ------------------
HHL method:              2
num_qubits:              8
Is simulator:            True

-------------------- Results of the QLSA --------------------
Quantum solution:        [+1.373 +1.022 +0.054 -0.153 -1.541 +0.825 -0.501]
Exact solution:          [+1.417 +0.312 +1.508 +0.859 +1.659 +0.006 +1.588]

Norm of difference:      4.35e+00
Norm of residual:        2.57e+00
Is sign changed:         False
Time (s):                1.86e+01
=============================================================
