
--------------- Linear optimization problem characteristics ---------------
Seed:                    97
Number of variables:     6
Number of constraints:   6

Norm of primal sol:      2.26e+00
Norm of dual sol:        1.00e+01
Norm of dual slacks:     5.00e+00

Norm of vector b:        2.00e+00
Norm of vector c:        9.79e+00

Norm of matrix A:        1.00e+00
Condition number:        4.00e+00

----------------------- Linear optimization problem -----------------------
Coeff matrix A:          [[+0.737 +0.132 +0.100 -0.007 +0.031 +0.055]
                          [+0.132 +0.631 +0.089 +0.137 -0.123 +0.142]
                          [+0.100 +0.089 +0.598 -0.090 +0.102 +0.063]
                          [-0.007 +0.137 -0.090 +0.442 -0.071 +0.218]
                          [+0.031 -0.123 +0.102 -0.071 +0.699 +0.041]
                          [+0.055 +0.142 +0.063 +0.218 +0.041 +0.643]]

RHS vector b:            [+1.161 +1.050 +0.714 +0.313 +0.677 +0.697]
Obj vector c:            [+7.067 +6.654 -0.089 +0.762 -0.930 -0.400]

---------------------------- Optimal solution -----------------------------
Primal variables:         [+1.172 +1.358 +0.626 +0.398 +1.080 +0.419]
Dual slacks:              [+2.592 +3.005 +1.385 +0.881 +2.388 +0.926]
Dual variables:           [+5.929 +5.342 -3.676 -1.928 -3.580 -2.504]

Optimal objective:       +1.63969972e+01
===========================================================================

[F[K 
----------------- Linear system Information -----------------
Norm of RHS vector:      2.00e+00
Norm of matrix:          1.00e+00
Condition number:        4.00e+00

Minimum eigenvalue:      +2.50e-01

RHS vector transpose:    [+1.161 +1.050 +0.714 +0.313 +0.677 +0.697]

Coffcient matrix:        [[+0.737 +0.132 +0.100 -0.007 +0.031 +0.055]
                          [+0.132 +0.631 +0.089 +0.137 -0.123 +0.142]
                          [+0.100 +0.089 +0.598 -0.090 +0.102 +0.063]
                          [-0.007 +0.137 -0.090 +0.442 -0.071 +0.218]
                          [+0.031 -0.123 +0.102 -0.071 +0.699 +0.041]
                          [+0.055 +0.142 +0.063 +0.218 +0.041 +0.643]]

------------- Modified linear system Information ------------
Norm of RHS vector:      1.00e+00
Norm of matrix:          5.00e-01
Condition number:        4.00e+00

Norm of difference:      1.09e+00
Norm of residual:        4.78e-01

------------------- Parameters of the QLSA ------------------
HHL method:              2
num_qubits:              8
Is simulator:            True

-------------------- Results of the QLSA --------------------
Quantum solution:        [+1.052 +1.548 +0.376 -0.249 +0.527 +1.018]
Exact solution:          [+1.172 +1.358 +0.626 +0.398 +1.080 +0.419]

Norm of difference:      1.09e+00
Norm of residual:        4.78e-01
Is sign changed:         False
Time (s):                1.84e+01
=============================================================
