
--------------- Linear optimization problem characteristics ---------------
Seed:                    59
Number of variables:     7
Number of constraints:   7

Norm of primal sol:      4.95e+00
Norm of dual sol:        1.00e+01
Norm of dual slacks:     5.00e+00

Norm of vector b:        2.00e+00
Norm of vector c:        9.70e+00

Norm of matrix A:        1.00e+00
Condition number:        4.00e+00

----------------------- Linear optimization problem -----------------------
Coeff matrix A:          [[+0.621 -0.060 -0.213 +0.026 +0.035 -0.231 -0.052]
                          [-0.060 +0.566 +0.053 -0.189 +0.079 +0.142 -0.129]
                          [-0.213 +0.053 +0.588 +0.101 -0.044 -0.013 -0.010]
                          [+0.026 -0.189 +0.101 +0.656 -0.010 -0.023 -0.019]
                          [+0.035 +0.079 -0.044 -0.010 +0.583 +0.068 -0.061]
                          [-0.231 +0.142 -0.013 -0.023 +0.068 +0.647 +0.025]
                          [-0.052 -0.129 -0.010 -0.019 -0.061 +0.025 +0.713]]

RHS vector b:            [+1.102 +0.394 +1.015 +0.407 +1.167 +0.078 +0.258]
Obj vector c:            [+4.522 -4.603 +5.053 +4.483 -0.247 -2.485 +0.787]

---------------------------- Optimal solution -----------------------------
Primal variables:         [+3.145 +0.537 +2.950 +0.286 +1.952 +0.959 +0.872]
Dual slacks:              [+3.179 +0.543 +2.983 +0.290 +1.974 +0.970 +0.882]
Dual variables:           [+1.704 -7.464 +3.959 +3.403 -2.372 -2.596 -1.328]

Optimal objective:       +2.57587291e+01
===========================================================================

[F[K 
----------------- Linear system Information -----------------
Norm of RHS vector:      2.00e+00
Norm of matrix:          1.00e+00
Condition number:        4.00e+00

Minimum eigenvalue:      +2.50e-01

RHS vector transpose:    [+1.102 +0.394 +1.015 +0.407 +1.167 +0.078 +0.258]

Coffcient matrix:        [[+0.621 -0.060 -0.213 +0.026 +0.035 -0.231 -0.052]
                          [-0.060 +0.566 +0.053 -0.189 +0.079 +0.142 -0.129]
                          [-0.213 +0.053 +0.588 +0.101 -0.044 -0.013 -0.010]
                          [+0.026 -0.189 +0.101 +0.656 -0.010 -0.023 -0.019]
                          [+0.035 +0.079 -0.044 -0.010 +0.583 +0.068 -0.061]
                          [-0.231 +0.142 -0.013 -0.023 +0.068 +0.647 +0.025]
                          [-0.052 -0.129 -0.010 -0.019 -0.061 +0.025 +0.713]]

------------- Modified linear system Information ------------
Norm of RHS vector:      1.00e+00
Norm of matrix:          5.00e-01
Condition number:        4.00e+00

Norm of difference:      5.40e+00
Norm of residual:        2.55e+00

------------------- Parameters of the QLSA ------------------
HHL method:              2
num_qubits:              8
Is simulator:            True

-------------------- Results of the QLSA --------------------
Quantum solution:        [-0.155 +0.030 +1.058 +1.395 -0.031 +0.037 -2.028]
Exact solution:          [+3.145 +0.537 +2.950 +0.286 +1.952 +0.959 +0.872]

Norm of difference:      5.40e+00
Norm of residual:        2.55e+00
Is sign changed:         False
Time (s):                1.88e+01
=============================================================
