
--------------- Linear optimization problem characteristics ---------------
Seed:                    11
Number of variables:     5
Number of constraints:   5

Norm of primal sol:      3.23e+00
Norm of dual sol:        1.00e+01
Norm of dual slacks:     5.00e+00

Norm of vector b:        2.00e+00
Norm of vector c:        8.96e+00

Norm of matrix A:        1.00e+00
Condition number:        4.00e+00

----------------------- Linear optimization problem -----------------------
Coeff matrix A:          [[+0.737 -0.110 -0.065 -0.207 -0.027]
                          [-0.110 +0.628 +0.149 +0.060 +0.129]
                          [-0.065 +0.149 +0.592 +0.143 -0.167]
                          [-0.207 +0.060 +0.143 +0.485 +0.082]
                          [-0.027 +0.129 -0.167 +0.082 +0.684]]

RHS vector b:            [-0.203 +0.527 +0.993 +1.381 +0.887]
Obj vector c:            [+0.151 -3.044 +1.385 +6.604 +5.050]

---------------------------- Optimal solution -----------------------------
Primal variables:         [+0.598 +0.065 +1.537 +2.406 +1.395]
Dual slacks:              [+0.925 +0.100 +2.377 +3.720 +2.156]
Dual variables:           [-0.195 -6.534 -0.169 +5.925 +4.705]

Optimal objective:       +2.49523670e+01
===========================================================================

[F[K 
----------------- Linear system Information -----------------
Norm of RHS vector:      2.00e+00
Norm of matrix:          1.00e+00
Condition number:        4.00e+00

Minimum eigenvalue:      +2.50e-01

RHS vector transpose:    [-0.203 +0.527 +0.993 +1.381 +0.887]

Coffcient matrix:        [[+0.737 -0.110 -0.065 -0.207 -0.027]
                          [-0.110 +0.628 +0.149 +0.060 +0.129]
                          [-0.065 +0.149 +0.592 +0.143 -0.167]
                          [-0.207 +0.060 +0.143 +0.485 +0.082]
                          [-0.027 +0.129 -0.167 +0.082 +0.684]]

------------- Modified linear system Information ------------
Norm of RHS vector:      1.00e+00
Norm of matrix:          5.00e-01
Condition number:        4.00e+00

Norm of difference:      3.35e+00
Norm of residual:        1.71e+00

------------------- Parameters of the QLSA ------------------
HHL method:              2
num_qubits:              8
Is simulator:            True

-------------------- Results of the QLSA --------------------
Quantum solution:        [-0.720 +1.454 -0.220 +0.299 +1.553]
Exact solution:          [+0.598 +0.065 +1.537 +2.406 +1.395]

Norm of difference:      3.35e+00
Norm of residual:        1.71e+00
Is sign changed:         True
Time (s):                1.81e+01
=============================================================
