
--------------- Linear optimization problem characteristics ---------------
Seed:                    7
Number of variables:     9
Number of constraints:   9

Norm of primal sol:      3.32e+00
Norm of dual sol:        1.00e+01
Norm of dual slacks:     5.00e+00

Norm of vector b:        2.00e+00
Norm of vector c:        9.45e+00

Norm of matrix A:        1.00e+00
Condition number:        4.00e+00

----------------------- Linear optimization problem -----------------------
Coeff matrix A:          [[+0.625 +0.067 +0.079 -0.144 +0.038 -0.144 -0.041 +0.010 +0.016]
                          [+0.067 +0.439 +0.097 +0.049 -0.183 -0.091 -0.057 -0.003 -0.019]
                          [+0.079 +0.097 +0.557 -0.093 -0.058 +0.004 +0.029 -0.096 +0.010]
                          [-0.144 +0.049 -0.093 +0.608 +0.058 -0.007 -0.070 -0.017 +0.096]
                          [+0.038 -0.183 -0.058 +0.058 +0.660 +0.086 +0.044 +0.128 +0.136]
                          [-0.144 -0.091 +0.004 -0.007 +0.086 +0.680 -0.051 -0.092 +0.007]
                          [-0.041 -0.057 +0.029 -0.070 +0.044 -0.051 +0.625 -0.119 +0.085]
                          [+0.010 -0.003 -0.096 -0.017 +0.128 -0.092 -0.119 +0.766 +0.035]
                          [+0.016 -0.019 +0.010 +0.096 +0.136 +0.007 +0.085 +0.035 +0.665]]

RHS vector b:            [-0.049 +0.320 +0.419 +0.912 +1.239 +0.653 +0.500 +0.047 +0.821]
Obj vector c:            [+0.811 +4.559 +4.591 +0.298 -2.031 -0.832 +5.074 -4.020 -0.215]

---------------------------- Optimal solution -----------------------------
Primal variables:         [+0.149 +1.518 +0.853 +1.408 +1.904 +1.048 +0.975 +0.140 +0.523]
Dual slacks:              [+0.224 +2.288 +1.286 +2.123 +2.869 +1.580 +1.470 +0.211 +0.788]
Dual variables:           [-0.001 +2.269 +3.845 -1.507 -5.495 -2.682 +5.185 -3.628 -0.606]

Optimal objective:       +1.09122823e+01
===========================================================================

[F[K 
----------------- Linear system Information -----------------
Norm of RHS vector:      2.00e+00
Norm of matrix:          1.00e+00
Condition number:        4.00e+00

Minimum eigenvalue:      +2.50e-01

RHS vector transpose:    [-0.049 +0.320 +0.419 +0.912 +1.239 +0.653 +0.500 +0.047 +0.821]

Coffcient matrix:        [[+0.625 +0.067 +0.079 -0.144 +0.038 -0.144 -0.041 +0.010 +0.016]
                          [+0.067 +0.439 +0.097 +0.049 -0.183 -0.091 -0.057 -0.003 -0.019]
                          [+0.079 +0.097 +0.557 -0.093 -0.058 +0.004 +0.029 -0.096 +0.010]
                          [-0.144 +0.049 -0.093 +0.608 +0.058 -0.007 -0.070 -0.017 +0.096]
                          [+0.038 -0.183 -0.058 +0.058 +0.660 +0.086 +0.044 +0.128 +0.136]
                          [-0.144 -0.091 +0.004 -0.007 +0.086 +0.680 -0.051 -0.092 +0.007]
                          [-0.041 -0.057 +0.029 -0.070 +0.044 -0.051 +0.625 -0.119 +0.085]
                          [+0.010 -0.003 -0.096 -0.017 +0.128 -0.092 -0.119 +0.766 +0.035]
                          [+0.016 -0.019 +0.010 +0.096 +0.136 +0.007 +0.085 +0.035 +0.665]]

------------- Modified linear system Information ------------
Norm of RHS vector:      1.00e+00
Norm of matrix:          5.00e-01
Condition number:        4.00e+00

Norm of difference:      3.45e+00
Norm of residual:        2.02e+00

------------------- Parameters of the QLSA ------------------
HHL method:              2
num_qubits:              10
Is simulator:            True

-------------------- Results of the QLSA --------------------
Quantum solution:        [-1.167 -0.526 -0.553 +0.806 +0.574 +1.207 -0.323 -0.106 +0.244]
Exact solution:          [+0.149 +1.518 +0.853 +1.408 +1.904 +1.048 +0.975 +0.140 +0.523]

Norm of difference:      3.45e+00
Norm of residual:        2.02e+00
Is sign changed:         False
Time (s):                2.01e+02
=============================================================
