
--------------- Linear optimization problem characteristics ---------------
Seed:                    27
Number of variables:     7
Number of constraints:   7

Norm of primal sol:      3.21e+00
Norm of dual sol:        1.00e+01
Norm of dual slacks:     5.00e+00

Norm of vector b:        2.00e+00
Norm of vector c:        1.22e+01

Norm of matrix A:        1.00e+00
Condition number:        4.00e+00

----------------------- Linear optimization problem -----------------------
Coeff matrix A:          [[+0.610 -0.107 -0.102 -0.111 -0.128 -0.190 -0.109]
                          [-0.107 +0.592 -0.093 -0.079 -0.096 -0.098 +0.050]
                          [-0.102 -0.093 +0.549 -0.045 +0.032 +0.133 +0.088]
                          [-0.111 -0.079 -0.045 +0.792 -0.121 +0.073 +0.080]
                          [-0.128 -0.096 +0.032 -0.121 +0.601 +0.048 -0.091]
                          [-0.190 -0.098 +0.133 +0.073 +0.048 +0.597 -0.004]
                          [-0.109 +0.050 +0.088 +0.080 -0.091 -0.004 +0.633]]

RHS vector b:            [-0.531 +0.337 +0.744 +1.020 -0.028 +0.957 +1.045]
Obj vector c:            [-3.875 +3.124 +3.776 +6.101 +3.020 +5.497 +5.830]

---------------------------- Optimal solution -----------------------------
Primal variables:         [+0.679 +1.299 +1.173 +1.384 +0.611 +1.562 +1.424]
Dual slacks:              [+1.059 +2.026 +1.829 +2.158 +0.953 +2.436 +2.221]
Dual variables:           [-3.611 +3.008 +2.029 +4.811 +4.453 +3.101 +4.604]

Optimal objective:       +3.30351110e+01
===========================================================================

[F[K 
----------------- Linear system Information -----------------
Norm of RHS vector:      2.00e+00
Norm of matrix:          1.00e+00
Condition number:        4.00e+00

Minimum eigenvalue:      +2.50e-01

RHS vector transpose:    [-0.531 +0.337 +0.744 +1.020 -0.028 +0.957 +1.045]

Coffcient matrix:        [[+0.610 -0.107 -0.102 -0.111 -0.128 -0.190 -0.109]
                          [-0.107 +0.592 -0.093 -0.079 -0.096 -0.098 +0.050]
                          [-0.102 -0.093 +0.549 -0.045 +0.032 +0.133 +0.088]
                          [-0.111 -0.079 -0.045 +0.792 -0.121 +0.073 +0.080]
                          [-0.128 -0.096 +0.032 -0.121 +0.601 +0.048 -0.091]
                          [-0.190 -0.098 +0.133 +0.073 +0.048 +0.597 -0.004]
                          [-0.109 +0.050 +0.088 +0.080 -0.091 -0.004 +0.633]]

------------- Modified linear system Information ------------
Norm of RHS vector:      1.00e+00
Norm of matrix:          5.00e-01
Condition number:        4.00e+00

Norm of difference:      2.72e+00
Norm of residual:        9.51e-01

------------------- Parameters of the QLSA ------------------
HHL method:              2
num_qubits:              8
Is simulator:            True

-------------------- Results of the QLSA --------------------
Quantum solution:        [-0.794 -0.122 +0.295 +1.483 -0.473 +0.611 +0.819]
Exact solution:          [+0.679 +1.299 +1.173 +1.384 +0.611 +1.562 +1.424]

Norm of difference:      2.72e+00
Norm of residual:        9.51e-01
Is sign changed:         True
Time (s):                1.89e+01
=============================================================
