
--------------- Linear optimization problem characteristics ---------------
Seed:                    97
Number of variables:     10
Number of constraints:   10

Norm of primal sol:      2.94e+00
Norm of dual sol:        1.00e+01
Norm of dual slacks:     5.00e+00

Norm of vector b:        2.00e+00
Norm of vector c:        4.19e+00

Norm of matrix A:        1.00e+00
Condition number:        4.00e+00

----------------------- Linear optimization problem -----------------------
Coeff matrix A:          [[+0.622 +0.042 -0.015 +0.060 -0.035 +0.203 -0.151 -0.000 -0.051 +0.177]
                          [+0.042 +0.630 +0.065 +0.139 -0.042 -0.020 -0.036 +0.010 +0.005 +0.048]
                          [-0.015 +0.065 +0.754 +0.045 -0.101 +0.051 -0.110 +0.019 +0.077 -0.096]
                          [+0.060 +0.139 +0.045 +0.610 +0.004 +0.040 +0.051 -0.030 -0.057 -0.015]
                          [-0.035 -0.042 -0.101 +0.004 +0.653 +0.106 +0.035 +0.080 +0.039 -0.080]
                          [+0.203 -0.020 +0.051 +0.040 +0.106 +0.624 -0.115 +0.020 +0.009 -0.038]
                          [-0.151 -0.036 -0.110 +0.051 +0.035 -0.115 +0.503 +0.133 +0.057 -0.001]
                          [-0.000 +0.010 +0.019 -0.030 +0.080 +0.020 +0.133 +0.612 -0.072 +0.004]
                          [-0.051 +0.005 +0.077 -0.057 +0.039 +0.009 +0.057 -0.072 +0.677 -0.115]
                          [+0.177 +0.048 -0.096 -0.015 -0.080 -0.038 -0.001 +0.004 -0.115 +0.565]]

RHS vector b:            [+0.696 +0.916 +0.314 +0.547 +0.699 +0.478 +0.578 +1.045 +0.136 +0.340]
Obj vector c:            [-0.088 +1.486 +0.566 +2.681 -1.060 -1.870 +1.030 -1.397 -0.216 -0.434]

---------------------------- Optimal solution -----------------------------
Primal variables:         [+1.148 +1.330 +0.613 +0.390 +1.058 +0.410 +1.339 +1.274 +0.281 +0.473]
Dual slacks:              [+1.954 +2.266 +1.044 +0.665 +1.801 +0.698 +2.280 +2.170 +0.478 +0.806]
Dual variables:           [-3.113 -2.177 -1.692 +4.437 -3.943 -3.303 -3.671 -4.198 -0.918 -2.150]

Optimal objective:       +7.15178717e-01
===========================================================================

[F[K 
----------------- Linear system Information -----------------
Norm of RHS vector:      2.00e+00
Norm of matrix:          1.00e+00
Condition number:        4.00e+00

Minimum eigenvalue:      +2.50e-01

RHS vector transpose:    [+0.696 +0.916 +0.314 +0.547 +0.699 +0.478 +0.578 +1.045 +0.136 +0.340]

Coffcient matrix:        [[+0.622 +0.042 -0.015 +0.060 -0.035 +0.203 -0.151 -0.000 -0.051 +0.177]
                          [+0.042 +0.630 +0.065 +0.139 -0.042 -0.020 -0.036 +0.010 +0.005 +0.048]
                          [-0.015 +0.065 +0.754 +0.045 -0.101 +0.051 -0.110 +0.019 +0.077 -0.096]
                          [+0.060 +0.139 +0.045 +0.610 +0.004 +0.040 +0.051 -0.030 -0.057 -0.015]
                          [-0.035 -0.042 -0.101 +0.004 +0.653 +0.106 +0.035 +0.080 +0.039 -0.080]
                          [+0.203 -0.020 +0.051 +0.040 +0.106 +0.624 -0.115 +0.020 +0.009 -0.038]
                          [-0.151 -0.036 -0.110 +0.051 +0.035 -0.115 +0.503 +0.133 +0.057 -0.001]
                          [-0.000 +0.010 +0.019 -0.030 +0.080 +0.020 +0.133 +0.612 -0.072 +0.004]
                          [-0.051 +0.005 +0.077 -0.057 +0.039 +0.009 +0.057 -0.072 +0.677 -0.115]
                          [+0.177 +0.048 -0.096 -0.015 -0.080 -0.038 -0.001 +0.004 -0.115 +0.565]]

------------- Modified linear system Information ------------
Norm of RHS vector:      1.00e+00
Norm of matrix:          5.00e-01
Condition number:        4.00e+00

Norm of difference:      2.57e+00
Norm of residual:        1.74e+00

------------------- Parameters of the QLSA ------------------
HHL method:              2
num_qubits:              10
Is simulator:            True

-------------------- Results of the QLSA --------------------
Quantum solution:        [-0.573 +0.574 +0.216 +1.178 +1.356 +0.323 +0.783 +1.160 -0.217 -0.796]
Exact solution:          [+1.148 +1.330 +0.613 +0.390 +1.058 +0.410 +1.339 +1.274 +0.281 +0.473]

Norm of difference:      2.57e+00
Norm of residual:        1.74e+00
Is sign changed:         False
Time (s):                2.04e+02
=============================================================
