
--------------- Linear optimization problem characteristics ---------------
Seed:                    55
Number of variables:     9
Number of constraints:   9

Norm of primal sol:      2.98e+00
Norm of dual sol:        1.00e+01
Norm of dual slacks:     5.00e+00

Norm of vector b:        2.00e+00
Norm of vector c:        9.25e+00

Norm of matrix A:        1.00e+00
Condition number:        4.00e+00

----------------------- Linear optimization problem -----------------------
Coeff matrix A:          [[+0.605 -0.104 -0.059 -0.019 -0.043 +0.129 -0.200 +0.031 +0.039]
                          [-0.104 +0.679 -0.108 +0.099 -0.192 +0.037 +0.097 +0.009 -0.013]
                          [-0.059 -0.108 +0.616 +0.058 -0.028 +0.038 +0.053 +0.168 +0.065]
                          [-0.019 +0.099 +0.058 +0.590 -0.051 -0.024 +0.006 -0.104 +0.060]
                          [-0.043 -0.192 -0.028 -0.051 +0.622 -0.004 +0.058 -0.064 +0.150]
                          [+0.129 +0.037 +0.038 -0.024 -0.004 +0.699 -0.111 +0.017 -0.026]
                          [-0.200 +0.097 +0.053 +0.006 +0.058 -0.111 +0.651 +0.054 -0.064]
                          [+0.031 +0.009 +0.168 -0.104 -0.064 +0.017 +0.054 +0.561 -0.047]
                          [+0.039 -0.013 +0.065 +0.060 +0.150 -0.026 -0.064 -0.047 +0.602]]

RHS vector b:            [-0.448 +1.185 +0.498 +0.462 +0.341 +0.311 +1.276 +0.198 +0.228]
Obj vector c:            [+1.952 -0.449 +4.292 -2.888 +3.213 +3.084 +4.446 +3.887 +0.015]

---------------------------- Optimal solution -----------------------------
Primal variables:         [+0.180 +1.881 +0.937 +0.469 +1.028 +0.553 +1.670 +0.080 +0.210]
Dual slacks:              [+0.303 +3.158 +1.573 +0.788 +1.726 +0.928 +2.804 +0.134 +0.352]
Dual variables:           [+2.547 -4.277 +2.629 -4.681 +1.128 +3.039 +3.801 +4.630 -0.031]

Optimal objective:       +1.49156334e+01
===========================================================================

[F[K 
----------------- Linear system Information -----------------
Norm of RHS vector:      2.00e+00
Norm of matrix:          1.00e+00
Condition number:        4.00e+00

Minimum eigenvalue:      +2.50e-01

RHS vector transpose:    [-0.448 +1.185 +0.498 +0.462 +0.341 +0.311 +1.276 +0.198 +0.228]

Coffcient matrix:        [[+0.605 -0.104 -0.059 -0.019 -0.043 +0.129 -0.200 +0.031 +0.039]
                          [-0.104 +0.679 -0.108 +0.099 -0.192 +0.037 +0.097 +0.009 -0.013]
                          [-0.059 -0.108 +0.616 +0.058 -0.028 +0.038 +0.053 +0.168 +0.065]
                          [-0.019 +0.099 +0.058 +0.590 -0.051 -0.024 +0.006 -0.104 +0.060]
                          [-0.043 -0.192 -0.028 -0.051 +0.622 -0.004 +0.058 -0.064 +0.150]
                          [+0.129 +0.037 +0.038 -0.024 -0.004 +0.699 -0.111 +0.017 -0.026]
                          [-0.200 +0.097 +0.053 +0.006 +0.058 -0.111 +0.651 +0.054 -0.064]
                          [+0.031 +0.009 +0.168 -0.104 -0.064 +0.017 +0.054 +0.561 -0.047]
                          [+0.039 -0.013 +0.065 +0.060 +0.150 -0.026 -0.064 -0.047 +0.602]]

------------- Modified linear system Information ------------
Norm of RHS vector:      1.00e+00
Norm of matrix:          5.00e-01
Condition number:        4.00e+00

Norm of difference:      2.72e+00
Norm of residual:        1.58e+00

------------------- Parameters of the QLSA ------------------
HHL method:              2
num_qubits:              10
Is simulator:            True

-------------------- Results of the QLSA --------------------
Quantum solution:        [-1.169 +0.930 -0.005 +0.100 -0.346 -0.450 +1.123 +0.187 -0.476]
Exact solution:          [+0.180 +1.881 +0.937 +0.469 +1.028 +0.553 +1.670 +0.080 +0.210]

Norm of difference:      2.72e+00
Norm of residual:        1.58e+00
Is sign changed:         True
Time (s):                2.06e+02
=============================================================
