
--------------- Linear optimization problem characteristics ---------------
Seed:                    55
Number of variables:     8
Number of constraints:   8

Norm of primal sol:      2.52e+00
Norm of dual sol:        1.00e+01
Norm of dual slacks:     5.00e+00

Norm of vector b:        2.00e+00
Norm of vector c:        1.01e+01

Norm of matrix A:        1.00e+00
Condition number:        4.00e+00

----------------------- Linear optimization problem -----------------------
Coeff matrix A:          [[+0.610 -0.119 -0.038 +0.104 -0.005 -0.005 -0.088 -0.080]
                          [-0.119 +0.625 +0.056 +0.115 +0.068 +0.098 +0.097 +0.066]
                          [-0.038 +0.056 +0.423 -0.154 +0.020 -0.048 +0.015 +0.061]
                          [+0.104 +0.115 -0.154 +0.605 +0.041 +0.060 -0.050 -0.012]
                          [-0.005 +0.068 +0.020 +0.041 +0.727 -0.056 -0.030 +0.074]
                          [-0.005 +0.098 -0.048 +0.060 -0.056 +0.780 -0.071 +0.217]
                          [-0.088 +0.097 +0.015 -0.050 -0.030 -0.071 +0.680 +0.117]
                          [-0.080 +0.066 +0.061 -0.012 +0.074 +0.217 +0.117 +0.550]]

RHS vector b:            [-0.222 +1.314 +0.378 +0.309 +0.708 +0.372 +1.044 +0.506]
Obj vector c:            [-2.499 +5.704 -0.297 +2.697 -1.456 +3.409 +5.882 +2.747]

---------------------------- Optimal solution -----------------------------
Primal variables:         [+0.153 +1.593 +0.793 +0.398 +0.871 +0.468 +1.415 +0.067]
Dual slacks:              [+0.303 +3.166 +1.576 +0.790 +1.730 +0.930 +2.810 +0.134]
Dual variables:           [-3.883 +2.649 -4.447 +2.733 -4.866 +1.173 +3.160 +3.952]

Optimal objective:       +1.83757863e+01
===========================================================================


----------------- Linear system Information -----------------
Norm of RHS vector:      2.00e+00
Norm of matrix:          1.00e+00
Condition number:        4.00e+00

Minimum eigenvalue:      +2.50e-01

RHS vector transpose:    [-0.222 +1.314 +0.378 +0.309 +0.708 +0.372 +1.044 +0.506]

Coffcient matrix:        [[+0.610 -0.119 -0.038 +0.104 -0.005 -0.005 -0.088 -0.080]
                          [-0.119 +0.625 +0.056 +0.115 +0.068 +0.098 +0.097 +0.066]
                          [-0.038 +0.056 +0.423 -0.154 +0.020 -0.048 +0.015 +0.061]
                          [+0.104 +0.115 -0.154 +0.605 +0.041 +0.060 -0.050 -0.012]
                          [-0.005 +0.068 +0.020 +0.041 +0.727 -0.056 -0.030 +0.074]
                          [-0.005 +0.098 -0.048 +0.060 -0.056 +0.780 -0.071 +0.217]
                          [-0.088 +0.097 +0.015 -0.050 -0.030 -0.071 +0.680 +0.117]
                          [-0.080 +0.066 +0.061 -0.012 +0.074 +0.217 +0.117 +0.550]]

------------- Modified linear system Information ------------
Norm of RHS vector:      1.00e+00
Norm of matrix:          5.00e-01
Condition number:        4.00e+00

Norm of difference:      2.02e+00
Norm of residual:        1.21e+00

------------------- Parameters of the QLSA ------------------
HHL method:              2
num_qubits:              8
Is simulator:            True

-------------------- Results of the QLSA --------------------
Quantum solution:        [-0.217 +0.727 -0.158 +1.056 +1.703 +0.247 +0.591 +0.736]
Exact solution:          [+0.153 +1.593 +0.793 +0.398 +0.871 +0.468 +1.415 +0.067]

Norm of difference:      2.02e+00
Norm of residual:        1.21e+00
Is sign changed:         True
Time (s):                1.80e+01
=============================================================
