
--------------- Linear optimization problem characteristics ---------------
Seed:                    94
Number of variables:     10
Number of constraints:   10

Norm of primal sol:      3.14e+00
Norm of dual sol:        1.00e+01
Norm of dual slacks:     5.00e+00

Norm of vector b:        2.00e+00
Norm of vector c:        8.69e+00

Norm of matrix A:        1.00e+00
Condition number:        4.00e+00

----------------------- Linear optimization problem -----------------------
Coeff matrix A:          [[+0.707 -0.058 +0.031 -0.050 +0.044 +0.062 -0.044 +0.139 -0.007 -0.038]
                          [-0.058 +0.688 +0.009 +0.010 +0.083 +0.047 +0.124 -0.072 +0.047 +0.097]
                          [+0.031 +0.009 +0.537 -0.093 -0.038 +0.032 -0.044 -0.259 +0.020 -0.079]
                          [-0.050 +0.010 -0.093 +0.577 -0.037 -0.160 +0.043 +0.000 -0.047 +0.046]
                          [+0.044 +0.083 -0.038 -0.037 +0.531 -0.040 -0.112 +0.006 -0.005 -0.106]
                          [+0.062 +0.047 +0.032 -0.160 -0.040 +0.632 +0.020 -0.029 +0.009 +0.076]
                          [-0.044 +0.124 -0.044 +0.043 -0.112 +0.020 +0.635 +0.081 -0.004 +0.100]
                          [+0.139 -0.072 -0.259 +0.000 +0.006 -0.029 +0.081 +0.599 -0.029 +0.048]
                          [-0.007 +0.047 +0.020 -0.047 -0.005 +0.009 -0.004 -0.029 +0.696 -0.139]
                          [-0.038 +0.097 -0.079 +0.046 -0.106 +0.076 +0.100 +0.048 -0.139 +0.648]]

RHS vector b:            [+0.832 +1.012 +0.485 +0.119 +0.257 +0.532 +0.632 -0.043 +1.067 +0.379]
Obj vector c:            [+6.429 -0.774 +2.555 -0.679 +0.246 +3.331 +0.446 +3.232 -0.845 +2.011]

---------------------------- Optimal solution -----------------------------
Primal variables:         [+1.232 +1.040 +1.181 +0.725 +0.772 +0.672 +0.877 +0.193 +1.669 +0.847]
Dual slacks:              [+1.960 +1.654 +1.880 +1.154 +1.228 +1.069 +1.395 +0.307 +2.655 +1.348]
Dual variables:           [+4.680 -1.992 +2.821 -1.928 -2.039 +2.817 -1.605 +4.901 -4.869 +0.255]

Optimal objective:       +1.33801240e+01
===========================================================================

[F[K 
----------------- Linear system Information -----------------
Norm of RHS vector:      2.00e+00
Norm of matrix:          1.00e+00
Condition number:        4.00e+00

Minimum eigenvalue:      +2.50e-01

RHS vector transpose:    [+0.832 +1.012 +0.485 +0.119 +0.257 +0.532 +0.632 -0.043 +1.067 +0.379]

Coffcient matrix:        [[+0.707 -0.058 +0.031 -0.050 +0.044 +0.062 -0.044 +0.139 -0.007 -0.038]
                          [-0.058 +0.688 +0.009 +0.010 +0.083 +0.047 +0.124 -0.072 +0.047 +0.097]
                          [+0.031 +0.009 +0.537 -0.093 -0.038 +0.032 -0.044 -0.259 +0.020 -0.079]
                          [-0.050 +0.010 -0.093 +0.577 -0.037 -0.160 +0.043 +0.000 -0.047 +0.046]
                          [+0.044 +0.083 -0.038 -0.037 +0.531 -0.040 -0.112 +0.006 -0.005 -0.106]
                          [+0.062 +0.047 +0.032 -0.160 -0.040 +0.632 +0.020 -0.029 +0.009 +0.076]
                          [-0.044 +0.124 -0.044 +0.043 -0.112 +0.020 +0.635 +0.081 -0.004 +0.100]
                          [+0.139 -0.072 -0.259 +0.000 +0.006 -0.029 +0.081 +0.599 -0.029 +0.048]
                          [-0.007 +0.047 +0.020 -0.047 -0.005 +0.009 -0.004 -0.029 +0.696 -0.139]
                          [-0.038 +0.097 -0.079 +0.046 -0.106 +0.076 +0.100 +0.048 -0.139 +0.648]]

------------- Modified linear system Information ------------
Norm of RHS vector:      1.00e+00
Norm of matrix:          5.00e-01
Condition number:        4.00e+00

Norm of difference:      3.31e+00
Norm of residual:        2.20e+00

------------------- Parameters of the QLSA ------------------
HHL method:              2
num_qubits:              10
Is simulator:            True

-------------------- Results of the QLSA --------------------
Quantum solution:        [+0.622 +1.160 -0.831 +0.362 +1.166 -0.986 +0.587 +0.478 +1.077 -0.875]
Exact solution:          [+1.232 +1.040 +1.181 +0.725 +0.772 +0.672 +0.877 +0.193 +1.669 +0.847]

Norm of difference:      3.31e+00
Norm of residual:        2.20e+00
Is sign changed:         False
Time (s):                2.00e+02
=============================================================
