
--------------- Linear optimization problem characteristics ---------------
Seed:                    36
Number of variables:     9
Number of constraints:   9

Norm of primal sol:      2.91e+00
Norm of dual sol:        1.00e+01
Norm of dual slacks:     5.00e+00

Norm of vector b:        2.00e+00
Norm of vector c:        7.09e+00

Norm of matrix A:        1.00e+00
Condition number:        4.00e+00

----------------------- Linear optimization problem -----------------------
Coeff matrix A:          [[+0.605 +0.098 +0.037 +0.134 +0.021 -0.008 +0.007 -0.002 -0.051]
                          [+0.098 +0.674 -0.061 -0.078 +0.026 +0.011 -0.121 -0.084 -0.030]
                          [+0.037 -0.061 +0.398 -0.116 +0.115 -0.042 -0.084 +0.093 -0.046]
                          [+0.134 -0.078 -0.116 +0.627 +0.032 +0.099 +0.192 -0.090 -0.024]
                          [+0.021 +0.026 +0.115 +0.032 +0.700 +0.010 +0.034 +0.158 +0.034]
                          [-0.008 +0.011 -0.042 +0.099 +0.010 +0.656 -0.074 +0.028 -0.044]
                          [+0.007 -0.121 -0.084 +0.192 +0.034 -0.074 +0.627 -0.075 +0.134]
                          [-0.002 -0.084 +0.093 -0.090 +0.158 +0.028 -0.075 +0.735 +0.006]
                          [-0.051 -0.030 -0.046 -0.024 +0.034 -0.044 +0.134 +0.006 +0.602]]

RHS vector b:            [+0.886 +0.611 +0.677 +0.148 +1.291 +0.309 +0.101 +0.564 +0.520]
Obj vector c:            [-0.021 +4.622 +3.753 -1.677 +0.097 -0.385 -3.120 -1.414 +0.335]

---------------------------- Optimal solution -----------------------------
Primal variables:         [+1.202 +0.993 +1.571 +0.236 +1.332 +0.599 +0.308 +0.428 +1.039]
Dual slacks:              [+2.068 +1.708 +2.703 +0.406 +2.292 +1.031 +0.530 +0.736 +1.788]
Dual variables:           [-4.485 +4.291 +3.879 +0.481 -2.907 -2.571 -4.774 -2.628 -1.196]

Optimal objective:       +8.74480847e+00
===========================================================================

[F[K 
----------------- Linear system Information -----------------
Norm of RHS vector:      2.00e+00
Norm of matrix:          1.00e+00
Condition number:        4.00e+00

Minimum eigenvalue:      +2.50e-01

RHS vector transpose:    [+0.886 +0.611 +0.677 +0.148 +1.291 +0.309 +0.101 +0.564 +0.520]

Coffcient matrix:        [[+0.605 +0.098 +0.037 +0.134 +0.021 -0.008 +0.007 -0.002 -0.051]
                          [+0.098 +0.674 -0.061 -0.078 +0.026 +0.011 -0.121 -0.084 -0.030]
                          [+0.037 -0.061 +0.398 -0.116 +0.115 -0.042 -0.084 +0.093 -0.046]
                          [+0.134 -0.078 -0.116 +0.627 +0.032 +0.099 +0.192 -0.090 -0.024]
                          [+0.021 +0.026 +0.115 +0.032 +0.700 +0.010 +0.034 +0.158 +0.034]
                          [-0.008 +0.011 -0.042 +0.099 +0.010 +0.656 -0.074 +0.028 -0.044]
                          [+0.007 -0.121 -0.084 +0.192 +0.034 -0.074 +0.627 -0.075 +0.134]
                          [-0.002 -0.084 +0.093 -0.090 +0.158 +0.028 -0.075 +0.735 +0.006]
                          [-0.051 -0.030 -0.046 -0.024 +0.034 -0.044 +0.134 +0.006 +0.602]]

------------- Modified linear system Information ------------
Norm of RHS vector:      1.00e+00
Norm of matrix:          5.00e-01
Condition number:        4.00e+00

Norm of difference:      3.49e+00
Norm of residual:        2.44e+00

------------------- Parameters of the QLSA ------------------
HHL method:              2
num_qubits:              10
Is simulator:            True

-------------------- Results of the QLSA --------------------
Quantum solution:        [+0.023 +0.288 +0.434 -0.552 +0.538 +0.452 -1.293 +0.664 -1.214]
Exact solution:          [+1.202 +0.993 +1.571 +0.236 +1.332 +0.599 +0.308 +0.428 +1.039]

Norm of difference:      3.49e+00
Norm of residual:        2.44e+00
Is sign changed:         False
Time (s):                2.00e+02
=============================================================
