
--------------- Linear optimization problem characteristics ---------------
Seed:                    24
Number of variables:     9
Number of constraints:   9

Norm of primal sol:      2.52e+00
Norm of dual sol:        1.00e+01
Norm of dual slacks:     5.00e+00

Norm of vector b:        2.00e+00
Norm of vector c:        5.54e+00

Norm of matrix A:        1.00e+00
Condition number:        4.00e+00

----------------------- Linear optimization problem -----------------------
Coeff matrix A:          [[+0.670 -0.028 +0.063 +0.057 +0.020 +0.098 +0.089 +0.032 +0.250]
                          [-0.028 +0.614 -0.085 +0.043 +0.040 +0.001 -0.058 -0.066 +0.010]
                          [+0.063 -0.085 +0.508 -0.084 +0.098 +0.087 +0.041 +0.104 -0.004]
                          [+0.057 +0.043 -0.084 +0.624 -0.088 +0.032 -0.090 -0.062 +0.098]
                          [+0.020 +0.040 +0.098 -0.088 +0.565 -0.080 -0.044 -0.112 +0.041]
                          [+0.098 +0.001 +0.087 +0.032 -0.080 +0.735 +0.000 -0.142 -0.033]
                          [+0.089 -0.058 +0.041 -0.090 -0.044 +0.000 +0.727 +0.097 +0.026]
                          [+0.032 -0.066 +0.104 -0.062 -0.112 -0.142 +0.097 +0.608 +0.111]
                          [+0.250 +0.010 -0.004 +0.098 +0.041 -0.033 +0.026 +0.111 +0.574]]

RHS vector b:            [+1.116 +0.324 +0.812 +0.040 +0.239 +0.801 +0.989 +0.285 +0.483]
Obj vector c:            [+1.344 +0.592 +1.955 +2.382 +3.797 +0.967 -1.014 +1.075 +1.213]

---------------------------- Optimal solution -----------------------------
Primal variables:         [+1.174 +0.855 +1.223 +0.269 +0.441 +0.905 +1.218 +0.387 +0.167]
Dual slacks:              [+2.329 +1.697 +2.425 +0.534 +0.876 +1.795 +2.417 +0.767 +0.331]
Dual variables:           [-1.918 -2.967 -2.208 +3.466 +6.615 +0.564 -4.177 +2.840 +1.020]

Optimal objective:       +7.04927668e+00
===========================================================================

[F[K 
----------------- Linear system Information -----------------
Norm of RHS vector:      2.00e+00
Norm of matrix:          1.00e+00
Condition number:        4.00e+00

Minimum eigenvalue:      +2.50e-01

RHS vector transpose:    [+1.116 +0.324 +0.812 +0.040 +0.239 +0.801 +0.989 +0.285 +0.483]

Coffcient matrix:        [[+0.670 -0.028 +0.063 +0.057 +0.020 +0.098 +0.089 +0.032 +0.250]
                          [-0.028 +0.614 -0.085 +0.043 +0.040 +0.001 -0.058 -0.066 +0.010]
                          [+0.063 -0.085 +0.508 -0.084 +0.098 +0.087 +0.041 +0.104 -0.004]
                          [+0.057 +0.043 -0.084 +0.624 -0.088 +0.032 -0.090 -0.062 +0.098]
                          [+0.020 +0.040 +0.098 -0.088 +0.565 -0.080 -0.044 -0.112 +0.041]
                          [+0.098 +0.001 +0.087 +0.032 -0.080 +0.735 +0.000 -0.142 -0.033]
                          [+0.089 -0.058 +0.041 -0.090 -0.044 +0.000 +0.727 +0.097 +0.026]
                          [+0.032 -0.066 +0.104 -0.062 -0.112 -0.142 +0.097 +0.608 +0.111]
                          [+0.250 +0.010 -0.004 +0.098 +0.041 -0.033 +0.026 +0.111 +0.574]]

------------- Modified linear system Information ------------
Norm of RHS vector:      1.00e+00
Norm of matrix:          5.00e-01
Condition number:        4.00e+00

Norm of difference:      3.55e+00
Norm of residual:        2.54e+00

------------------- Parameters of the QLSA ------------------
HHL method:              2
num_qubits:              10
Is simulator:            True

-------------------- Results of the QLSA --------------------
Quantum solution:        [+0.706 -0.444 -0.403 +0.028 -1.001 -0.988 +0.245 +1.364 +0.831]
Exact solution:          [+1.174 +0.855 +1.223 +0.269 +0.441 +0.905 +1.218 +0.387 +0.167]

Norm of difference:      3.55e+00
Norm of residual:        2.54e+00
Is sign changed:         False
Time (s):                2.01e+02
=============================================================
