
--------------- Linear optimization problem characteristics ---------------
Seed:                    34
Number of variables:     5
Number of constraints:   5

Norm of primal sol:      2.53e+00
Norm of dual sol:        1.00e+01
Norm of dual slacks:     5.00e+00

Norm of vector b:        2.00e+00
Norm of vector c:        5.05e+00

Norm of matrix A:        1.00e+00
Condition number:        4.00e+00

----------------------- Linear optimization problem -----------------------
Coeff matrix A:          [[+0.652 -0.009 +0.168 +0.071 +0.135]
                          [-0.009 +0.541 -0.049 +0.131 +0.072]
                          [+0.168 -0.049 +0.535 +0.273 +0.039]
                          [+0.071 +0.131 +0.273 +0.720 -0.096]
                          [+0.135 +0.072 +0.039 -0.096 +0.677]]

RHS vector b:            [+0.201 +1.256 +0.479 +1.467 +0.033]
Obj vector c:            [+3.690 +2.556 -1.930 -1.221 +0.336]

---------------------------- Optimal solution -----------------------------
Primal variables:         [+0.097 +1.956 +0.232 +1.587 +0.035]
Dual slacks:              [+0.191 +3.863 +0.459 +3.134 +0.069]
Dual variables:           [+7.270 -1.224 -4.115 -5.167 -1.420]

Optimal objective:       +2.98052816e+00
===========================================================================

[F[K 
----------------- Linear system Information -----------------
Norm of RHS vector:      2.00e+00
Norm of matrix:          1.00e+00
Condition number:        4.00e+00

Minimum eigenvalue:      +2.50e-01

RHS vector transpose:    [+0.201 +1.256 +0.479 +1.467 +0.033]

Coffcient matrix:        [[+0.652 -0.009 +0.168 +0.071 +0.135]
                          [-0.009 +0.541 -0.049 +0.131 +0.072]
                          [+0.168 -0.049 +0.535 +0.273 +0.039]
                          [+0.071 +0.131 +0.273 +0.720 -0.096]
                          [+0.135 +0.072 +0.039 -0.096 +0.677]]

------------- Modified linear system Information ------------
Norm of RHS vector:      1.00e+00
Norm of matrix:          5.00e-01
Condition number:        4.00e+00

Norm of difference:      2.64e+00
Norm of residual:        2.49e+00

------------------- Parameters of the QLSA ------------------
HHL method:              2
num_qubits:              8
Is simulator:            True

-------------------- Results of the QLSA --------------------
Quantum solution:        [-0.783 +2.549 -1.527 -0.043 +0.325]
Exact solution:          [+0.097 +1.956 +0.232 +1.587 +0.035]

Norm of difference:      2.64e+00
Norm of residual:        2.49e+00
Is sign changed:         True
Time (s):                1.81e+01
=============================================================
