
--------------- Linear optimization problem characteristics ---------------
Seed:                    57
Number of variables:     7
Number of constraints:   7

Norm of primal sol:      3.38e+00
Norm of dual sol:        1.00e+01
Norm of dual slacks:     5.00e+00

Norm of vector b:        2.00e+00
Norm of vector c:        8.74e+00

Norm of matrix A:        1.00e+00
Condition number:        4.00e+00

----------------------- Linear optimization problem -----------------------
Coeff matrix A:          [[+0.773 +0.065 +0.003 +0.068 +0.081 +0.142 -0.161]
                          [+0.065 +0.814 +0.023 -0.133 -0.009 -0.132 -0.124]
                          [+0.003 +0.023 +0.572 -0.083 +0.136 +0.097 -0.055]
                          [+0.068 -0.133 -0.083 +0.574 +0.022 -0.073 -0.058]
                          [+0.081 -0.009 +0.136 +0.022 +0.502 -0.024 -0.010]
                          [+0.142 -0.132 +0.097 -0.073 -0.024 +0.485 +0.095]
                          [-0.161 -0.124 -0.055 -0.058 -0.010 +0.095 +0.656]]

RHS vector b:            [+0.262 -0.043 +0.802 +0.122 +0.883 +0.872 +1.316]
Obj vector c:            [+4.480 +2.239 +2.119 -1.559 +5.173 +2.706 +3.210]

---------------------------- Optimal solution -----------------------------
Primal variables:         [+0.234 +0.617 +1.100 +0.831 +1.514 +1.458 +2.159]
Dual slacks:              [+0.346 +0.912 +1.627 +1.230 +2.241 +2.158 +3.195]
Dual variables:           [+5.710 +0.302 -1.028 -5.847 +5.442 -1.085 +1.122]

Optimal objective:       +2.21723974e+01
===========================================================================

[F[K 
----------------- Linear system Information -----------------
Norm of RHS vector:      2.00e+00
Norm of matrix:          1.00e+00
Condition number:        4.00e+00

Minimum eigenvalue:      +2.50e-01

RHS vector transpose:    [+0.262 -0.043 +0.802 +0.122 +0.883 +0.872 +1.316]

Coffcient matrix:        [[+0.773 +0.065 +0.003 +0.068 +0.081 +0.142 -0.161]
                          [+0.065 +0.814 +0.023 -0.133 -0.009 -0.132 -0.124]
                          [+0.003 +0.023 +0.572 -0.083 +0.136 +0.097 -0.055]
                          [+0.068 -0.133 -0.083 +0.574 +0.022 -0.073 -0.058]
                          [+0.081 -0.009 +0.136 +0.022 +0.502 -0.024 -0.010]
                          [+0.142 -0.132 +0.097 -0.073 -0.024 +0.485 +0.095]
                          [-0.161 -0.124 -0.055 -0.058 -0.010 +0.095 +0.656]]

------------- Modified linear system Information ------------
Norm of RHS vector:      1.00e+00
Norm of matrix:          5.00e-01
Condition number:        4.00e+00

Norm of difference:      3.62e+00
Norm of residual:        2.75e+00

------------------- Parameters of the QLSA ------------------
HHL method:              2
num_qubits:              8
Is simulator:            True

-------------------- Results of the QLSA --------------------
Quantum solution:        [-1.376 +1.500 -0.238 -0.783 +0.793 -0.404 +0.984]
Exact solution:          [+0.234 +0.617 +1.100 +0.831 +1.514 +1.458 +2.159]

Norm of difference:      3.62e+00
Norm of residual:        2.75e+00
Is sign changed:         True
Time (s):                1.79e+01
=============================================================
