
--------------- Linear optimization problem characteristics ---------------
Seed:                    63
Number of variables:     6
Number of constraints:   6

Norm of primal sol:      3.79e+00
Norm of dual sol:        1.00e+01
Norm of dual slacks:     5.00e+00

Norm of vector b:        2.00e+00
Norm of vector c:        5.24e+00

Norm of matrix A:        1.00e+00
Condition number:        4.00e+00

----------------------- Linear optimization problem -----------------------
Coeff matrix A:          [[+0.605 -0.172 -0.076 +0.019 -0.189 +0.195]
                          [-0.172 +0.772 +0.037 -0.066 +0.036 -0.025]
                          [-0.076 +0.037 +0.715 -0.004 -0.116 +0.082]
                          [+0.019 -0.066 -0.004 +0.521 +0.010 -0.167]
                          [-0.189 +0.036 -0.116 +0.010 +0.504 -0.059]
                          [+0.195 -0.025 +0.082 -0.167 -0.059 +0.634]]

RHS vector b:            [+1.284 +0.641 +0.107 +0.661 -0.162 +1.211]
Obj vector c:            [+1.033 +3.428 +2.020 -0.027 -2.201 +2.391]

---------------------------- Optimal solution -----------------------------
Primal variables:         [+2.080 +1.488 +0.181 +1.974 +0.575 +1.878]
Dual slacks:              [+2.748 +1.966 +0.239 +2.608 +0.759 +2.480]
Dual variables:           [-4.381 +0.774 +0.867 -4.926 -7.378 -0.865]

Optimal objective:       +1.07856869e+01
===========================================================================

[F[K 
----------------- Linear system Information -----------------
Norm of RHS vector:      2.00e+00
Norm of matrix:          1.00e+00
Condition number:        4.00e+00

Minimum eigenvalue:      +2.50e-01

RHS vector transpose:    [+1.284 +0.641 +0.107 +0.661 -0.162 +1.211]

Coffcient matrix:        [[+0.605 -0.172 -0.076 +0.019 -0.189 +0.195]
                          [-0.172 +0.772 +0.037 -0.066 +0.036 -0.025]
                          [-0.076 +0.037 +0.715 -0.004 -0.116 +0.082]
                          [+0.019 -0.066 -0.004 +0.521 +0.010 -0.167]
                          [-0.189 +0.036 -0.116 +0.010 +0.504 -0.059]
                          [+0.195 -0.025 +0.082 -0.167 -0.059 +0.634]]

------------- Modified linear system Information ------------
Norm of RHS vector:      1.00e+00
Norm of matrix:          5.00e-01
Condition number:        4.00e+00

Norm of difference:      2.58e+00
Norm of residual:        1.08e+00

------------------- Parameters of the QLSA ------------------
HHL method:              2
num_qubits:              8
Is simulator:            True

-------------------- Results of the QLSA --------------------
Quantum solution:        [+1.906 +1.505 -0.309 +0.634 -1.320 +0.870]
Exact solution:          [+2.080 +1.488 +0.181 +1.974 +0.575 +1.878]

Norm of difference:      2.58e+00
Norm of residual:        1.08e+00
Is sign changed:         True
Time (s):                1.87e+01
=============================================================
