
--------------- Linear optimization problem characteristics ---------------
Seed:                    3
Number of variables:     8
Number of constraints:   8

Norm of primal sol:      3.02e+00
Norm of dual sol:        1.00e+01
Norm of dual slacks:     5.00e+00

Norm of vector b:        2.00e+00
Norm of vector c:        6.67e+00

Norm of matrix A:        1.00e+00
Condition number:        4.00e+00

----------------------- Linear optimization problem -----------------------
Coeff matrix A:          [[+0.577 -0.032 +0.063 -0.169 -0.052 -0.015 +0.008 +0.020]
                          [-0.032 +0.745 +0.077 -0.101 -0.013 +0.034 +0.068 +0.076]
                          [+0.063 +0.077 +0.525 -0.111 +0.091 +0.019 -0.049 -0.175]
                          [-0.169 -0.101 -0.111 +0.505 +0.119 +0.079 -0.193 +0.026]
                          [-0.052 -0.013 +0.091 +0.119 +0.579 +0.044 -0.034 -0.137]
                          [-0.015 +0.034 +0.019 +0.079 +0.044 +0.652 -0.091 +0.061]
                          [+0.008 +0.068 -0.049 -0.193 -0.034 -0.091 +0.716 +0.039]
                          [+0.020 +0.076 -0.175 +0.026 -0.137 +0.061 +0.039 +0.701]]

RHS vector b:            [+0.310 +0.945 +0.435 +0.397 +1.034 +1.240 -0.133 +0.198]
Obj vector c:            [-2.178 +1.397 -3.085 +2.622 +3.134 +0.549 +2.674 +2.039]

---------------------------- Optimal solution -----------------------------
Primal variables:         [+0.994 +1.277 +0.525 +0.921 +1.611 +1.617 +0.227 +0.374]
Dual slacks:              [+1.643 +2.112 +0.868 +1.524 +2.664 +2.673 +0.375 +0.618]
Dual variables:           [-6.114 -0.807 -6.408 -0.588 +2.033 -3.019 +2.403 +1.239]

Optimal objective:       +7.72150270e+00
===========================================================================


----------------- Linear system Information -----------------
Norm of RHS vector:      2.00e+00
Norm of matrix:          1.00e+00
Condition number:        4.00e+00

Minimum eigenvalue:      +2.50e-01

RHS vector transpose:    [+0.310 +0.945 +0.435 +0.397 +1.034 +1.240 -0.133 +0.198]

Coffcient matrix:        [[+0.577 -0.032 +0.063 -0.169 -0.052 -0.015 +0.008 +0.020]
                          [-0.032 +0.745 +0.077 -0.101 -0.013 +0.034 +0.068 +0.076]
                          [+0.063 +0.077 +0.525 -0.111 +0.091 +0.019 -0.049 -0.175]
                          [-0.169 -0.101 -0.111 +0.505 +0.119 +0.079 -0.193 +0.026]
                          [-0.052 -0.013 +0.091 +0.119 +0.579 +0.044 -0.034 -0.137]
                          [-0.015 +0.034 +0.019 +0.079 +0.044 +0.652 -0.091 +0.061]
                          [+0.008 +0.068 -0.049 -0.193 -0.034 -0.091 +0.716 +0.039]
                          [+0.020 +0.076 -0.175 +0.026 -0.137 +0.061 +0.039 +0.701]]

------------- Modified linear system Information ------------
Norm of RHS vector:      1.00e+00
Norm of matrix:          5.00e-01
Condition number:        4.00e+00

Norm of difference:      3.23e+00
Norm of residual:        1.67e+00

------------------- Parameters of the QLSA ------------------
HHL method:              2
num_qubits:              8
Is simulator:            True

-------------------- Results of the QLSA --------------------
Quantum solution:        [-0.182 +2.196 -0.176 -1.322 +1.247 +0.348 -0.699 +0.670]
Exact solution:          [+0.994 +1.277 +0.525 +0.921 +1.611 +1.617 +0.227 +0.374]

Norm of difference:      3.23e+00
Norm of residual:        1.67e+00
Is sign changed:         False
Time (s):                1.95e+01
=============================================================
