
--------------- Linear optimization problem characteristics ---------------
Seed:                    13
Number of variables:     7
Number of constraints:   7

Norm of primal sol:      3.34e+00
Norm of dual sol:        1.00e+01
Norm of dual slacks:     5.00e+00

Norm of vector b:        2.00e+00
Norm of vector c:        8.65e+00

Norm of matrix A:        1.00e+00
Condition number:        4.00e+00

----------------------- Linear optimization problem -----------------------
Coeff matrix A:          [[+0.682 +0.130 +0.064 +0.111 -0.132 +0.078 -0.058]
                          [+0.130 +0.621 +0.108 -0.073 +0.045 -0.117 -0.052]
                          [+0.064 +0.108 +0.554 +0.033 -0.090 -0.078 +0.088]
                          [+0.111 -0.073 +0.033 +0.507 -0.128 -0.121 -0.029]
                          [-0.132 +0.045 -0.090 -0.128 +0.650 +0.112 +0.176]
                          [+0.078 -0.117 -0.078 -0.121 +0.112 +0.712 -0.100]
                          [-0.058 -0.052 +0.088 -0.029 +0.176 -0.100 +0.648]]

RHS vector b:            [+1.017 +0.387 +0.849 +0.668 +0.860 +0.382 +0.873]
Obj vector c:            [+3.649 +3.025 +4.751 +0.841 +1.227 -2.702 +4.496]

---------------------------- Optimal solution -----------------------------
Primal variables:         [+1.335 +0.408 +1.415 +1.658 +1.669 +0.778 +1.045]
Dual slacks:              [+1.996 +0.610 +2.115 +2.478 +2.496 +1.164 +1.563]
Dual variables:           [+3.237 +1.664 +2.608 -5.463 -2.368 -5.187 +4.195]

Optimal objective:       +1.88658286e+01
===========================================================================

[F[K 
----------------- Linear system Information -----------------
Norm of RHS vector:      2.00e+00
Norm of matrix:          1.00e+00
Condition number:        4.00e+00

Minimum eigenvalue:      +2.50e-01

RHS vector transpose:    [+1.017 +0.387 +0.849 +0.668 +0.860 +0.382 +0.873]

Coffcient matrix:        [[+0.682 +0.130 +0.064 +0.111 -0.132 +0.078 -0.058]
                          [+0.130 +0.621 +0.108 -0.073 +0.045 -0.117 -0.052]
                          [+0.064 +0.108 +0.554 +0.033 -0.090 -0.078 +0.088]
                          [+0.111 -0.073 +0.033 +0.507 -0.128 -0.121 -0.029]
                          [-0.132 +0.045 -0.090 -0.128 +0.650 +0.112 +0.176]
                          [+0.078 -0.117 -0.078 -0.121 +0.112 +0.712 -0.100]
                          [-0.058 -0.052 +0.088 -0.029 +0.176 -0.100 +0.648]]

------------- Modified linear system Information ------------
Norm of RHS vector:      1.00e+00
Norm of matrix:          5.00e-01
Condition number:        4.00e+00

Norm of difference:      4.38e+00
Norm of residual:        2.76e+00

------------------- Parameters of the QLSA ------------------
HHL method:              2
num_qubits:              8
Is simulator:            True

-------------------- Results of the QLSA --------------------
Quantum solution:        [-0.210 +1.972 +0.873 -0.656 +0.681 +0.767 -1.731]
Exact solution:          [+1.335 +0.408 +1.415 +1.658 +1.669 +0.778 +1.045]

Norm of difference:      4.38e+00
Norm of residual:        2.76e+00
Is sign changed:         False
Time (s):                1.81e+01
=============================================================
