
--------------- Linear optimization problem characteristics ---------------
Seed:                    12
Number of variables:     10
Number of constraints:   10

Norm of primal sol:      3.40e+00
Norm of dual sol:        1.00e+01
Norm of dual slacks:     5.00e+00

Norm of vector b:        2.00e+00
Norm of vector c:        9.20e+00

Norm of matrix A:        1.00e+00
Condition number:        4.00e+00

----------------------- Linear optimization problem -----------------------
Coeff matrix A:          [[+0.746 +0.124 +0.119 +0.014 +0.024 +0.044 -0.075 +0.007 +0.018 +0.126]
                          [+0.124 +0.542 +0.020 -0.106 -0.122 -0.094 -0.089 +0.043 -0.131 +0.026]
                          [+0.119 +0.020 +0.748 -0.003 -0.057 +0.102 +0.066 -0.055 -0.051 +0.001]
                          [+0.014 -0.106 -0.003 +0.571 -0.010 -0.007 -0.018 -0.178 -0.060 -0.035]
                          [+0.024 -0.122 -0.057 -0.010 +0.542 +0.012 -0.036 -0.001 +0.005 -0.086]
                          [+0.044 -0.094 +0.102 -0.007 +0.012 +0.607 +0.060 -0.136 +0.124 +0.049]
                          [-0.075 -0.089 +0.066 -0.018 -0.036 +0.060 +0.650 -0.008 -0.085 +0.073]
                          [+0.007 +0.043 -0.055 -0.178 -0.001 -0.136 -0.008 +0.613 +0.082 -0.083]
                          [+0.018 -0.131 -0.051 -0.060 +0.005 +0.124 -0.085 +0.082 +0.634 -0.099]
                          [+0.126 +0.026 +0.001 -0.035 -0.086 +0.049 +0.073 -0.083 -0.099 +0.598]]

RHS vector b:            [+0.459 +0.146 +0.600 +0.250 -0.232 +1.256 +0.905 -0.220 +0.897 +0.208]
Obj vector c:            [-1.173 +2.104 +4.335 +3.507 -3.144 +3.028 +2.791 -0.419 +4.066 -2.035]

---------------------------- Optimal solution -----------------------------
Primal variables:         [+0.279 +1.342 +0.477 +0.968 +0.026 +1.666 +1.633 +0.061 +1.735 +0.249]
Dual slacks:              [+0.411 +1.973 +0.702 +1.423 +0.039 +2.450 +2.401 +0.089 +2.551 +0.366]
Dual variables:           [-2.390 +1.173 +4.912 +3.900 -5.504 +0.235 +0.575 -0.162 +2.965 -3.752]

Optimal objective:       +2.39992510e+01
===========================================================================

[F[K 
----------------- Linear system Information -----------------
Norm of RHS vector:      2.00e+00
Norm of matrix:          1.00e+00
Condition number:        4.00e+00

Minimum eigenvalue:      +2.50e-01

RHS vector transpose:    [+0.459 +0.146 +0.600 +0.250 -0.232 +1.256 +0.905 -0.220 +0.897 +0.208]

Coffcient matrix:        [[+0.746 +0.124 +0.119 +0.014 +0.024 +0.044 -0.075 +0.007 +0.018 +0.126]
                          [+0.124 +0.542 +0.020 -0.106 -0.122 -0.094 -0.089 +0.043 -0.131 +0.026]
                          [+0.119 +0.020 +0.748 -0.003 -0.057 +0.102 +0.066 -0.055 -0.051 +0.001]
                          [+0.014 -0.106 -0.003 +0.571 -0.010 -0.007 -0.018 -0.178 -0.060 -0.035]
                          [+0.024 -0.122 -0.057 -0.010 +0.542 +0.012 -0.036 -0.001 +0.005 -0.086]
                          [+0.044 -0.094 +0.102 -0.007 +0.012 +0.607 +0.060 -0.136 +0.124 +0.049]
                          [-0.075 -0.089 +0.066 -0.018 -0.036 +0.060 +0.650 -0.008 -0.085 +0.073]
                          [+0.007 +0.043 -0.055 -0.178 -0.001 -0.136 -0.008 +0.613 +0.082 -0.083]
                          [+0.018 -0.131 -0.051 -0.060 +0.005 +0.124 -0.085 +0.082 +0.634 -0.099]
                          [+0.126 +0.026 +0.001 -0.035 -0.086 +0.049 +0.073 -0.083 -0.099 +0.598]]

------------- Modified linear system Information ------------
Norm of RHS vector:      1.00e+00
Norm of matrix:          5.00e-01
Condition number:        4.00e+00

Norm of difference:      3.40e+00
Norm of residual:        2.26e+00

------------------- Parameters of the QLSA ------------------
HHL method:              2
num_qubits:              10
Is simulator:            True

-------------------- Results of the QLSA --------------------
Quantum solution:        [-0.559 -0.435 +0.675 -0.889 +0.064 +0.570 +0.509 +1.204 +1.545 -0.375]
Exact solution:          [+0.279 +1.342 +0.477 +0.968 +0.026 +1.666 +1.633 +0.061 +1.735 +0.249]

Norm of difference:      3.40e+00
Norm of residual:        2.26e+00
Is sign changed:         False
Time (s):                1.99e+02
=============================================================
