
--------------- Linear optimization problem characteristics ---------------
Seed:                    26
Number of variables:     9
Number of constraints:   9

Norm of primal sol:      3.14e+00
Norm of dual sol:        1.00e+01
Norm of dual slacks:     5.00e+00

Norm of vector b:        2.00e+00
Norm of vector c:        9.97e+00

Norm of matrix A:        1.00e+00
Condition number:        4.00e+00

----------------------- Linear optimization problem -----------------------
Coeff matrix A:          [[+0.624 -0.028 -0.063 -0.135 -0.090 -0.054 -0.033 -0.134 -0.009]
                          [-0.028 +0.483 -0.000 -0.086 -0.084 +0.161 -0.087 +0.029 +0.030]
                          [-0.063 -0.000 +0.752 +0.104 +0.028 -0.002 -0.000 -0.194 +0.028]
                          [-0.135 -0.086 +0.104 +0.638 +0.080 +0.000 +0.030 -0.133 -0.029]
                          [-0.090 -0.084 +0.028 +0.080 +0.603 -0.082 -0.044 +0.040 +0.059]
                          [-0.054 +0.161 -0.002 +0.000 -0.082 +0.754 -0.048 -0.046 -0.067]
                          [-0.033 -0.087 -0.000 +0.030 -0.044 -0.048 +0.524 -0.118 +0.114]
                          [-0.134 +0.029 -0.194 -0.133 +0.040 -0.046 -0.118 +0.564 +0.002]
                          [-0.009 +0.030 +0.028 -0.029 +0.059 -0.067 +0.114 +0.002 +0.681]]

RHS vector b:            [-0.259 +0.251 +1.029 +0.852 +1.004 +0.089 +0.154 -0.007 +1.022]
Obj vector c:            [-1.665 -0.159 +1.641 +0.795 +5.411 -2.502 -0.204 +5.421 +5.316]

---------------------------- Optimal solution -----------------------------
Primal variables:         [+0.538 +0.907 +1.342 +1.378 +1.520 +0.328 +0.471 +0.867 +1.291]
Dual slacks:              [+0.856 +1.444 +2.135 +2.194 +2.420 +0.522 +0.749 +1.379 +2.054]
Dual variables:           [-3.426 -3.597 +0.436 -2.440 +2.931 -2.587 -2.319 +5.194 +4.641]

Optimal objective:       +2.11288135e+01
===========================================================================

[F[K 
----------------- Linear system Information -----------------
Norm of RHS vector:      2.00e+00
Norm of matrix:          1.00e+00
Condition number:        4.00e+00

Minimum eigenvalue:      +2.50e-01

RHS vector transpose:    [-0.259 +0.251 +1.029 +0.852 +1.004 +0.089 +0.154 -0.007 +1.022]

Coffcient matrix:        [[+0.624 -0.028 -0.063 -0.135 -0.090 -0.054 -0.033 -0.134 -0.009]
                          [-0.028 +0.483 -0.000 -0.086 -0.084 +0.161 -0.087 +0.029 +0.030]
                          [-0.063 -0.000 +0.752 +0.104 +0.028 -0.002 -0.000 -0.194 +0.028]
                          [-0.135 -0.086 +0.104 +0.638 +0.080 +0.000 +0.030 -0.133 -0.029]
                          [-0.090 -0.084 +0.028 +0.080 +0.603 -0.082 -0.044 +0.040 +0.059]
                          [-0.054 +0.161 -0.002 +0.000 -0.082 +0.754 -0.048 -0.046 -0.067]
                          [-0.033 -0.087 -0.000 +0.030 -0.044 -0.048 +0.524 -0.118 +0.114]
                          [-0.134 +0.029 -0.194 -0.133 +0.040 -0.046 -0.118 +0.564 +0.002]
                          [-0.009 +0.030 +0.028 -0.029 +0.059 -0.067 +0.114 +0.002 +0.681]]

------------- Modified linear system Information ------------
Norm of RHS vector:      1.00e+00
Norm of matrix:          5.00e-01
Condition number:        4.00e+00

Norm of difference:      4.30e+00
Norm of residual:        2.47e+00

------------------- Parameters of the QLSA ------------------
HHL method:              2
num_qubits:              10
Is simulator:            True

-------------------- Results of the QLSA --------------------
Quantum solution:        [+0.719 +1.379 -0.694 +2.905 -1.730 -0.597 +0.293 +0.316 +1.478]
Exact solution:          [+0.538 +0.907 +1.342 +1.378 +1.520 +0.328 +0.471 +0.867 +1.291]

Norm of difference:      4.30e+00
Norm of residual:        2.47e+00
Is sign changed:         False
Time (s):                2.02e+02
=============================================================
