
--------------- Linear optimization problem characteristics ---------------
Seed:                    39
Number of variables:     6
Number of constraints:   6

Norm of primal sol:      2.66e+00
Norm of dual sol:        1.00e+01
Norm of dual slacks:     5.00e+00

Norm of vector b:        2.00e+00
Norm of vector c:        1.11e+01

Norm of matrix A:        1.00e+00
Condition number:        4.00e+00

----------------------- Linear optimization problem -----------------------
Coeff matrix A:          [[+0.599 -0.047 -0.066 -0.028 -0.100 +0.052]
                          [-0.047 +0.763 +0.273 +0.067 -0.047 +0.014]
                          [-0.066 +0.273 +0.523 +0.092 -0.050 -0.095]
                          [-0.028 +0.067 +0.092 +0.578 -0.007 +0.168]
                          [-0.100 -0.047 -0.050 -0.007 +0.787 +0.099]
                          [+0.052 +0.014 -0.095 +0.168 +0.099 +0.500]]

RHS vector b:            [+0.352 +1.403 +0.957 +0.473 +0.692 +0.538]
Obj vector c:            [+1.116 +3.165 +3.364 +5.079 +6.078 +6.142]

---------------------------- Optimal solution -----------------------------
Primal variables:         [+0.966 +1.409 +1.449 +0.216 +1.063 +0.928]
Dual slacks:              [+1.818 +2.652 +2.727 +0.406 +2.001 +1.747]
Dual variables:           [-0.511 -0.405 +1.881 +6.032 +4.471 +6.298]

Optimal objective:       +2.36740198e+01
===========================================================================

[F[K 
----------------- Linear system Information -----------------
Norm of RHS vector:      2.00e+00
Norm of matrix:          1.00e+00
Condition number:        4.00e+00

Minimum eigenvalue:      +2.50e-01

RHS vector transpose:    [+0.352 +1.403 +0.957 +0.473 +0.692 +0.538]

Coffcient matrix:        [[+0.599 -0.047 -0.066 -0.028 -0.100 +0.052]
                          [-0.047 +0.763 +0.273 +0.067 -0.047 +0.014]
                          [-0.066 +0.273 +0.523 +0.092 -0.050 -0.095]
                          [-0.028 +0.067 +0.092 +0.578 -0.007 +0.168]
                          [-0.100 -0.047 -0.050 -0.007 +0.787 +0.099]
                          [+0.052 +0.014 -0.095 +0.168 +0.099 +0.500]]

------------- Modified linear system Information ------------
Norm of RHS vector:      1.00e+00
Norm of matrix:          5.00e-01
Condition number:        4.00e+00

Norm of difference:      2.89e+00
Norm of residual:        2.23e+00

------------------- Parameters of the QLSA ------------------
HHL method:              2
num_qubits:              8
Is simulator:            True

-------------------- Results of the QLSA --------------------
Quantum solution:        [-0.767 +0.112 -0.067 +0.608 +2.077 +0.504]
Exact solution:          [+0.966 +1.409 +1.449 +0.216 +1.063 +0.928]

Norm of difference:      2.89e+00
Norm of residual:        2.23e+00
Is sign changed:         False
Time (s):                1.81e+01
=============================================================
