
--------------- Linear optimization problem characteristics ---------------
Seed:                    64
Number of variables:     7
Number of constraints:   7

Norm of primal sol:      3.22e+00
Norm of dual sol:        1.00e+01
Norm of dual slacks:     5.00e+00

Norm of vector b:        2.00e+00
Norm of vector c:        7.20e+00

Norm of matrix A:        1.00e+00
Condition number:        4.00e+00

----------------------- Linear optimization problem -----------------------
Coeff matrix A:          [[+0.703 -0.119 -0.044 +0.042 -0.069 -0.145 +0.099]
                          [-0.119 +0.572 -0.076 -0.141 +0.080 +0.102 +0.248]
                          [-0.044 -0.076 +0.700 -0.010 +0.114 -0.067 -0.134]
                          [+0.042 -0.141 -0.010 +0.607 +0.018 +0.008 -0.035]
                          [-0.069 +0.080 +0.114 +0.018 +0.666 -0.061 +0.058]
                          [-0.145 +0.102 -0.067 +0.008 -0.061 +0.570 +0.073]
                          [+0.099 +0.248 -0.134 -0.035 +0.058 +0.073 +0.558]]

RHS vector b:            [+0.392 +0.851 +0.921 +0.547 +1.073 +0.375 +0.826]
Obj vector c:            [-2.284 +1.283 +1.995 +4.731 +2.269 +2.601 -2.578]

---------------------------- Optimal solution -----------------------------
Primal variables:         [+1.021 +1.528 +1.605 +1.212 +1.231 +0.840 +0.844]
Dual slacks:              [+1.587 +2.374 +2.493 +1.883 +1.913 +1.305 +1.312]
Dual variables:           [-4.362 +0.654 -2.207 +4.652 +1.023 +1.745 -7.067]

Optimal objective:       +1.13628733e+01
===========================================================================

[F[K 
----------------- Linear system Information -----------------
Norm of RHS vector:      2.00e+00
Norm of matrix:          1.00e+00
Condition number:        4.00e+00

Minimum eigenvalue:      +2.50e-01

RHS vector transpose:    [+0.392 +0.851 +0.921 +0.547 +1.073 +0.375 +0.826]

Coffcient matrix:        [[+0.703 -0.119 -0.044 +0.042 -0.069 -0.145 +0.099]
                          [-0.119 +0.572 -0.076 -0.141 +0.080 +0.102 +0.248]
                          [-0.044 -0.076 +0.700 -0.010 +0.114 -0.067 -0.134]
                          [+0.042 -0.141 -0.010 +0.607 +0.018 +0.008 -0.035]
                          [-0.069 +0.080 +0.114 +0.018 +0.666 -0.061 +0.058]
                          [-0.145 +0.102 -0.067 +0.008 -0.061 +0.570 +0.073]
                          [+0.099 +0.248 -0.134 -0.035 +0.058 +0.073 +0.558]]

------------- Modified linear system Information ------------
Norm of RHS vector:      1.00e+00
Norm of matrix:          5.00e-01
Condition number:        4.00e+00

Norm of difference:      3.70e-01
Norm of residual:        1.38e-01

------------------- Parameters of the QLSA ------------------
HHL method:              2
num_qubits:              8
Is simulator:            True

-------------------- Results of the QLSA --------------------
Quantum solution:        [+0.882 +1.334 +1.548 +1.070 +1.332 +0.723 +1.025]
Exact solution:          [+1.021 +1.528 +1.605 +1.212 +1.231 +0.840 +0.844]

Norm of difference:      3.70e-01
Norm of residual:        1.38e-01
Is sign changed:         False
Time (s):                1.81e+01
=============================================================
