
--------------- Linear optimization problem characteristics ---------------
Seed:                    92
Number of variables:     9
Number of constraints:   9

Norm of primal sol:      2.93e+00
Norm of dual sol:        1.00e+01
Norm of dual slacks:     5.00e+00

Norm of vector b:        2.00e+00
Norm of vector c:        8.24e+00

Norm of matrix A:        1.00e+00
Condition number:        4.00e+00

----------------------- Linear optimization problem -----------------------
Coeff matrix A:          [[+0.608 -0.118 +0.065 +0.012 -0.177 +0.151 +0.038 -0.061 -0.097]
                          [-0.118 +0.654 +0.120 -0.040 -0.108 -0.038 +0.004 -0.034 -0.056]
                          [+0.065 +0.120 +0.624 +0.113 +0.016 -0.049 -0.063 -0.134 -0.014]
                          [+0.012 -0.040 +0.113 +0.490 -0.089 +0.031 -0.057 -0.046 +0.137]
                          [-0.177 -0.108 +0.016 -0.089 +0.662 -0.016 -0.070 +0.133 +0.005]
                          [+0.151 -0.038 -0.049 +0.031 -0.016 +0.684 +0.044 +0.058 -0.040]
                          [+0.038 +0.004 -0.063 -0.057 -0.070 +0.044 +0.602 +0.039 +0.079]
                          [-0.061 -0.034 -0.134 -0.046 +0.133 +0.058 +0.039 +0.580 +0.131]
                          [-0.097 -0.056 -0.014 +0.137 +0.005 -0.040 +0.079 +0.131 +0.723]]

RHS vector b:            [+0.913 +0.617 +0.558 +0.509 -0.415 +1.180 +0.476 +0.407 +0.508]
Obj vector c:            [+4.512 +3.363 +4.572 +0.853 +1.836 +2.019 -0.539 +0.722 +2.519]

---------------------------- Optimal solution -----------------------------
Primal variables:         [+1.473 +1.311 +0.706 +0.796 +0.001 +1.424 +0.587 +0.809 +0.734]
Dual slacks:              [+2.513 +2.237 +1.205 +1.359 +0.001 +2.429 +1.002 +1.381 +1.252]
Dual variables:           [+5.409 +2.685 +4.197 -2.571 +4.134 -0.648 -2.599 -1.192 +3.691]

Optimal objective:       +1.99549005e+01
===========================================================================

[F[K 
----------------- Linear system Information -----------------
Norm of RHS vector:      2.00e+00
Norm of matrix:          1.00e+00
Condition number:        4.00e+00

Minimum eigenvalue:      +2.50e-01

RHS vector transpose:    [+0.913 +0.617 +0.558 +0.509 -0.415 +1.180 +0.476 +0.407 +0.508]

Coffcient matrix:        [[+0.608 -0.118 +0.065 +0.012 -0.177 +0.151 +0.038 -0.061 -0.097]
                          [-0.118 +0.654 +0.120 -0.040 -0.108 -0.038 +0.004 -0.034 -0.056]
                          [+0.065 +0.120 +0.624 +0.113 +0.016 -0.049 -0.063 -0.134 -0.014]
                          [+0.012 -0.040 +0.113 +0.490 -0.089 +0.031 -0.057 -0.046 +0.137]
                          [-0.177 -0.108 +0.016 -0.089 +0.662 -0.016 -0.070 +0.133 +0.005]
                          [+0.151 -0.038 -0.049 +0.031 -0.016 +0.684 +0.044 +0.058 -0.040]
                          [+0.038 +0.004 -0.063 -0.057 -0.070 +0.044 +0.602 +0.039 +0.079]
                          [-0.061 -0.034 -0.134 -0.046 +0.133 +0.058 +0.039 +0.580 +0.131]
                          [-0.097 -0.056 -0.014 +0.137 +0.005 -0.040 +0.079 +0.131 +0.723]]

------------- Modified linear system Information ------------
Norm of RHS vector:      1.00e+00
Norm of matrix:          5.00e-01
Condition number:        4.00e+00

Norm of difference:      2.78e+00
Norm of residual:        1.58e+00

------------------- Parameters of the QLSA ------------------
HHL method:              2
num_qubits:              10
Is simulator:            True

-------------------- Results of the QLSA --------------------
Quantum solution:        [+0.141 -0.237 +0.513 +0.863 -1.366 +0.646 +0.786 +0.142 +1.478]
Exact solution:          [+1.473 +1.311 +0.706 +0.796 +0.001 +1.424 +0.587 +0.809 +0.734]

Norm of difference:      2.78e+00
Norm of residual:        1.58e+00
Is sign changed:         True
Time (s):                1.99e+02
=============================================================
