
--------------- Linear optimization problem characteristics ---------------
Seed:                    99
Number of variables:     6
Number of constraints:   6

Norm of primal sol:      3.69e+00
Norm of dual sol:        1.00e+01
Norm of dual slacks:     5.00e+00

Norm of vector b:        2.00e+00
Norm of vector c:        1.07e+01

Norm of matrix A:        1.00e+00
Condition number:        4.00e+00

----------------------- Linear optimization problem -----------------------
Coeff matrix A:          [[+0.471 -0.041 -0.038 -0.061 +0.093 -0.049]
                          [-0.041 +0.598 -0.127 +0.011 +0.100 -0.085]
                          [-0.038 -0.127 +0.671 +0.033 +0.028 +0.104]
                          [-0.061 +0.011 +0.033 +0.774 -0.103 -0.180]
                          [+0.093 +0.100 +0.028 -0.103 +0.541 -0.244]
                          [-0.049 -0.085 +0.104 -0.180 -0.244 +0.695]]

RHS vector b:            [+0.749 +0.462 +1.322 -0.406 +1.037 +0.487]
Obj vector c:            [+1.633 -1.895 +7.124 -4.525 +3.561 +5.007]

---------------------------- Optimal solution -----------------------------
Primal variables:         [+1.620 +1.176 +1.990 +0.076 +1.948 +1.363]
Dual slacks:              [+2.195 +1.593 +2.695 +0.103 +2.638 +1.847]
Dual variables:           [-2.177 -4.877 +5.278 -5.306 +2.902 +2.655]

Optimal objective:       +2.80107456e+01
===========================================================================

[F[K 
----------------- Linear system Information -----------------
Norm of RHS vector:      2.00e+00
Norm of matrix:          1.00e+00
Condition number:        4.00e+00

Minimum eigenvalue:      +2.50e-01

RHS vector transpose:    [+0.749 +0.462 +1.322 -0.406 +1.037 +0.487]

Coffcient matrix:        [[+0.471 -0.041 -0.038 -0.061 +0.093 -0.049]
                          [-0.041 +0.598 -0.127 +0.011 +0.100 -0.085]
                          [-0.038 -0.127 +0.671 +0.033 +0.028 +0.104]
                          [-0.061 +0.011 +0.033 +0.774 -0.103 -0.180]
                          [+0.093 +0.100 +0.028 -0.103 +0.541 -0.244]
                          [-0.049 -0.085 +0.104 -0.180 -0.244 +0.695]]

------------- Modified linear system Information ------------
Norm of RHS vector:      1.00e+00
Norm of matrix:          5.00e-01
Condition number:        4.00e+00

Norm of difference:      5.33e+00
Norm of residual:        2.15e+00

------------------- Parameters of the QLSA ------------------
HHL method:              2
num_qubits:              8
Is simulator:            True

-------------------- Results of the QLSA --------------------
Quantum solution:        [-2.690 -0.045 +1.524 -1.440 +1.385 -0.988]
Exact solution:          [+1.620 +1.176 +1.990 +0.076 +1.948 +1.363]

Norm of difference:      5.33e+00
Norm of residual:        2.15e+00
Is sign changed:         True
Time (s):                1.85e+01
=============================================================
