
--------------- Linear optimization problem characteristics ---------------
Seed:                    97
Number of variables:     8
Number of constraints:   8

Norm of primal sol:      2.38e+00
Norm of dual sol:        1.00e+01
Norm of dual slacks:     5.00e+00

Norm of vector b:        2.00e+00
Norm of vector c:        4.88e+00

Norm of matrix A:        1.00e+00
Condition number:        4.00e+00

----------------------- Linear optimization problem -----------------------
Coeff matrix A:          [[+0.650 +0.099 +0.044 +0.170 +0.025 +0.101 +0.005 -0.085]
                          [+0.099 +0.509 +0.026 +0.160 -0.002 +0.135 +0.066 -0.018]
                          [+0.044 +0.026 +0.667 +0.129 +0.074 +0.046 +0.070 +0.089]
                          [+0.170 +0.160 +0.129 +0.512 +0.014 -0.028 +0.047 -0.138]
                          [+0.025 -0.002 +0.074 +0.014 +0.758 -0.129 +0.080 -0.027]
                          [+0.101 +0.135 +0.046 -0.028 -0.129 +0.567 -0.039 +0.123]
                          [+0.005 +0.066 +0.070 +0.047 +0.080 -0.039 +0.750 -0.007]
                          [-0.085 -0.018 +0.089 -0.138 -0.027 +0.123 -0.007 +0.587]]

RHS vector b:            [+0.774 +0.815 +0.701 +0.477 +0.741 +0.424 +1.005 +0.528]
Obj vector c:            [-0.397 +0.939 -2.404 -1.848 -0.932 +2.827 -1.892 +1.069]

---------------------------- Optimal solution -----------------------------
Primal variables:         [+0.947 +1.098 +0.506 +0.322 +0.873 +0.338 +1.105 +1.052]
Dual slacks:              [+1.990 +2.307 +1.063 +0.677 +1.833 +0.711 +2.321 +2.209]
Dual variables:           [-3.655 -1.917 -3.560 -2.490 -1.935 +5.074 -4.510 -3.777]

Optimal objective:       -1.97913916e+00
===========================================================================


----------------- Linear system Information -----------------
Norm of RHS vector:      2.00e+00
Norm of matrix:          1.00e+00
Condition number:        4.00e+00

Minimum eigenvalue:      +2.50e-01

RHS vector transpose:    [+0.774 +0.815 +0.701 +0.477 +0.741 +0.424 +1.005 +0.528]

Coffcient matrix:        [[+0.650 +0.099 +0.044 +0.170 +0.025 +0.101 +0.005 -0.085]
                          [+0.099 +0.509 +0.026 +0.160 -0.002 +0.135 +0.066 -0.018]
                          [+0.044 +0.026 +0.667 +0.129 +0.074 +0.046 +0.070 +0.089]
                          [+0.170 +0.160 +0.129 +0.512 +0.014 -0.028 +0.047 -0.138]
                          [+0.025 -0.002 +0.074 +0.014 +0.758 -0.129 +0.080 -0.027]
                          [+0.101 +0.135 +0.046 -0.028 -0.129 +0.567 -0.039 +0.123]
                          [+0.005 +0.066 +0.070 +0.047 +0.080 -0.039 +0.750 -0.007]
                          [-0.085 -0.018 +0.089 -0.138 -0.027 +0.123 -0.007 +0.587]]

------------- Modified linear system Information ------------
Norm of RHS vector:      1.00e+00
Norm of matrix:          5.00e-01
Condition number:        4.00e+00

Norm of difference:      2.82e+00
Norm of residual:        2.41e+00

------------------- Parameters of the QLSA ------------------
HHL method:              2
num_qubits:              8
Is simulator:            True

-------------------- Results of the QLSA --------------------
Quantum solution:        [-0.193 +0.310 -0.708 -1.490 +1.274 +1.232 +0.819 +1.510]
Exact solution:          [+0.947 +1.098 +0.506 +0.322 +0.873 +0.338 +1.105 +1.052]

Norm of difference:      2.82e+00
Norm of residual:        2.41e+00
Is sign changed:         True
Time (s):                1.81e+01
=============================================================
