
--------------- Linear optimization problem characteristics ---------------
Seed:                    23
Number of variables:     6
Number of constraints:   6

Norm of primal sol:      3.01e+00
Norm of dual sol:        1.00e+01
Norm of dual slacks:     5.00e+00

Norm of vector b:        2.00e+00
Norm of vector c:        8.22e+00

Norm of matrix A:        1.00e+00
Condition number:        4.00e+00

----------------------- Linear optimization problem -----------------------
Coeff matrix A:          [[+0.384 +0.068 +0.122 -0.002 +0.107 +0.003]
                          [+0.068 +0.652 -0.074 +0.040 +0.126 +0.045]
                          [+0.122 -0.074 +0.528 -0.196 +0.118 -0.171]
                          [-0.002 +0.040 -0.196 +0.671 +0.018 +0.041]
                          [+0.107 +0.126 +0.118 +0.018 +0.706 -0.047]
                          [+0.003 +0.045 -0.171 +0.041 -0.047 +0.809]]

RHS vector b:            [+0.748 +1.307 +0.492 +0.212 +0.772 +0.922]
Obj vector c:            [-0.666 +1.046 +1.447 -0.155 -4.809 +6.382]

---------------------------- Optimal solution -----------------------------
Primal variables:         [+1.015 +1.857 +1.501 +0.554 +0.434 +1.346]
Dual slacks:              [+1.687 +3.089 +2.497 +0.921 +0.721 +2.238]
Dual variables:           [-4.534 -1.465 +1.608 -1.200 -6.776 +5.230]

Optimal objective:       +9.85668934e+00
===========================================================================

[F[K 
----------------- Linear system Information -----------------
Norm of RHS vector:      2.00e+00
Norm of matrix:          1.00e+00
Condition number:        4.00e+00

Minimum eigenvalue:      +2.50e-01

RHS vector transpose:    [+0.748 +1.307 +0.492 +0.212 +0.772 +0.922]

Coffcient matrix:        [[+0.384 +0.068 +0.122 -0.002 +0.107 +0.003]
                          [+0.068 +0.652 -0.074 +0.040 +0.126 +0.045]
                          [+0.122 -0.074 +0.528 -0.196 +0.118 -0.171]
                          [-0.002 +0.040 -0.196 +0.671 +0.018 +0.041]
                          [+0.107 +0.126 +0.118 +0.018 +0.706 -0.047]
                          [+0.003 +0.045 -0.171 +0.041 -0.047 +0.809]]

------------- Modified linear system Information ------------
Norm of RHS vector:      1.00e+00
Norm of matrix:          5.00e-01
Condition number:        4.00e+00

Norm of difference:      2.19e+00
Norm of residual:        9.99e-01

------------------- Parameters of the QLSA ------------------
HHL method:              2
num_qubits:              8
Is simulator:            True

-------------------- Results of the QLSA --------------------
Quantum solution:        [+0.622 +1.115 +0.199 -0.772 +1.117 +1.767]
Exact solution:          [+1.015 +1.857 +1.501 +0.554 +0.434 +1.346]

Norm of difference:      2.19e+00
Norm of residual:        9.99e-01
Is sign changed:         False
Time (s):                1.83e+01
=============================================================
