
--------------- Linear optimization problem characteristics ---------------
Seed:                    2
Number of variables:     7
Number of constraints:   7

Norm of primal sol:      3.07e+00
Norm of dual sol:        1.00e+01
Norm of dual slacks:     5.00e+00

Norm of vector b:        2.00e+00
Norm of vector c:        8.30e+00

Norm of matrix A:        1.00e+00
Condition number:        4.00e+00

----------------------- Linear optimization problem -----------------------
Coeff matrix A:          [[+0.701 +0.179 +0.069 -0.104 -0.001 -0.016 +0.141]
                          [+0.179 +0.584 +0.043 -0.047 -0.041 +0.104 -0.020]
                          [+0.069 +0.043 +0.493 +0.015 -0.052 -0.084 +0.031]
                          [-0.104 -0.047 +0.015 +0.621 +0.193 +0.044 +0.097]
                          [-0.001 -0.041 -0.052 +0.193 +0.570 -0.187 -0.083]
                          [-0.016 +0.104 -0.084 +0.044 -0.187 +0.811 +0.032]
                          [+0.141 -0.020 +0.031 +0.097 -0.083 +0.032 +0.594]]

RHS vector b:            [+0.995 +0.334 +0.808 +1.060 +0.656 +0.502 +0.662]
Obj vector c:            [+2.701 -2.843 +1.082 +3.345 +4.600 -4.252 +1.400]

---------------------------- Optimal solution -----------------------------
Primal variables:         [+1.330 +0.079 +1.676 +1.328 +1.282 +1.007 +0.624]
Dual slacks:              [+2.169 +0.129 +2.735 +2.166 +2.091 +1.643 +1.018]
Dual variables:           [+2.348 -3.945 -4.591 +2.385 +0.574 -7.195 +0.267]

Optimal objective:       +1.21089883e+01
===========================================================================

[F[K 
----------------- Linear system Information -----------------
Norm of RHS vector:      2.00e+00
Norm of matrix:          1.00e+00
Condition number:        4.00e+00

Minimum eigenvalue:      +2.50e-01

RHS vector transpose:    [+0.995 +0.334 +0.808 +1.060 +0.656 +0.502 +0.662]

Coffcient matrix:        [[+0.701 +0.179 +0.069 -0.104 -0.001 -0.016 +0.141]
                          [+0.179 +0.584 +0.043 -0.047 -0.041 +0.104 -0.020]
                          [+0.069 +0.043 +0.493 +0.015 -0.052 -0.084 +0.031]
                          [-0.104 -0.047 +0.015 +0.621 +0.193 +0.044 +0.097]
                          [-0.001 -0.041 -0.052 +0.193 +0.570 -0.187 -0.083]
                          [-0.016 +0.104 -0.084 +0.044 -0.187 +0.811 +0.032]
                          [+0.141 -0.020 +0.031 +0.097 -0.083 +0.032 +0.594]]

------------- Modified linear system Information ------------
Norm of RHS vector:      1.00e+00
Norm of matrix:          5.00e-01
Condition number:        4.00e+00

Norm of difference:      3.28e+00
Norm of residual:        2.42e+00

------------------- Parameters of the QLSA ------------------
HHL method:              2
num_qubits:              8
Is simulator:            True

-------------------- Results of the QLSA --------------------
Quantum solution:        [+0.686 +0.877 +0.232 -0.329 -0.909 +1.246 +0.535]
Exact solution:          [+1.330 +0.079 +1.676 +1.328 +1.282 +1.007 +0.624]

Norm of difference:      3.28e+00
Norm of residual:        2.42e+00
Is sign changed:         True
Time (s):                2.22e+01
=============================================================
