
--------------- Linear optimization problem characteristics ---------------
Seed:                    33
Number of variables:     8
Number of constraints:   8

Norm of primal sol:      2.79e+00
Norm of dual sol:        1.00e+01
Norm of dual slacks:     5.00e+00

Norm of vector b:        2.00e+00
Norm of vector c:        7.83e+00

Norm of matrix A:        1.00e+00
Condition number:        4.00e+00

----------------------- Linear optimization problem -----------------------
Coeff matrix A:          [[+0.684 -0.022 +0.106 +0.153 +0.020 +0.094 -0.080 -0.058]
                          [-0.022 +0.680 +0.071 +0.176 -0.014 -0.048 +0.052 -0.026]
                          [+0.106 +0.071 +0.627 -0.093 +0.105 +0.112 +0.050 -0.118]
                          [+0.153 +0.176 -0.093 +0.532 +0.038 +0.073 -0.154 +0.058]
                          [+0.020 -0.014 +0.105 +0.038 +0.616 +0.010 -0.136 +0.048]
                          [+0.094 -0.048 +0.112 +0.073 +0.010 +0.616 -0.121 -0.107]
                          [-0.080 +0.052 +0.050 -0.154 -0.136 -0.121 +0.605 -0.086]
                          [-0.058 -0.026 -0.118 +0.058 +0.048 -0.107 -0.086 +0.640]]

RHS vector b:            [+0.417 +0.623 +0.550 +0.596 +1.192 +0.160 -0.427 +1.073]
Obj vector c:            [+2.318 +1.340 +3.443 +0.639 +1.341 +0.127 -1.552 +6.135]

---------------------------- Optimal solution -----------------------------
Primal variables:         [+0.468 +0.847 +0.773 +0.490 +1.638 +0.348 +0.037 +1.794]
Dual slacks:              [+0.837 +1.516 +1.385 +0.877 +2.933 +0.624 +0.066 +3.212]
Dual variables:           [+2.010 -0.149 +5.180 -1.188 -4.684 -1.655 -3.747 +5.382]

Optimal objective:       +1.83821862e+01
===========================================================================


----------------- Linear system Information -----------------
Norm of RHS vector:      2.00e+00
Norm of matrix:          1.00e+00
Condition number:        4.00e+00

Minimum eigenvalue:      +2.50e-01

RHS vector transpose:    [+0.417 +0.623 +0.550 +0.596 +1.192 +0.160 -0.427 +1.073]

Coffcient matrix:        [[+0.684 -0.022 +0.106 +0.153 +0.020 +0.094 -0.080 -0.058]
                          [-0.022 +0.680 +0.071 +0.176 -0.014 -0.048 +0.052 -0.026]
                          [+0.106 +0.071 +0.627 -0.093 +0.105 +0.112 +0.050 -0.118]
                          [+0.153 +0.176 -0.093 +0.532 +0.038 +0.073 -0.154 +0.058]
                          [+0.020 -0.014 +0.105 +0.038 +0.616 +0.010 -0.136 +0.048]
                          [+0.094 -0.048 +0.112 +0.073 +0.010 +0.616 -0.121 -0.107]
                          [-0.080 +0.052 +0.050 -0.154 -0.136 -0.121 +0.605 -0.086]
                          [-0.058 -0.026 -0.118 +0.058 +0.048 -0.107 -0.086 +0.640]]

------------- Modified linear system Information ------------
Norm of RHS vector:      1.00e+00
Norm of matrix:          5.00e-01
Condition number:        4.00e+00

Norm of difference:      3.11e+00
Norm of residual:        1.86e+00

------------------- Parameters of the QLSA ------------------
HHL method:              2
num_qubits:              8
Is simulator:            True

-------------------- Results of the QLSA --------------------
Quantum solution:        [+0.626 -0.315 -0.730 +0.737 +0.791 -0.064 -1.686 +0.339]
Exact solution:          [+0.468 +0.847 +0.773 +0.490 +1.638 +0.348 +0.037 +1.794]

Norm of difference:      3.11e+00
Norm of residual:        1.86e+00
Is sign changed:         False
Time (s):                1.87e+01
=============================================================
