
--------------- Linear optimization problem characteristics ---------------
Seed:                    94
Number of variables:     5
Number of constraints:   5

Norm of primal sol:      2.91e+00
Norm of dual sol:        1.00e+01
Norm of dual slacks:     5.00e+00

Norm of vector b:        2.00e+00
Norm of vector c:        7.21e+00

Norm of matrix A:        1.00e+00
Condition number:        4.00e+00

----------------------- Linear optimization problem -----------------------
Coeff matrix A:          [[+0.480 +0.192 -0.138 +0.103 +0.016]
                          [+0.192 +0.723 -0.115 -0.034 +0.011]
                          [-0.138 -0.115 +0.673 +0.042 +0.226]
                          [+0.103 -0.034 +0.042 +0.572 -0.149]
                          [+0.016 +0.011 +0.226 -0.149 +0.677]]

RHS vector b:            [+0.920 +1.077 +0.914 +0.566 +0.916]
Obj vector c:            [+3.572 +2.563 -1.067 +5.535 -0.920]

---------------------------- Optimal solution -----------------------------
Primal variables:         [+1.586 +1.339 +1.521 +0.934 +0.994]
Dual slacks:              [+2.723 +2.299 +2.611 +1.603 +1.706]
Dual variables:           [-1.729 +0.191 -6.228 +7.628 -0.083]

Optimal objective:       +1.17272273e+01
===========================================================================

[F[K 
----------------- Linear system Information -----------------
Norm of RHS vector:      2.00e+00
Norm of matrix:          1.00e+00
Condition number:        4.00e+00

Minimum eigenvalue:      +2.50e-01

RHS vector transpose:    [+0.920 +1.077 +0.914 +0.566 +0.916]

Coffcient matrix:        [[+0.480 +0.192 -0.138 +0.103 +0.016]
                          [+0.192 +0.723 -0.115 -0.034 +0.011]
                          [-0.138 -0.115 +0.673 +0.042 +0.226]
                          [+0.103 -0.034 +0.042 +0.572 -0.149]
                          [+0.016 +0.011 +0.226 -0.149 +0.677]]

------------- Modified linear system Information ------------
Norm of RHS vector:      1.00e+00
Norm of matrix:          5.00e-01
Condition number:        4.00e+00

Norm of difference:      1.66e+00
Norm of residual:        1.02e+00

------------------- Parameters of the QLSA ------------------
HHL method:              2
num_qubits:              8
Is simulator:            True

-------------------- Results of the QLSA --------------------
Quantum solution:        [+1.686 +1.397 +1.181 -0.690 +1.033]
Exact solution:          [+1.586 +1.339 +1.521 +0.934 +0.994]

Norm of difference:      1.66e+00
Norm of residual:        1.02e+00
Is sign changed:         False
Time (s):                1.82e+01
=============================================================
