
--------------- Linear optimization problem characteristics ---------------
Seed:                    15
Number of variables:     9
Number of constraints:   9

Norm of primal sol:      2.59e+00
Norm of dual sol:        1.00e+01
Norm of dual slacks:     5.00e+00

Norm of vector b:        2.00e+00
Norm of vector c:        8.30e+00

Norm of matrix A:        1.00e+00
Condition number:        4.00e+00

----------------------- Linear optimization problem -----------------------
Coeff matrix A:          [[+0.568 +0.003 +0.046 -0.120 -0.054 +0.112 +0.020 +0.108 -0.015]
                          [+0.003 +0.506 +0.049 +0.120 -0.070 +0.082 -0.069 +0.029 -0.053]
                          [+0.046 +0.049 +0.754 -0.138 +0.021 +0.022 -0.033 +0.080 -0.055]
                          [-0.120 +0.120 -0.138 +0.571 -0.014 +0.106 -0.083 -0.060 +0.025]
                          [-0.054 -0.070 +0.021 -0.014 +0.650 -0.019 -0.091 -0.058 +0.022]
                          [+0.112 +0.082 +0.022 +0.106 -0.019 +0.648 +0.173 +0.135 +0.092]
                          [+0.020 -0.069 -0.033 -0.083 -0.091 +0.173 +0.573 +0.105 -0.103]
                          [+0.108 +0.029 +0.080 -0.060 -0.058 +0.135 +0.105 +0.572 +0.066]
                          [-0.015 -0.053 -0.055 +0.025 +0.022 +0.092 -0.103 +0.066 +0.783]]

RHS vector b:            [+1.128 +0.314 +0.138 +0.281 +0.138 +1.276 +0.507 +0.751 +0.248]
Obj vector c:            [+1.524 +3.386 -1.572 +4.525 +3.624 +3.019 -0.543 -1.553 -2.692]

---------------------------- Optimal solution -----------------------------
Primal variables:         [+1.829 +0.385 +0.117 +0.779 +0.593 +1.142 +0.659 +0.656 +0.241]
Dual slacks:              [+3.535 +0.745 +0.226 +1.506 +1.147 +2.207 +1.274 +1.268 +0.465]
Dual variables:           [-2.542 +4.245 -2.397 +2.213 +3.717 +3.121 -2.942 -3.382 -4.607]

Optimal objective:       +1.10070969e+01
===========================================================================

[F[K 
----------------- Linear system Information -----------------
Norm of RHS vector:      2.00e+00
Norm of matrix:          1.00e+00
Condition number:        4.00e+00

Minimum eigenvalue:      +2.50e-01

RHS vector transpose:    [+1.128 +0.314 +0.138 +0.281 +0.138 +1.276 +0.507 +0.751 +0.248]

Coffcient matrix:        [[+0.568 +0.003 +0.046 -0.120 -0.054 +0.112 +0.020 +0.108 -0.015]
                          [+0.003 +0.506 +0.049 +0.120 -0.070 +0.082 -0.069 +0.029 -0.053]
                          [+0.046 +0.049 +0.754 -0.138 +0.021 +0.022 -0.033 +0.080 -0.055]
                          [-0.120 +0.120 -0.138 +0.571 -0.014 +0.106 -0.083 -0.060 +0.025]
                          [-0.054 -0.070 +0.021 -0.014 +0.650 -0.019 -0.091 -0.058 +0.022]
                          [+0.112 +0.082 +0.022 +0.106 -0.019 +0.648 +0.173 +0.135 +0.092]
                          [+0.020 -0.069 -0.033 -0.083 -0.091 +0.173 +0.573 +0.105 -0.103]
                          [+0.108 +0.029 +0.080 -0.060 -0.058 +0.135 +0.105 +0.572 +0.066]
                          [-0.015 -0.053 -0.055 +0.025 +0.022 +0.092 -0.103 +0.066 +0.783]]

------------- Modified linear system Information ------------
Norm of RHS vector:      1.00e+00
Norm of matrix:          5.00e-01
Condition number:        4.00e+00

Norm of difference:      3.38e+00
Norm of residual:        1.79e+00

------------------- Parameters of the QLSA ------------------
HHL method:              2
num_qubits:              10
Is simulator:            True

-------------------- Results of the QLSA --------------------
Quantum solution:        [-0.412 +0.399 +0.587 -0.067 -1.532 +0.722 +0.391 +1.409 +0.609]
Exact solution:          [+1.829 +0.385 +0.117 +0.779 +0.593 +1.142 +0.659 +0.656 +0.241]

Norm of difference:      3.38e+00
Norm of residual:        1.79e+00
Is sign changed:         False
Time (s):                2.07e+02
=============================================================
