
--------------- Linear optimization problem characteristics ---------------
Seed:                    59
Number of variables:     9
Number of constraints:   9

Norm of primal sol:      2.68e+00
Norm of dual sol:        1.00e+01
Norm of dual slacks:     5.00e+00

Norm of vector b:        2.00e+00
Norm of vector c:        6.27e+00

Norm of matrix A:        1.00e+00
Condition number:        4.00e+00

----------------------- Linear optimization problem -----------------------
Coeff matrix A:          [[+0.695 +0.102 +0.066 -0.026 +0.046 +0.038 +0.054 +0.104 -0.018]
                          [+0.102 +0.590 +0.044 +0.048 +0.035 -0.075 -0.060 +0.107 +0.097]
                          [+0.066 +0.044 +0.567 +0.046 +0.060 +0.068 -0.057 -0.098 +0.023]
                          [-0.026 +0.048 +0.046 +0.625 -0.020 -0.116 +0.024 -0.126 -0.174]
                          [+0.046 +0.035 +0.060 -0.020 +0.646 -0.038 +0.022 -0.167 +0.088]
                          [+0.038 -0.075 +0.068 -0.116 -0.038 +0.564 +0.051 -0.161 +0.169]
                          [+0.054 -0.060 -0.057 +0.024 +0.022 +0.051 +0.598 +0.034 -0.057]
                          [+0.104 +0.107 -0.098 -0.126 -0.167 -0.161 +0.034 +0.644 -0.041]
                          [-0.018 +0.097 +0.023 -0.174 +0.088 +0.169 -0.057 -0.041 +0.697]]

RHS vector b:            [+1.392 +0.500 +0.938 -0.120 +0.662 +0.287 +0.306 +0.406 +0.370]
Obj vector c:            [+3.554 +1.692 +2.732 +0.495 +2.462 -0.745 -2.924 -0.748 +0.596]

---------------------------- Optimal solution -----------------------------
Primal variables:         [+1.571 +0.268 +1.474 +0.143 +0.975 +0.479 +0.436 +0.959 +0.374]
Dual slacks:              [+2.935 +0.501 +2.754 +0.267 +1.822 +0.896 +0.814 +1.791 +0.698]
Dual variables:           [+2.294 +1.972 -1.374 -1.504 -0.769 -4.107 -5.644 -6.101 -0.417]

Optimal objective:       +1.04136346e+01
===========================================================================

[F[K 
----------------- Linear system Information -----------------
Norm of RHS vector:      2.00e+00
Norm of matrix:          1.00e+00
Condition number:        4.00e+00

Minimum eigenvalue:      +2.50e-01

RHS vector transpose:    [+1.392 +0.500 +0.938 -0.120 +0.662 +0.287 +0.306 +0.406 +0.370]

Coffcient matrix:        [[+0.695 +0.102 +0.066 -0.026 +0.046 +0.038 +0.054 +0.104 -0.018]
                          [+0.102 +0.590 +0.044 +0.048 +0.035 -0.075 -0.060 +0.107 +0.097]
                          [+0.066 +0.044 +0.567 +0.046 +0.060 +0.068 -0.057 -0.098 +0.023]
                          [-0.026 +0.048 +0.046 +0.625 -0.020 -0.116 +0.024 -0.126 -0.174]
                          [+0.046 +0.035 +0.060 -0.020 +0.646 -0.038 +0.022 -0.167 +0.088]
                          [+0.038 -0.075 +0.068 -0.116 -0.038 +0.564 +0.051 -0.161 +0.169]
                          [+0.054 -0.060 -0.057 +0.024 +0.022 +0.051 +0.598 +0.034 -0.057]
                          [+0.104 +0.107 -0.098 -0.126 -0.167 -0.161 +0.034 +0.644 -0.041]
                          [-0.018 +0.097 +0.023 -0.174 +0.088 +0.169 -0.057 -0.041 +0.697]]

------------- Modified linear system Information ------------
Norm of RHS vector:      1.00e+00
Norm of matrix:          5.00e-01
Condition number:        4.00e+00

Norm of difference:      2.05e+00
Norm of residual:        1.45e+00

------------------- Parameters of the QLSA ------------------
HHL method:              2
num_qubits:              10
Is simulator:            True

-------------------- Results of the QLSA --------------------
Quantum solution:        [+1.626 +1.131 +0.627 +0.686 +0.695 -0.631 +0.149 +0.241 -0.364]
Exact solution:          [+1.571 +0.268 +1.474 +0.143 +0.975 +0.479 +0.436 +0.959 +0.374]

Norm of difference:      2.05e+00
Norm of residual:        1.45e+00
Is sign changed:         False
Time (s):                2.00e+02
=============================================================
