
--------------- Linear optimization problem characteristics ---------------
Seed:                    98
Number of variables:     9
Number of constraints:   9

Norm of primal sol:      3.16e+00
Norm of dual sol:        1.00e+01
Norm of dual slacks:     5.00e+00

Norm of vector b:        2.00e+00
Norm of vector c:        9.17e+00

Norm of matrix A:        1.00e+00
Condition number:        4.00e+00

----------------------- Linear optimization problem -----------------------
Coeff matrix A:          [[+0.628 +0.065 +0.175 +0.037 -0.033 -0.015 -0.038 +0.034 -0.072]
                          [+0.065 +0.683 -0.062 +0.045 -0.061 +0.000 +0.116 -0.081 -0.064]
                          [+0.175 -0.062 +0.518 -0.073 -0.129 +0.159 +0.022 +0.109 -0.011]
                          [+0.037 +0.045 -0.073 +0.640 -0.046 -0.019 +0.013 -0.140 -0.078]
                          [-0.033 -0.061 -0.129 -0.046 +0.626 +0.023 -0.130 +0.050 +0.081]
                          [-0.015 +0.000 +0.159 -0.019 +0.023 +0.662 +0.018 +0.026 +0.228]
                          [-0.038 +0.116 +0.022 +0.013 -0.130 +0.018 +0.661 +0.076 +0.045]
                          [+0.034 -0.081 +0.109 -0.140 +0.050 +0.026 +0.076 +0.588 +0.003]
                          [-0.072 -0.064 -0.011 -0.078 +0.081 +0.228 +0.045 +0.003 +0.619]]

RHS vector b:            [+1.129 +0.873 +0.412 +0.906 +0.376 +0.436 +0.621 +0.408 +0.299]
Obj vector c:            [-0.902 +1.561 +0.311 +5.549 -0.094 +3.190 +5.274 +0.357 +3.432]

---------------------------- Optimal solution -----------------------------
Primal variables:         [+1.548 +1.199 +0.637 +1.650 +1.053 +0.251 +0.821 +0.834 +0.714]
Dual slacks:              [+2.446 +1.895 +1.006 +2.607 +1.663 +0.397 +1.298 +1.318 +1.127]
Dual variables:           [-4.577 -1.478 -0.999 +4.751 -2.281 +3.713 +5.364 -0.929 +2.161]

Optimal objective:       +1.76131921e+01
===========================================================================

[F[K 
----------------- Linear system Information -----------------
Norm of RHS vector:      2.00e+00
Norm of matrix:          1.00e+00
Condition number:        4.00e+00

Minimum eigenvalue:      +2.50e-01

RHS vector transpose:    [+1.129 +0.873 +0.412 +0.906 +0.376 +0.436 +0.621 +0.408 +0.299]

Coffcient matrix:        [[+0.628 +0.065 +0.175 +0.037 -0.033 -0.015 -0.038 +0.034 -0.072]
                          [+0.065 +0.683 -0.062 +0.045 -0.061 +0.000 +0.116 -0.081 -0.064]
                          [+0.175 -0.062 +0.518 -0.073 -0.129 +0.159 +0.022 +0.109 -0.011]
                          [+0.037 +0.045 -0.073 +0.640 -0.046 -0.019 +0.013 -0.140 -0.078]
                          [-0.033 -0.061 -0.129 -0.046 +0.626 +0.023 -0.130 +0.050 +0.081]
                          [-0.015 +0.000 +0.159 -0.019 +0.023 +0.662 +0.018 +0.026 +0.228]
                          [-0.038 +0.116 +0.022 +0.013 -0.130 +0.018 +0.661 +0.076 +0.045]
                          [+0.034 -0.081 +0.109 -0.140 +0.050 +0.026 +0.076 +0.588 +0.003]
                          [-0.072 -0.064 -0.011 -0.078 +0.081 +0.228 +0.045 +0.003 +0.619]]

------------- Modified linear system Information ------------
Norm of RHS vector:      1.00e+00
Norm of matrix:          5.00e-01
Condition number:        4.00e+00

Norm of difference:      2.86e+00
Norm of residual:        1.61e+00

------------------- Parameters of the QLSA ------------------
HHL method:              2
num_qubits:              10
Is simulator:            True

-------------------- Results of the QLSA --------------------
Quantum solution:        [+2.170 -1.145 +0.074 +1.326 +0.488 -0.495 +1.801 +0.785 +0.918]
Exact solution:          [+1.548 +1.199 +0.637 +1.650 +1.053 +0.251 +0.821 +0.834 +0.714]

Norm of difference:      2.86e+00
Norm of residual:        1.61e+00
Is sign changed:         False
Time (s):                2.01e+02
=============================================================
