
--------------- Linear optimization problem characteristics ---------------
Seed:                    53
Number of variables:     10
Number of constraints:   10

Norm of primal sol:      2.71e+00
Norm of dual sol:        1.00e+01
Norm of dual slacks:     5.00e+00

Norm of vector b:        2.00e+00
Norm of vector c:        7.70e+00

Norm of matrix A:        1.00e+00
Condition number:        4.00e+00

----------------------- Linear optimization problem -----------------------
Coeff matrix A:          [[+0.576 +0.052 +0.062 -0.137 -0.022 +0.173 -0.050 +0.068 -0.219 +0.028]
                          [+0.052 +0.532 +0.107 +0.097 +0.097 +0.071 +0.073 +0.059 +0.043 +0.006]
                          [+0.062 +0.107 +0.587 +0.086 +0.069 -0.071 -0.044 +0.119 -0.048 -0.015]
                          [-0.137 +0.097 +0.086 +0.597 -0.086 -0.094 -0.011 -0.117 -0.054 -0.130]
                          [-0.022 +0.097 +0.069 -0.086 +0.780 -0.000 +0.033 +0.038 +0.047 +0.043]
                          [+0.173 +0.071 -0.071 -0.094 -0.000 +0.587 +0.034 +0.017 -0.015 -0.044]
                          [-0.050 +0.073 -0.044 -0.011 +0.033 +0.034 +0.578 -0.043 +0.060 -0.023]
                          [+0.068 +0.059 +0.119 -0.117 +0.038 +0.017 -0.043 +0.695 +0.018 +0.055]
                          [-0.219 +0.043 -0.048 -0.054 +0.047 -0.015 +0.060 +0.018 +0.648 +0.018]
                          [+0.028 +0.006 -0.015 -0.130 +0.043 -0.044 -0.023 +0.055 +0.018 +0.669]]

RHS vector b:            [+0.706 +0.953 +0.584 -0.037 +0.876 +0.686 +0.769 +0.478 +0.290 +0.328]
Obj vector c:            [-0.433 -0.838 -3.290 +0.415 +0.082 +1.495 +5.340 -3.062 +1.950 +1.853]

---------------------------- Optimal solution -----------------------------
Primal variables:         [+1.305 +0.865 +0.701 +0.543 +0.903 +0.826 +1.276 +0.408 +0.738 +0.536]
Dual slacks:              [+2.405 +1.594 +1.292 +1.001 +1.664 +1.522 +2.351 +0.752 +1.359 +0.988]
Dual variables:           [-4.286 -2.815 -5.305 -1.240 -1.505 +0.665 +4.661 -3.901 -1.088 +1.787]

Optimal objective:       +5.93197741e+00
===========================================================================

[F[K 
----------------- Linear system Information -----------------
Norm of RHS vector:      2.00e+00
Norm of matrix:          1.00e+00
Condition number:        4.00e+00

Minimum eigenvalue:      +2.50e-01

RHS vector transpose:    [+0.706 +0.953 +0.584 -0.037 +0.876 +0.686 +0.769 +0.478 +0.290 +0.328]

Coffcient matrix:        [[+0.576 +0.052 +0.062 -0.137 -0.022 +0.173 -0.050 +0.068 -0.219 +0.028]
                          [+0.052 +0.532 +0.107 +0.097 +0.097 +0.071 +0.073 +0.059 +0.043 +0.006]
                          [+0.062 +0.107 +0.587 +0.086 +0.069 -0.071 -0.044 +0.119 -0.048 -0.015]
                          [-0.137 +0.097 +0.086 +0.597 -0.086 -0.094 -0.011 -0.117 -0.054 -0.130]
                          [-0.022 +0.097 +0.069 -0.086 +0.780 -0.000 +0.033 +0.038 +0.047 +0.043]
                          [+0.173 +0.071 -0.071 -0.094 -0.000 +0.587 +0.034 +0.017 -0.015 -0.044]
                          [-0.050 +0.073 -0.044 -0.011 +0.033 +0.034 +0.578 -0.043 +0.060 -0.023]
                          [+0.068 +0.059 +0.119 -0.117 +0.038 +0.017 -0.043 +0.695 +0.018 +0.055]
                          [-0.219 +0.043 -0.048 -0.054 +0.047 -0.015 +0.060 +0.018 +0.648 +0.018]
                          [+0.028 +0.006 -0.015 -0.130 +0.043 -0.044 -0.023 +0.055 +0.018 +0.669]]

------------- Modified linear system Information ------------
Norm of RHS vector:      1.00e+00
Norm of matrix:          5.00e-01
Condition number:        4.00e+00

Norm of difference:      3.15e+00
Norm of residual:        2.08e+00

------------------- Parameters of the QLSA ------------------
HHL method:              2
num_qubits:              10
Is simulator:            True

-------------------- Results of the QLSA --------------------
Quantum solution:        [+0.270 +0.016 +0.761 -0.567 +1.081 -0.517 -0.641 +1.125 -0.117 +0.874]
Exact solution:          [+1.305 +0.865 +0.701 +0.543 +0.903 +0.826 +1.276 +0.408 +0.738 +0.536]

Norm of difference:      3.15e+00
Norm of residual:        2.08e+00
Is sign changed:         False
Time (s):                1.99e+02
=============================================================
