
--------------- Linear optimization problem characteristics ---------------
Seed:                    8
Number of variables:     6
Number of constraints:   6

Norm of primal sol:      2.98e+00
Norm of dual sol:        1.00e+01
Norm of dual slacks:     5.00e+00

Norm of vector b:        2.00e+00
Norm of vector c:        6.05e+00

Norm of matrix A:        1.00e+00
Condition number:        4.00e+00

----------------------- Linear optimization problem -----------------------
Coeff matrix A:          [[+0.765 -0.014 -0.140 -0.013 +0.070 -0.046]
                          [-0.014 +0.417 +0.002 +0.140 +0.146 -0.024]
                          [-0.140 +0.002 +0.642 +0.126 +0.046 +0.205]
                          [-0.013 +0.140 +0.126 +0.526 -0.054 +0.123]
                          [+0.070 +0.146 +0.046 -0.054 +0.781 -0.040]
                          [-0.046 -0.024 +0.205 +0.123 -0.040 +0.619]]

RHS vector b:            [+0.968 +0.897 +0.924 +0.897 +0.706 +0.318]
Obj vector c:            [-1.098 +0.388 +4.902 +0.260 +2.424 +2.293]

---------------------------- Optimal solution -----------------------------
Primal variables:         [+1.559 +1.729 +1.552 +0.948 +0.416 +0.020]
Dual slacks:              [+2.613 +2.898 +2.601 +1.588 +0.696 +0.034]
Dual variables:           [-4.880 -6.854 +1.592 -1.517 +3.885 +3.045]

Optimal objective:       +7.86528827e+00
===========================================================================

[F[K 
----------------- Linear system Information -----------------
Norm of RHS vector:      2.00e+00
Norm of matrix:          1.00e+00
Condition number:        4.00e+00

Minimum eigenvalue:      +2.50e-01

RHS vector transpose:    [+0.968 +0.897 +0.924 +0.897 +0.706 +0.318]

Coffcient matrix:        [[+0.765 -0.014 -0.140 -0.013 +0.070 -0.046]
                          [-0.014 +0.417 +0.002 +0.140 +0.146 -0.024]
                          [-0.140 +0.002 +0.642 +0.126 +0.046 +0.205]
                          [-0.013 +0.140 +0.126 +0.526 -0.054 +0.123]
                          [+0.070 +0.146 +0.046 -0.054 +0.781 -0.040]
                          [-0.046 -0.024 +0.205 +0.123 -0.040 +0.619]]

------------- Modified linear system Information ------------
Norm of RHS vector:      1.00e+00
Norm of matrix:          5.00e-01
Condition number:        4.00e+00

Norm of difference:      3.35e+00
Norm of residual:        2.18e+00

------------------- Parameters of the QLSA ------------------
HHL method:              2
num_qubits:              8
Is simulator:            True

-------------------- Results of the QLSA --------------------
Quantum solution:        [+2.317 -0.716 +0.471 +0.258 -0.624 +1.406]
Exact solution:          [+1.559 +1.729 +1.552 +0.948 +0.416 +0.020]

Norm of difference:      3.35e+00
Norm of residual:        2.18e+00
Is sign changed:         True
Time (s):                1.81e+01
=============================================================
