
--------------- Linear optimization problem characteristics ---------------
Seed:                    34
Number of variables:     10
Number of constraints:   10

Norm of primal sol:      3.90e+00
Norm of dual sol:        1.00e+01
Norm of dual slacks:     5.00e+00

Norm of vector b:        2.00e+00
Norm of vector c:        1.04e+01

Norm of matrix A:        1.00e+00
Condition number:        4.00e+00

----------------------- Linear optimization problem -----------------------
Coeff matrix A:          [[+0.756 -0.011 -0.053 -0.053 +0.106 -0.089 +0.174 -0.026 -0.001 +0.080]
                          [-0.011 +0.622 +0.022 -0.065 -0.004 -0.109 +0.088 -0.023 +0.152 +0.115]
                          [-0.053 +0.022 +0.765 -0.004 +0.043 +0.058 +0.035 +0.103 -0.026 -0.102]
                          [-0.053 -0.065 -0.004 +0.464 -0.023 +0.000 -0.136 -0.032 +0.067 -0.030]
                          [+0.106 -0.004 +0.043 -0.023 +0.703 +0.126 +0.053 -0.026 +0.037 +0.074]
                          [-0.089 -0.109 +0.058 +0.000 +0.126 +0.659 -0.000 -0.098 -0.093 -0.049]
                          [+0.174 +0.088 +0.035 -0.136 +0.053 -0.000 +0.456 -0.055 -0.046 -0.073]
                          [-0.026 -0.023 +0.103 -0.032 -0.026 -0.098 -0.055 +0.643 +0.013 +0.004]
                          [-0.001 +0.152 -0.026 +0.067 +0.037 -0.093 -0.046 +0.013 +0.568 +0.033]
                          [+0.080 +0.115 -0.102 -0.030 +0.074 -0.049 -0.073 +0.004 +0.033 +0.614]]

RHS vector b:            [+0.003 +1.150 +0.338 +0.445 +0.435 +1.202 +0.342 +0.056 +0.451 +0.637]
Obj vector c:            [-4.679 +2.128 +4.536 +2.831 +1.721 +6.208 -0.079 +3.163 -0.603 -1.389]

---------------------------- Optimal solution -----------------------------
Primal variables:         [+0.098 +1.986 +0.236 +1.611 +0.035 +2.383 +1.086 +0.644 +0.484 +1.056]
Dual slacks:              [+0.126 +2.544 +0.302 +2.064 +0.045 +3.053 +1.391 +0.825 +0.620 +1.353]
Dual variables:           [-4.987 +1.522 +3.786 +1.117 +3.157 +3.346 -2.340 +3.448 -2.229 -3.707]

Optimal objective:       +2.44469476e+01
===========================================================================

[F[K 
----------------- Linear system Information -----------------
Norm of RHS vector:      2.00e+00
Norm of matrix:          1.00e+00
Condition number:        4.00e+00

Minimum eigenvalue:      +2.50e-01

RHS vector transpose:    [+0.003 +1.150 +0.338 +0.445 +0.435 +1.202 +0.342 +0.056 +0.451 +0.637]

Coffcient matrix:        [[+0.756 -0.011 -0.053 -0.053 +0.106 -0.089 +0.174 -0.026 -0.001 +0.080]
                          [-0.011 +0.622 +0.022 -0.065 -0.004 -0.109 +0.088 -0.023 +0.152 +0.115]
                          [-0.053 +0.022 +0.765 -0.004 +0.043 +0.058 +0.035 +0.103 -0.026 -0.102]
                          [-0.053 -0.065 -0.004 +0.464 -0.023 +0.000 -0.136 -0.032 +0.067 -0.030]
                          [+0.106 -0.004 +0.043 -0.023 +0.703 +0.126 +0.053 -0.026 +0.037 +0.074]
                          [-0.089 -0.109 +0.058 +0.000 +0.126 +0.659 -0.000 -0.098 -0.093 -0.049]
                          [+0.174 +0.088 +0.035 -0.136 +0.053 -0.000 +0.456 -0.055 -0.046 -0.073]
                          [-0.026 -0.023 +0.103 -0.032 -0.026 -0.098 -0.055 +0.643 +0.013 +0.004]
                          [-0.001 +0.152 -0.026 +0.067 +0.037 -0.093 -0.046 +0.013 +0.568 +0.033]
                          [+0.080 +0.115 -0.102 -0.030 +0.074 -0.049 -0.073 +0.004 +0.033 +0.614]]

------------- Modified linear system Information ------------
Norm of RHS vector:      1.00e+00
Norm of matrix:          5.00e-01
Condition number:        4.00e+00

Norm of difference:      4.41e+00
Norm of residual:        2.57e+00

------------------- Parameters of the QLSA ------------------
HHL method:              2
num_qubits:              10
Is simulator:            True

-------------------- Results of the QLSA --------------------
Quantum solution:        [+1.118 +0.539 +0.903 -0.320 +1.046 +0.433 +0.499 +0.263 -1.317 -0.843]
Exact solution:          [+0.098 +1.986 +0.236 +1.611 +0.035 +2.383 +1.086 +0.644 +0.484 +1.056]

Norm of difference:      4.41e+00
Norm of residual:        2.57e+00
Is sign changed:         False
Time (s):                2.07e+02
=============================================================
