
--------------- Linear optimization problem characteristics ---------------
Seed:                    47
Number of variables:     5
Number of constraints:   5

Norm of primal sol:      3.14e+00
Norm of dual sol:        1.00e+01
Norm of dual slacks:     5.00e+00

Norm of vector b:        2.00e+00
Norm of vector c:        8.22e+00

Norm of matrix A:        1.00e+00
Condition number:        4.00e+00

----------------------- Linear optimization problem -----------------------
Coeff matrix A:          [[+0.593 +0.193 -0.184 -0.134 -0.110]
                          [+0.193 +0.636 +0.006 -0.065 +0.079]
                          [-0.184 +0.006 +0.537 -0.097 -0.051]
                          [-0.134 -0.065 -0.097 +0.797 +0.176]
                          [-0.110 +0.079 -0.051 +0.176 +0.561]]

RHS vector b:            [-0.008 +1.468 +0.663 +0.552 +1.050]
Obj vector c:            [+5.067 +5.804 +0.243 +2.858 -0.165]

---------------------------- Optimal solution -----------------------------
Primal variables:         [+0.245 +2.105 +1.574 +0.759 +1.528]
Dual slacks:              [+0.390 +3.348 +2.504 +1.208 +2.431]
Dual variables:           [+6.318 +3.070 -1.801 +4.345 -5.343]

Optimal objective:       +1.57574866e+01
===========================================================================

[F[K 
----------------- Linear system Information -----------------
Norm of RHS vector:      2.00e+00
Norm of matrix:          1.00e+00
Condition number:        4.00e+00

Minimum eigenvalue:      +2.50e-01

RHS vector transpose:    [-0.008 +1.468 +0.663 +0.552 +1.050]

Coffcient matrix:        [[+0.593 +0.193 -0.184 -0.134 -0.110]
                          [+0.193 +0.636 +0.006 -0.065 +0.079]
                          [-0.184 +0.006 +0.537 -0.097 -0.051]
                          [-0.134 -0.065 -0.097 +0.797 +0.176]
                          [-0.110 +0.079 -0.051 +0.176 +0.561]]

------------- Modified linear system Information ------------
Norm of RHS vector:      1.00e+00
Norm of matrix:          5.00e-01
Condition number:        4.00e+00

Norm of difference:      2.59e+00
Norm of residual:        1.42e+00

------------------- Parameters of the QLSA ------------------
HHL method:              2
num_qubits:              8
Is simulator:            True

-------------------- Results of the QLSA --------------------
Quantum solution:        [+0.260 +2.044 -0.901 -0.012 +1.595]
Exact solution:          [+0.245 +2.105 +1.574 +0.759 +1.528]

Norm of difference:      2.59e+00
Norm of residual:        1.42e+00
Is sign changed:         True
Time (s):                1.84e+01
=============================================================
