
--------------- Linear optimization problem characteristics ---------------
Seed:                    82
Number of variables:     10
Number of constraints:   10

Norm of primal sol:      2.75e+00
Norm of dual sol:        1.00e+01
Norm of dual slacks:     5.00e+00

Norm of vector b:        2.00e+00
Norm of vector c:        9.91e+00

Norm of matrix A:        1.00e+00
Condition number:        4.00e+00

----------------------- Linear optimization problem -----------------------
Coeff matrix A:          [[+0.601 +0.026 +0.003 +0.089 -0.044 -0.002 +0.153 +0.096 -0.063 -0.072]
                          [+0.026 +0.631 +0.019 -0.039 +0.160 -0.042 +0.100 -0.105 +0.032 +0.103]
                          [+0.003 +0.019 +0.631 -0.019 -0.012 -0.064 -0.001 -0.157 +0.028 -0.006]
                          [+0.089 -0.039 -0.019 +0.705 -0.044 +0.056 +0.010 +0.070 +0.008 -0.034]
                          [-0.044 +0.160 -0.012 -0.044 +0.643 -0.003 +0.143 -0.012 +0.050 +0.060]
                          [-0.002 -0.042 -0.064 +0.056 -0.003 +0.662 -0.016 -0.054 +0.073 +0.145]
                          [+0.153 +0.100 -0.001 +0.010 +0.143 -0.016 +0.655 +0.046 +0.046 -0.020]
                          [+0.096 -0.105 -0.157 +0.070 -0.012 -0.054 +0.046 +0.498 -0.168 -0.082]
                          [-0.063 +0.032 +0.028 +0.008 +0.050 +0.073 +0.046 -0.168 +0.529 -0.124]
                          [-0.072 +0.103 -0.006 -0.034 +0.060 +0.145 -0.020 -0.082 -0.124 +0.694]]

RHS vector b:            [+0.581 +0.606 +0.261 +0.836 +0.663 +0.769 +1.139 +0.359 +0.156 +0.215]
Obj vector c:            [+3.011 +1.109 +2.064 +6.229 -0.463 +3.682 +3.571 +3.466 -1.286 -2.152]

---------------------------- Optimal solution -----------------------------
Primal variables:         [+0.362 +0.842 +0.821 +1.024 +0.629 +1.263 +1.313 +1.096 +0.268 +0.176]
Dual slacks:              [+0.658 +1.528 +1.491 +1.860 +1.143 +2.293 +2.384 +1.990 +0.487 +0.320]
Dual variables:           [+1.295 +1.047 +1.630 +5.504 -1.856 +3.474 +1.925 +0.430 -4.848 -4.623]

Optimal objective:       +2.22186315e+01
===========================================================================

[F[K 
----------------- Linear system Information -----------------
Norm of RHS vector:      2.00e+00
Norm of matrix:          1.00e+00
Condition number:        4.00e+00

Minimum eigenvalue:      +2.50e-01

RHS vector transpose:    [+0.581 +0.606 +0.261 +0.836 +0.663 +0.769 +1.139 +0.359 +0.156 +0.215]

Coffcient matrix:        [[+0.601 +0.026 +0.003 +0.089 -0.044 -0.002 +0.153 +0.096 -0.063 -0.072]
                          [+0.026 +0.631 +0.019 -0.039 +0.160 -0.042 +0.100 -0.105 +0.032 +0.103]
                          [+0.003 +0.019 +0.631 -0.019 -0.012 -0.064 -0.001 -0.157 +0.028 -0.006]
                          [+0.089 -0.039 -0.019 +0.705 -0.044 +0.056 +0.010 +0.070 +0.008 -0.034]
                          [-0.044 +0.160 -0.012 -0.044 +0.643 -0.003 +0.143 -0.012 +0.050 +0.060]
                          [-0.002 -0.042 -0.064 +0.056 -0.003 +0.662 -0.016 -0.054 +0.073 +0.145]
                          [+0.153 +0.100 -0.001 +0.010 +0.143 -0.016 +0.655 +0.046 +0.046 -0.020]
                          [+0.096 -0.105 -0.157 +0.070 -0.012 -0.054 +0.046 +0.498 -0.168 -0.082]
                          [-0.063 +0.032 +0.028 +0.008 +0.050 +0.073 +0.046 -0.168 +0.529 -0.124]
                          [-0.072 +0.103 -0.006 -0.034 +0.060 +0.145 -0.020 -0.082 -0.124 +0.694]]

------------- Modified linear system Information ------------
Norm of RHS vector:      1.00e+00
Norm of matrix:          5.00e-01
Condition number:        4.00e+00

Norm of difference:      2.10e+00
Norm of residual:        1.24e+00

------------------- Parameters of the QLSA ------------------
HHL method:              2
num_qubits:              10
Is simulator:            True

-------------------- Results of the QLSA --------------------
Quantum solution:        [+0.977 +0.646 -0.547 +0.568 +0.765 +0.077 +1.351 +0.656 -0.267 +0.053]
Exact solution:          [+0.362 +0.842 +0.821 +1.024 +0.629 +1.263 +1.313 +1.096 +0.268 +0.176]

Norm of difference:      2.10e+00
Norm of residual:        1.24e+00
Is sign changed:         False
Time (s):                2.01e+02
=============================================================
