
--------------- Linear optimization problem characteristics ---------------
Seed:                    91
Number of variables:     9
Number of constraints:   9

Norm of primal sol:      3.09e+00
Norm of dual sol:        1.00e+01
Norm of dual slacks:     5.00e+00

Norm of vector b:        2.00e+00
Norm of vector c:        7.00e+00

Norm of matrix A:        1.00e+00
Condition number:        4.00e+00

----------------------- Linear optimization problem -----------------------
Coeff matrix A:          [[+0.570 +0.011 -0.151 +0.071 +0.114 +0.005 -0.109 +0.005 -0.026]
                          [+0.011 +0.679 +0.081 +0.028 +0.020 +0.085 -0.139 +0.027 +0.053]
                          [-0.151 +0.081 +0.634 -0.106 -0.162 +0.031 +0.101 -0.029 +0.056]
                          [+0.071 +0.028 -0.106 +0.512 -0.127 -0.076 +0.067 -0.068 -0.086]
                          [+0.114 +0.020 -0.162 -0.127 +0.737 +0.071 -0.018 -0.063 +0.063]
                          [+0.005 +0.085 +0.031 -0.076 +0.071 +0.741 +0.076 +0.029 +0.038]
                          [-0.109 -0.139 +0.101 +0.067 -0.018 +0.076 +0.635 -0.016 -0.143]
                          [+0.005 +0.027 -0.029 -0.068 -0.063 +0.029 -0.016 +0.573 -0.109]
                          [-0.026 +0.053 +0.056 -0.086 +0.063 +0.038 -0.143 -0.109 +0.544]]

RHS vector b:            [+0.057 +0.581 +0.488 -0.256 +0.557 +1.366 +0.570 +0.337 +0.860]
Obj vector c:            [+1.345 +3.152 -0.630 +1.160 +0.842 +4.104 +4.175 +0.231 +0.681]

---------------------------- Optimal solution -----------------------------
Primal variables:         [+0.396 +0.649 +0.585 +0.184 +0.657 +1.431 +1.287 +0.996 +1.869]
Dual slacks:              [+0.641 +1.049 +0.945 +0.298 +1.062 +2.312 +2.080 +1.609 +3.020]
Dual variables:           [+1.223 +4.725 -4.069 -1.511 -1.853 +2.018 +4.006 -4.023 -4.196]

Optimal objective:       +1.57231554e+01
===========================================================================

[F[K 
----------------- Linear system Information -----------------
Norm of RHS vector:      2.00e+00
Norm of matrix:          1.00e+00
Condition number:        4.00e+00

Minimum eigenvalue:      +2.50e-01

RHS vector transpose:    [+0.057 +0.581 +0.488 -0.256 +0.557 +1.366 +0.570 +0.337 +0.860]

Coffcient matrix:        [[+0.570 +0.011 -0.151 +0.071 +0.114 +0.005 -0.109 +0.005 -0.026]
                          [+0.011 +0.679 +0.081 +0.028 +0.020 +0.085 -0.139 +0.027 +0.053]
                          [-0.151 +0.081 +0.634 -0.106 -0.162 +0.031 +0.101 -0.029 +0.056]
                          [+0.071 +0.028 -0.106 +0.512 -0.127 -0.076 +0.067 -0.068 -0.086]
                          [+0.114 +0.020 -0.162 -0.127 +0.737 +0.071 -0.018 -0.063 +0.063]
                          [+0.005 +0.085 +0.031 -0.076 +0.071 +0.741 +0.076 +0.029 +0.038]
                          [-0.109 -0.139 +0.101 +0.067 -0.018 +0.076 +0.635 -0.016 -0.143]
                          [+0.005 +0.027 -0.029 -0.068 -0.063 +0.029 -0.016 +0.573 -0.109]
                          [-0.026 +0.053 +0.056 -0.086 +0.063 +0.038 -0.143 -0.109 +0.544]]

------------- Modified linear system Information ------------
Norm of RHS vector:      1.00e+00
Norm of matrix:          5.00e-01
Condition number:        4.00e+00

Norm of difference:      3.86e+00
Norm of residual:        2.63e+00

------------------- Parameters of the QLSA ------------------
HHL method:              2
num_qubits:              10
Is simulator:            True

-------------------- Results of the QLSA --------------------
Quantum solution:        [-0.347 -0.131 -1.692 +0.683 +0.516 -0.408 +0.842 +3.100 +2.392]
Exact solution:          [+0.396 +0.649 +0.585 +0.184 +0.657 +1.431 +1.287 +0.996 +1.869]

Norm of difference:      3.86e+00
Norm of residual:        2.63e+00
Is sign changed:         True
Time (s):                1.97e+02
=============================================================
