
--------------- Linear optimization problem characteristics ---------------
Seed:                    1
Number of variables:     10
Number of constraints:   10

Norm of primal sol:      3.55e+00
Norm of dual sol:        1.00e+01
Norm of dual slacks:     5.00e+00

Norm of vector b:        2.00e+00
Norm of vector c:        7.64e+00

Norm of matrix A:        1.00e+00
Condition number:        4.00e+00

----------------------- Linear optimization problem -----------------------
Coeff matrix A:          [[+0.640 -0.099 -0.007 +0.108 -0.105 -0.100 -0.023 +0.086 +0.082 -0.133]
                          [-0.099 +0.676 -0.024 -0.062 +0.040 +0.016 +0.057 +0.019 -0.005 -0.138]
                          [-0.007 -0.024 +0.610 +0.080 -0.034 -0.107 +0.068 +0.047 -0.205 +0.101]
                          [+0.108 -0.062 +0.080 +0.498 -0.023 +0.079 -0.016 -0.035 +0.114 -0.049]
                          [-0.105 +0.040 -0.034 -0.023 +0.609 +0.015 -0.044 -0.150 -0.019 +0.038]
                          [-0.100 +0.016 -0.107 +0.079 +0.015 +0.573 -0.084 +0.043 -0.021 -0.102]
                          [-0.023 +0.057 +0.068 -0.016 -0.044 -0.084 +0.590 -0.031 +0.088 +0.020]
                          [+0.086 +0.019 +0.047 -0.035 -0.150 +0.043 -0.031 +0.596 -0.035 +0.031]
                          [+0.082 -0.005 -0.205 +0.114 -0.019 -0.021 +0.088 -0.035 +0.739 -0.016]
                          [-0.133 -0.138 +0.101 -0.049 +0.038 -0.102 +0.020 +0.031 -0.016 +0.718]]

RHS vector b:            [+0.566 +1.120 -0.027 +0.473 +0.063 -0.045 +0.470 +0.670 +1.042 +0.662]
Obj vector c:            [+2.018 +4.649 -1.333 +2.902 -2.582 +2.815 -0.316 +2.470 -0.273 -1.294]

---------------------------- Optimal solution -----------------------------
Primal variables:         [+1.246 +2.152 +0.000 +0.903 +0.438 +0.276 +0.556 +1.032 +1.185 +1.609]
Dual slacks:              [+1.752 +3.027 +0.000 +1.270 +0.617 +0.388 +0.783 +1.452 +1.667 +2.264]
Dual variables:           [-0.930 +2.133 -3.403 +4.354 -5.442 +1.963 -0.952 +0.676 -4.141 -3.476]

Optimal objective:       +1.47473298e+01
===========================================================================

[F[K 
----------------- Linear system Information -----------------
Norm of RHS vector:      2.00e+00
Norm of matrix:          1.00e+00
Condition number:        4.00e+00

Minimum eigenvalue:      +2.50e-01

RHS vector transpose:    [+0.566 +1.120 -0.027 +0.473 +0.063 -0.045 +0.470 +0.670 +1.042 +0.662]

Coffcient matrix:        [[+0.640 -0.099 -0.007 +0.108 -0.105 -0.100 -0.023 +0.086 +0.082 -0.133]
                          [-0.099 +0.676 -0.024 -0.062 +0.040 +0.016 +0.057 +0.019 -0.005 -0.138]
                          [-0.007 -0.024 +0.610 +0.080 -0.034 -0.107 +0.068 +0.047 -0.205 +0.101]
                          [+0.108 -0.062 +0.080 +0.498 -0.023 +0.079 -0.016 -0.035 +0.114 -0.049]
                          [-0.105 +0.040 -0.034 -0.023 +0.609 +0.015 -0.044 -0.150 -0.019 +0.038]
                          [-0.100 +0.016 -0.107 +0.079 +0.015 +0.573 -0.084 +0.043 -0.021 -0.102]
                          [-0.023 +0.057 +0.068 -0.016 -0.044 -0.084 +0.590 -0.031 +0.088 +0.020]
                          [+0.086 +0.019 +0.047 -0.035 -0.150 +0.043 -0.031 +0.596 -0.035 +0.031]
                          [+0.082 -0.005 -0.205 +0.114 -0.019 -0.021 +0.088 -0.035 +0.739 -0.016]
                          [-0.133 -0.138 +0.101 -0.049 +0.038 -0.102 +0.020 +0.031 -0.016 +0.718]]

------------- Modified linear system Information ------------
Norm of RHS vector:      1.00e+00
Norm of matrix:          5.00e-01
Condition number:        4.00e+00

Norm of difference:      3.40e+00
Norm of residual:        1.93e+00

------------------- Parameters of the QLSA ------------------
HHL method:              2
num_qubits:              10
Is simulator:            True

-------------------- Results of the QLSA --------------------
Quantum solution:        [-0.163 +1.067 +0.998 -0.049 +0.628 -1.704 +1.010 +0.116 +1.082 +0.381]
Exact solution:          [+1.246 +2.152 +0.000 +0.903 +0.438 +0.276 +0.556 +1.032 +1.185 +1.609]

Norm of difference:      3.40e+00
Norm of residual:        1.93e+00
Is sign changed:         False
Time (s):                2.59e+02
=============================================================
