
--------------- Linear optimization problem characteristics ---------------
Seed:                    60
Number of variables:     7
Number of constraints:   7

Norm of primal sol:      3.08e+00
Norm of dual sol:        1.00e+01
Norm of dual slacks:     5.00e+00

Norm of vector b:        2.00e+00
Norm of vector c:        8.71e+00

Norm of matrix A:        1.00e+00
Condition number:        4.00e+00

----------------------- Linear optimization problem -----------------------
Coeff matrix A:          [[+0.657 +0.047 -0.047 -0.157 +0.050 -0.160 +0.047]
                          [+0.047 +0.751 -0.016 -0.065 +0.138 -0.034 -0.047]
                          [-0.047 -0.016 +0.473 +0.130 +0.011 -0.091 +0.090]
                          [-0.157 -0.065 +0.130 +0.560 -0.030 -0.118 +0.196]
                          [+0.050 +0.138 +0.011 -0.030 +0.608 +0.134 -0.048]
                          [-0.160 -0.034 -0.091 -0.118 +0.134 +0.703 -0.019]
                          [+0.047 -0.047 +0.090 +0.196 -0.048 -0.019 +0.623]]

RHS vector b:            [+0.187 +0.416 +0.614 +0.990 +1.093 +0.503 +0.993]
Obj vector c:            [-1.592 -1.690 +0.780 +5.620 +3.551 +2.031 +4.640]

---------------------------- Optimal solution -----------------------------
Primal variables:         [+0.815 +0.506 +0.875 +1.803 +1.535 +1.078 +1.027]
Dual slacks:              [+1.321 +0.821 +1.419 +2.923 +2.489 +1.748 +1.666]
Dual variables:           [-5.058 -3.407 -3.892 +1.988 +3.870 -1.681 +5.090]

Optimal objective:       +2.10709388e+01
===========================================================================

[F[K 
----------------- Linear system Information -----------------
Norm of RHS vector:      2.00e+00
Norm of matrix:          1.00e+00
Condition number:        4.00e+00

Minimum eigenvalue:      +2.50e-01

RHS vector transpose:    [+0.187 +0.416 +0.614 +0.990 +1.093 +0.503 +0.993]

Coffcient matrix:        [[+0.657 +0.047 -0.047 -0.157 +0.050 -0.160 +0.047]
                          [+0.047 +0.751 -0.016 -0.065 +0.138 -0.034 -0.047]
                          [-0.047 -0.016 +0.473 +0.130 +0.011 -0.091 +0.090]
                          [-0.157 -0.065 +0.130 +0.560 -0.030 -0.118 +0.196]
                          [+0.050 +0.138 +0.011 -0.030 +0.608 +0.134 -0.048]
                          [-0.160 -0.034 -0.091 -0.118 +0.134 +0.703 -0.019]
                          [+0.047 -0.047 +0.090 +0.196 -0.048 -0.019 +0.623]]

------------- Modified linear system Information ------------
Norm of RHS vector:      1.00e+00
Norm of matrix:          5.00e-01
Condition number:        4.00e+00

Norm of difference:      2.45e+00
Norm of residual:        1.74e+00

------------------- Parameters of the QLSA ------------------
HHL method:              2
num_qubits:              8
Is simulator:            True

-------------------- Results of the QLSA --------------------
Quantum solution:        [-0.620 +0.428 +1.179 +1.812 +0.219 -0.323 +0.611]
Exact solution:          [+0.815 +0.506 +0.875 +1.803 +1.535 +1.078 +1.027]

Norm of difference:      2.45e+00
Norm of residual:        1.74e+00
Is sign changed:         False
Time (s):                1.86e+01
=============================================================
