
--------------- Linear optimization problem characteristics ---------------
Seed:                    35
Number of variables:     5
Number of constraints:   5

Norm of primal sol:      2.66e+00
Norm of dual sol:        1.00e+01
Norm of dual slacks:     5.00e+00

Norm of vector b:        2.00e+00
Norm of vector c:        8.37e+00

Norm of matrix A:        1.00e+00
Condition number:        4.00e+00

----------------------- Linear optimization problem -----------------------
Coeff matrix A:          [[+0.747 -0.028 +0.025 +0.170 +0.030]
                          [-0.028 +0.610 -0.202 -0.144 +0.104]
                          [+0.025 -0.202 +0.444 -0.014 -0.092]
                          [+0.170 -0.144 -0.014 +0.517 -0.132]
                          [+0.030 +0.104 -0.092 -0.132 +0.807]]

RHS vector b:            [+1.042 +0.439 -0.068 +0.166 +1.640]
Obj vector c:            [-2.778 +3.832 -1.784 +1.122 +6.568]

---------------------------- Optimal solution -----------------------------
Primal variables:         [+1.161 +0.782 +0.587 +0.703 +2.072]
Dual slacks:              [+2.180 +1.468 +1.102 +1.321 +3.890]
Dual variables:           [-7.318 +2.381 -4.203 +3.430 +3.370]

Optimal objective:       +1.31206261e+01
===========================================================================

[F[K 
----------------- Linear system Information -----------------
Norm of RHS vector:      2.00e+00
Norm of matrix:          1.00e+00
Condition number:        4.00e+00

Minimum eigenvalue:      +2.50e-01

RHS vector transpose:    [+1.042 +0.439 -0.068 +0.166 +1.640]

Coffcient matrix:        [[+0.747 -0.028 +0.025 +0.170 +0.030]
                          [-0.028 +0.610 -0.202 -0.144 +0.104]
                          [+0.025 -0.202 +0.444 -0.014 -0.092]
                          [+0.170 -0.144 -0.014 +0.517 -0.132]
                          [+0.030 +0.104 -0.092 -0.132 +0.807]]

------------- Modified linear system Information ------------
Norm of RHS vector:      1.00e+00
Norm of matrix:          5.00e-01
Condition number:        4.00e+00

Norm of difference:      1.44e+00
Norm of residual:        5.72e-01

------------------- Parameters of the QLSA ------------------
HHL method:              2
num_qubits:              8
Is simulator:            True

-------------------- Results of the QLSA --------------------
Quantum solution:        [+1.185 -0.411 +0.131 +0.050 +2.194]
Exact solution:          [+1.161 +0.782 +0.587 +0.703 +2.072]

Norm of difference:      1.44e+00
Norm of residual:        5.72e-01
Is sign changed:         True
Time (s):                1.79e+01
=============================================================
