
--------------- Linear optimization problem characteristics ---------------
Seed:                    69
Number of variables:     8
Number of constraints:   8

Norm of primal sol:      5.26e+00
Norm of dual sol:        1.00e+01
Norm of dual slacks:     5.00e+00

Norm of vector b:        2.00e+00
Norm of vector c:        9.64e+00

Norm of matrix A:        1.00e+00
Condition number:        4.00e+00

----------------------- Linear optimization problem -----------------------
Coeff matrix A:          [[+0.492 -0.103 +0.046 +0.002 -0.053 -0.033 +0.054 +0.105]
                          [-0.103 +0.556 -0.007 -0.177 -0.120 -0.048 -0.113 -0.156]
                          [+0.046 -0.007 +0.580 +0.028 +0.075 -0.123 -0.026 +0.019]
                          [+0.002 -0.177 +0.028 +0.796 -0.181 +0.027 -0.037 +0.039]
                          [-0.053 -0.120 +0.075 -0.181 +0.616 -0.069 +0.037 +0.019]
                          [-0.033 -0.048 -0.123 +0.027 -0.069 +0.760 -0.106 +0.080]
                          [+0.054 -0.113 -0.026 -0.037 +0.037 -0.106 +0.656 -0.053]
                          [+0.105 -0.156 +0.019 +0.039 +0.019 +0.080 -0.053 +0.545]]

RHS vector b:            [+0.208 +0.676 +0.930 +1.532 +0.398 +0.295 -0.207 -0.002]
Obj vector c:            [+2.478 +4.334 +3.117 +6.492 -2.309 -1.668 +2.363 -1.558]

---------------------------- Optimal solution -----------------------------
Primal variables:         [+1.136 +3.101 +1.343 +3.026 +2.152 +0.972 +0.402 +0.224]
Dual slacks:              [+1.080 +2.949 +1.277 +2.877 +2.046 +0.924 +0.383 +0.213]
Dual variables:           [+2.435 +2.780 +3.271 +4.045 -5.953 -2.562 +3.387 -2.410]

Optimal objective:       +3.40956607e+01
===========================================================================


----------------- Linear system Information -----------------
Norm of RHS vector:      2.00e+00
Norm of matrix:          1.00e+00
Condition number:        4.00e+00

Minimum eigenvalue:      +2.50e-01

RHS vector transpose:    [+0.208 +0.676 +0.930 +1.532 +0.398 +0.295 -0.207 -0.002]

Coffcient matrix:        [[+0.492 -0.103 +0.046 +0.002 -0.053 -0.033 +0.054 +0.105]
                          [-0.103 +0.556 -0.007 -0.177 -0.120 -0.048 -0.113 -0.156]
                          [+0.046 -0.007 +0.580 +0.028 +0.075 -0.123 -0.026 +0.019]
                          [+0.002 -0.177 +0.028 +0.796 -0.181 +0.027 -0.037 +0.039]
                          [-0.053 -0.120 +0.075 -0.181 +0.616 -0.069 +0.037 +0.019]
                          [-0.033 -0.048 -0.123 +0.027 -0.069 +0.760 -0.106 +0.080]
                          [+0.054 -0.113 -0.026 -0.037 +0.037 -0.106 +0.656 -0.053]
                          [+0.105 -0.156 +0.019 +0.039 +0.019 +0.080 -0.053 +0.545]]

------------- Modified linear system Information ------------
Norm of RHS vector:      1.00e+00
Norm of matrix:          5.00e-01
Condition number:        4.00e+00

Norm of difference:      4.39e+00
Norm of residual:        2.06e+00

------------------- Parameters of the QLSA ------------------
HHL method:              2
num_qubits:              8
Is simulator:            True

-------------------- Results of the QLSA --------------------
Quantum solution:        [+2.596 +5.355 -1.364 +2.799 +3.161 +0.216 +1.472 +1.626]
Exact solution:          [+1.136 +3.101 +1.343 +3.026 +2.152 +0.972 +0.402 +0.224]

Norm of difference:      4.39e+00
Norm of residual:        2.06e+00
Is sign changed:         False
Time (s):                1.79e+01
=============================================================
