
--------------- Linear optimization problem characteristics ---------------
Seed:                    81
Number of variables:     5
Number of constraints:   5

Norm of primal sol:      2.25e+00
Norm of dual sol:        1.00e+01
Norm of dual slacks:     5.00e+00

Norm of vector b:        2.00e+00
Norm of vector c:        5.59e+00

Norm of matrix A:        1.00e+00
Condition number:        4.00e+00

----------------------- Linear optimization problem -----------------------
Coeff matrix A:          [[+0.633 -0.008 +0.108 +0.117 +0.076]
                          [-0.008 +0.565 +0.144 +0.081 +0.133]
                          [+0.108 +0.144 +0.583 -0.193 +0.079]
                          [+0.117 +0.081 -0.193 +0.684 +0.226]
                          [+0.076 +0.133 +0.079 +0.226 +0.661]]

RHS vector b:            [+0.682 +0.706 +0.720 +0.974 +1.253]
Obj vector c:            [-3.150 -0.819 +3.191 -1.265 +2.988]

---------------------------- Optimal solution -----------------------------
Primal variables:         [+0.492 +0.472 +1.291 +1.264 +1.159]
Dual slacks:              [+1.092 +1.047 +2.866 +2.807 +2.572]
Dual variables:           [-6.185 -3.535 +0.128 -5.763 +4.003]

Optimal objective:       +4.04644556e+00
===========================================================================

[F[K 
----------------- Linear system Information -----------------
Norm of RHS vector:      2.00e+00
Norm of matrix:          1.00e+00
Condition number:        4.00e+00

Minimum eigenvalue:      +2.50e-01

RHS vector transpose:    [+0.682 +0.706 +0.720 +0.974 +1.253]

Coffcient matrix:        [[+0.633 -0.008 +0.108 +0.117 +0.076]
                          [-0.008 +0.565 +0.144 +0.081 +0.133]
                          [+0.108 +0.144 +0.583 -0.193 +0.079]
                          [+0.117 +0.081 -0.193 +0.684 +0.226]
                          [+0.076 +0.133 +0.079 +0.226 +0.661]]

------------- Modified linear system Information ------------
Norm of RHS vector:      1.00e+00
Norm of matrix:          5.00e-01
Condition number:        4.00e+00

Norm of difference:      1.75e+00
Norm of residual:        1.33e+00

------------------- Parameters of the QLSA ------------------
HHL method:              2
num_qubits:              8
Is simulator:            True

-------------------- Results of the QLSA --------------------
Quantum solution:        [+0.775 +1.074 +1.659 -0.297 +0.964]
Exact solution:          [+0.492 +0.472 +1.291 +1.264 +1.159]

Norm of difference:      1.75e+00
Norm of residual:        1.33e+00
Is sign changed:         True
Time (s):                1.90e+01
=============================================================
