
--------------- Linear optimization problem characteristics ---------------
Seed:                    85
Number of variables:     5
Number of constraints:   5

Norm of primal sol:      2.55e+00
Norm of dual sol:        1.00e+01
Norm of dual slacks:     5.00e+00

Norm of vector b:        2.00e+00
Norm of vector c:        1.05e+01

Norm of matrix A:        1.00e+00
Condition number:        4.00e+00

----------------------- Linear optimization problem -----------------------
Coeff matrix A:          [[+0.758 +0.043 -0.109 +0.001 +0.106]
                          [+0.043 +0.645 -0.024 +0.239 -0.077]
                          [-0.109 -0.024 +0.499 -0.242 -0.086]
                          [+0.001 +0.239 -0.242 +0.643 +0.056]
                          [+0.106 -0.077 -0.086 +0.056 +0.581]]

RHS vector b:            [+1.122 +1.109 -0.259 +1.115 +0.450]
Obj vector c:            [+4.057 +1.301 -2.693 +7.766 +4.920]

---------------------------- Optimal solution -----------------------------
Primal variables:         [+1.424 +1.168 +0.685 +1.501 +0.628]
Dual slacks:              [+2.791 +2.290 +1.342 +2.941 +1.231]
Dual variables:           [+0.695 -3.807 -3.926 +7.049 +4.464]

Optimal objective:       +2.01952503e+01
===========================================================================

[F[K 
----------------- Linear system Information -----------------
Norm of RHS vector:      2.00e+00
Norm of matrix:          1.00e+00
Condition number:        4.00e+00

Minimum eigenvalue:      +2.50e-01

RHS vector transpose:    [+1.122 +1.109 -0.259 +1.115 +0.450]

Coffcient matrix:        [[+0.758 +0.043 -0.109 +0.001 +0.106]
                          [+0.043 +0.645 -0.024 +0.239 -0.077]
                          [-0.109 -0.024 +0.499 -0.242 -0.086]
                          [+0.001 +0.239 -0.242 +0.643 +0.056]
                          [+0.106 -0.077 -0.086 +0.056 +0.581]]

------------- Modified linear system Information ------------
Norm of RHS vector:      1.00e+00
Norm of matrix:          5.00e-01
Condition number:        4.00e+00

Norm of difference:      2.05e+00
Norm of residual:        1.05e+00

------------------- Parameters of the QLSA ------------------
HHL method:              2
num_qubits:              8
Is simulator:            True

-------------------- Results of the QLSA --------------------
Quantum solution:        [+1.854 +1.766 +0.124 +0.167 -0.623]
Exact solution:          [+1.424 +1.168 +0.685 +1.501 +0.628]

Norm of difference:      2.05e+00
Norm of residual:        1.05e+00
Is sign changed:         False
Time (s):                1.88e+01
=============================================================
