
--------------- Linear optimization problem characteristics ---------------
Seed:                    18
Number of variables:     6
Number of constraints:   6

Norm of primal sol:      2.66e+00
Norm of dual sol:        1.00e+01
Norm of dual slacks:     5.00e+00

Norm of vector b:        2.00e+00
Norm of vector c:        1.02e+01

Norm of matrix A:        1.00e+00
Condition number:        4.00e+00

----------------------- Linear optimization problem -----------------------
Coeff matrix A:          [[+0.418 -0.021 +0.121 -0.005 +0.076 -0.052]
                          [-0.021 +0.805 +0.106 +0.011 -0.008 +0.049]
                          [+0.121 +0.106 +0.632 +0.155 +0.025 -0.073]
                          [-0.005 +0.011 +0.155 +0.544 +0.171 -0.223]
                          [+0.076 -0.008 +0.025 +0.171 +0.756 -0.018]
                          [-0.052 +0.049 -0.073 -0.223 -0.018 +0.595]]

RHS vector b:            [+0.627 +0.828 +1.089 +0.346 +1.164 +0.508]
Obj vector c:            [+2.247 +6.036 +0.504 -3.604 +2.777 +6.387]

---------------------------- Optimal solution -----------------------------
Primal variables:         [+1.039 +0.808 +1.404 +0.291 +1.362 +1.198]
Dual slacks:              [+1.953 +1.518 +2.638 +0.546 +2.559 +2.253]
Dual variables:           [+2.005 +5.890 -2.934 -5.694 +1.638 +4.193]

Optimal objective:       +1.83066254e+01
===========================================================================

[F[K 
----------------- Linear system Information -----------------
Norm of RHS vector:      2.00e+00
Norm of matrix:          1.00e+00
Condition number:        4.00e+00

Minimum eigenvalue:      +2.50e-01

RHS vector transpose:    [+0.627 +0.828 +1.089 +0.346 +1.164 +0.508]

Coffcient matrix:        [[+0.418 -0.021 +0.121 -0.005 +0.076 -0.052]
                          [-0.021 +0.805 +0.106 +0.011 -0.008 +0.049]
                          [+0.121 +0.106 +0.632 +0.155 +0.025 -0.073]
                          [-0.005 +0.011 +0.155 +0.544 +0.171 -0.223]
                          [+0.076 -0.008 +0.025 +0.171 +0.756 -0.018]
                          [-0.052 +0.049 -0.073 -0.223 -0.018 +0.595]]

------------- Modified linear system Information ------------
Norm of RHS vector:      1.00e+00
Norm of matrix:          5.00e-01
Condition number:        4.00e+00

Norm of difference:      3.19e+00
Norm of residual:        2.63e+00

------------------- Parameters of the QLSA ------------------
HHL method:              2
num_qubits:              8
Is simulator:            True

-------------------- Results of the QLSA --------------------
Quantum solution:        [+0.846 -1.937 +0.630 +0.375 +0.993 -0.174]
Exact solution:          [+1.039 +0.808 +1.404 +0.291 +1.362 +1.198]

Norm of difference:      3.19e+00
Norm of residual:        2.63e+00
Is sign changed:         True
Time (s):                1.86e+01
=============================================================
