
--------------- Linear optimization problem characteristics ---------------
Seed:                    98
Number of variables:     6
Number of constraints:   6

Norm of primal sol:      2.87e+00
Norm of dual sol:        1.00e+01
Norm of dual slacks:     5.00e+00

Norm of vector b:        2.00e+00
Norm of vector c:        2.54e+00

Norm of matrix A:        1.00e+00
Condition number:        4.00e+00

----------------------- Linear optimization problem -----------------------
Coeff matrix A:          [[+0.585 -0.179 +0.178 +0.033 +0.048 -0.104]
                          [-0.179 +0.625 -0.001 +0.057 +0.204 +0.120]
                          [+0.178 -0.001 +0.515 -0.091 +0.088 -0.155]
                          [+0.033 +0.057 -0.091 +0.649 -0.014 -0.057]
                          [+0.048 +0.204 +0.088 -0.014 +0.647 -0.057]
                          [-0.104 +0.120 -0.155 -0.057 -0.057 +0.729]]

RHS vector b:            [+0.888 +0.814 +0.509 +1.110 +1.024 -0.088]
Obj vector c:            [+0.996 -0.049 -0.145 -2.272 -0.498 +0.226]

---------------------------- Optimal solution -----------------------------
Primal variables:         [+1.558 +1.207 +0.641 +1.661 +1.059 +0.253]
Dual slacks:              [+2.714 +2.102 +1.116 +2.893 +1.845 +0.441]
Dual variables:           [-2.226 -2.104 -3.245 -8.338 -2.693 -1.820]

Optimal objective:       -2.84349465e+00
===========================================================================

[F[K 
----------------- Linear system Information -----------------
Norm of RHS vector:      2.00e+00
Norm of matrix:          1.00e+00
Condition number:        4.00e+00

Minimum eigenvalue:      +2.50e-01

RHS vector transpose:    [+0.888 +0.814 +0.509 +1.110 +1.024 -0.088]

Coffcient matrix:        [[+0.585 -0.179 +0.178 +0.033 +0.048 -0.104]
                          [-0.179 +0.625 -0.001 +0.057 +0.204 +0.120]
                          [+0.178 -0.001 +0.515 -0.091 +0.088 -0.155]
                          [+0.033 +0.057 -0.091 +0.649 -0.014 -0.057]
                          [+0.048 +0.204 +0.088 -0.014 +0.647 -0.057]
                          [-0.104 +0.120 -0.155 -0.057 -0.057 +0.729]]

------------- Modified linear system Information ------------
Norm of RHS vector:      1.00e+00
Norm of matrix:          5.00e-01
Condition number:        4.00e+00

Norm of difference:      3.44e+00
Norm of residual:        2.69e+00

------------------- Parameters of the QLSA ------------------
HHL method:              2
num_qubits:              8
Is simulator:            True

-------------------- Results of the QLSA --------------------
Quantum solution:        [-0.529 +1.551 -1.488 +0.124 +0.435 +0.510]
Exact solution:          [+1.558 +1.207 +0.641 +1.661 +1.059 +0.253]

Norm of difference:      3.44e+00
Norm of residual:        2.69e+00
Is sign changed:         False
Time (s):                1.83e+01
=============================================================
