
--------------- Linear optimization problem characteristics ---------------
Seed:                    28
Number of variables:     5
Number of constraints:   5

Norm of primal sol:      2.56e+00
Norm of dual sol:        1.00e+01
Norm of dual slacks:     5.00e+00

Norm of vector b:        2.00e+00
Norm of vector c:        1.10e+01

Norm of matrix A:        1.00e+00
Condition number:        4.00e+00

----------------------- Linear optimization problem -----------------------
Coeff matrix A:          [[+0.564 +0.019 -0.040 +0.216 +0.062]
                          [+0.019 +0.687 +0.037 -0.162 +0.086]
                          [-0.040 +0.037 +0.429 +0.028 +0.214]
                          [+0.216 -0.162 +0.028 +0.765 -0.088]
                          [+0.062 +0.086 +0.214 -0.088 +0.680]]

RHS vector b:            [+1.107 +0.817 +0.447 +0.613 +1.238]
Obj vector c:            [+4.252 -0.701 +3.621 +6.074 +7.195]

---------------------------- Optimal solution -----------------------------
Primal variables:         [+1.464 +1.127 +0.251 +0.798 +1.569]
Dual slacks:              [+2.855 +2.198 +0.489 +1.557 +3.059]
Dual variables:           [+0.135 -3.883 +4.327 +5.573 +5.926]

Optimal objective:       +2.24799935e+01
===========================================================================

[F[K 
----------------- Linear system Information -----------------
Norm of RHS vector:      2.00e+00
Norm of matrix:          1.00e+00
Condition number:        4.00e+00

Minimum eigenvalue:      +2.50e-01

RHS vector transpose:    [+1.107 +0.817 +0.447 +0.613 +1.238]

Coffcient matrix:        [[+0.564 +0.019 -0.040 +0.216 +0.062]
                          [+0.019 +0.687 +0.037 -0.162 +0.086]
                          [-0.040 +0.037 +0.429 +0.028 +0.214]
                          [+0.216 -0.162 +0.028 +0.765 -0.088]
                          [+0.062 +0.086 +0.214 -0.088 +0.680]]

------------- Modified linear system Information ------------
Norm of RHS vector:      1.00e+00
Norm of matrix:          5.00e-01
Condition number:        4.00e+00

Norm of difference:      6.96e-01
Norm of residual:        3.97e-01

------------------- Parameters of the QLSA ------------------
HHL method:              2
num_qubits:              8
Is simulator:            True

-------------------- Results of the QLSA --------------------
Quantum solution:        [+1.195 +0.926 +0.842 +0.659 +1.629]
Exact solution:          [+1.464 +1.127 +0.251 +0.798 +1.569]

Norm of difference:      6.96e-01
Norm of residual:        3.97e-01
Is sign changed:         False
Time (s):                1.81e+01
=============================================================
