
--------------- Linear optimization problem characteristics ---------------
Seed:                    95
Number of variables:     8
Number of constraints:   8

Norm of primal sol:      2.48e+00
Norm of dual sol:        1.00e+01
Norm of dual slacks:     5.00e+00

Norm of vector b:        2.00e+00
Norm of vector c:        1.16e+01

Norm of matrix A:        1.00e+00
Condition number:        4.00e+00

----------------------- Linear optimization problem -----------------------
Coeff matrix A:          [[+0.618 +0.151 +0.101 -0.183 +0.093 +0.031 +0.037 +0.134]
                          [+0.151 +0.555 +0.050 +0.028 -0.068 +0.058 +0.211 +0.098]
                          [+0.101 +0.050 +0.675 -0.042 -0.072 +0.017 -0.006 +0.101]
                          [-0.183 +0.028 -0.042 +0.636 +0.089 +0.064 -0.033 +0.116]
                          [+0.093 -0.068 -0.072 +0.089 +0.536 +0.092 -0.078 +0.025]
                          [+0.031 +0.058 +0.017 +0.064 +0.092 +0.653 +0.003 +0.073]
                          [+0.037 +0.211 -0.006 -0.033 -0.078 +0.003 +0.697 -0.070]
                          [+0.134 +0.098 +0.101 +0.116 +0.025 +0.073 -0.070 +0.631]]

RHS vector b:            [+0.411 +0.583 +0.863 +0.720 +0.457 +1.018 +0.627 +0.768]
Obj vector c:            [+3.001 +4.358 +3.466 +5.696 +2.125 +3.702 +1.492 +6.481]

---------------------------- Optimal solution -----------------------------
Primal variables:         [+0.318 +0.265 +1.230 +0.998 +0.740 +1.207 +1.005 +0.669]
Dual slacks:              [+0.641 +0.534 +2.482 +2.013 +1.492 +2.435 +2.028 +1.350]
Dual variables:           [+2.964 +5.494 +0.097 +5.306 -0.066 +0.199 -1.805 +5.437]

Optimal objective:       +2.39309471e+01
===========================================================================


----------------- Linear system Information -----------------
Norm of RHS vector:      2.00e+00
Norm of matrix:          1.00e+00
Condition number:        4.00e+00

Minimum eigenvalue:      +2.50e-01

RHS vector transpose:    [+0.411 +0.583 +0.863 +0.720 +0.457 +1.018 +0.627 +0.768]

Coffcient matrix:        [[+0.618 +0.151 +0.101 -0.183 +0.093 +0.031 +0.037 +0.134]
                          [+0.151 +0.555 +0.050 +0.028 -0.068 +0.058 +0.211 +0.098]
                          [+0.101 +0.050 +0.675 -0.042 -0.072 +0.017 -0.006 +0.101]
                          [-0.183 +0.028 -0.042 +0.636 +0.089 +0.064 -0.033 +0.116]
                          [+0.093 -0.068 -0.072 +0.089 +0.536 +0.092 -0.078 +0.025]
                          [+0.031 +0.058 +0.017 +0.064 +0.092 +0.653 +0.003 +0.073]
                          [+0.037 +0.211 -0.006 -0.033 -0.078 +0.003 +0.697 -0.070]
                          [+0.134 +0.098 +0.101 +0.116 +0.025 +0.073 -0.070 +0.631]]

------------- Modified linear system Information ------------
Norm of RHS vector:      1.00e+00
Norm of matrix:          5.00e-01
Condition number:        4.00e+00

Norm of difference:      2.32e+00
Norm of residual:        1.79e+00

------------------- Parameters of the QLSA ------------------
HHL method:              2
num_qubits:              8
Is simulator:            True

-------------------- Results of the QLSA --------------------
Quantum solution:        [+0.898 +0.750 +0.735 -0.367 -0.316 -0.030 +1.180 +0.893]
Exact solution:          [+0.318 +0.265 +1.230 +0.998 +0.740 +1.207 +1.005 +0.669]

Norm of difference:      2.32e+00
Norm of residual:        1.79e+00
Is sign changed:         True
Time (s):                1.82e+01
=============================================================
