
--------------- Linear optimization problem characteristics ---------------
Seed:                    50
Number of variables:     7
Number of constraints:   7

Norm of primal sol:      3.24e+00
Norm of dual sol:        1.00e+01
Norm of dual slacks:     5.00e+00

Norm of vector b:        2.00e+00
Norm of vector c:        8.73e+00

Norm of matrix A:        1.00e+00
Condition number:        4.00e+00

----------------------- Linear optimization problem -----------------------
Coeff matrix A:          [[+0.642 +0.069 +0.002 +0.085 -0.120 -0.129 -0.005]
                          [+0.069 +0.693 -0.030 +0.045 -0.055 -0.119 -0.034]
                          [+0.002 -0.030 +0.580 +0.024 +0.197 -0.074 +0.121]
                          [+0.085 +0.045 +0.024 +0.730 +0.028 +0.190 -0.117]
                          [-0.120 -0.055 +0.197 +0.028 +0.479 -0.011 -0.051]
                          [-0.129 -0.119 -0.074 +0.190 -0.011 +0.683 -0.136]
                          [-0.005 -0.034 +0.121 -0.117 -0.051 -0.136 +0.567]]

RHS vector b:            [+0.459 +0.118 +0.483 +1.200 +0.332 +1.406 +0.121]
Obj vector c:            [+5.006 +3.915 +0.064 -1.291 -0.979 -1.412 +5.594]

---------------------------- Optimal solution -----------------------------
Primal variables:         [+1.187 +0.547 +0.613 +0.951 +0.905 +2.391 +0.979]
Dual slacks:              [+1.833 +0.845 +0.947 +1.468 +1.398 +3.692 +1.512]
Dual variables:           [+3.593 +3.443 -2.511 -2.028 -1.959 -4.686 +6.247]

Optimal objective:       +8.11122803e+00
===========================================================================

[F[K 
----------------- Linear system Information -----------------
Norm of RHS vector:      2.00e+00
Norm of matrix:          1.00e+00
Condition number:        4.00e+00

Minimum eigenvalue:      +2.50e-01

RHS vector transpose:    [+0.459 +0.118 +0.483 +1.200 +0.332 +1.406 +0.121]

Coffcient matrix:        [[+0.642 +0.069 +0.002 +0.085 -0.120 -0.129 -0.005]
                          [+0.069 +0.693 -0.030 +0.045 -0.055 -0.119 -0.034]
                          [+0.002 -0.030 +0.580 +0.024 +0.197 -0.074 +0.121]
                          [+0.085 +0.045 +0.024 +0.730 +0.028 +0.190 -0.117]
                          [-0.120 -0.055 +0.197 +0.028 +0.479 -0.011 -0.051]
                          [-0.129 -0.119 -0.074 +0.190 -0.011 +0.683 -0.136]
                          [-0.005 -0.034 +0.121 -0.117 -0.051 -0.136 +0.567]]

------------- Modified linear system Information ------------
Norm of RHS vector:      1.00e+00
Norm of matrix:          5.00e-01
Condition number:        4.00e+00

Norm of difference:      3.32e+00
Norm of residual:        1.67e+00

------------------- Parameters of the QLSA ------------------
HHL method:              2
num_qubits:              8
Is simulator:            True

-------------------- Results of the QLSA --------------------
Quantum solution:        [-0.149 -0.536 -0.200 +0.938 +0.207 +1.140 -1.333]
Exact solution:          [+1.187 +0.547 +0.613 +0.951 +0.905 +2.391 +0.979]

Norm of difference:      3.32e+00
Norm of residual:        1.67e+00
Is sign changed:         True
Time (s):                1.85e+01
=============================================================
