
--------------- Linear optimization problem characteristics ---------------
Seed:                    85
Number of variables:     6
Number of constraints:   6

Norm of primal sol:      5.27e+00
Norm of dual sol:        1.00e+01
Norm of dual slacks:     5.00e+00

Norm of vector b:        2.00e+00
Norm of vector c:        6.47e+00

Norm of matrix A:        1.00e+00
Condition number:        4.00e+00

----------------------- Linear optimization problem -----------------------
Coeff matrix A:          [[+0.645 +0.022 -0.058 +0.024 -0.136 -0.207]
                          [+0.022 +0.776 +0.071 -0.140 -0.085 -0.034]
                          [-0.058 +0.071 +0.689 -0.093 -0.192 -0.106]
                          [+0.024 -0.140 -0.093 +0.437 -0.016 -0.042]
                          [-0.136 -0.085 -0.192 -0.016 +0.516 +0.017]
                          [-0.207 -0.034 -0.106 -0.042 +0.017 +0.687]]

RHS vector b:            [+1.133 +1.274 +0.158 +0.751 -0.193 +0.682]
Obj vector c:            [+0.936 -0.159 +2.751 +3.707 +4.354 -0.857]

---------------------------- Optimal solution -----------------------------
Primal variables:         [+2.662 +2.184 +1.280 +2.805 +1.174 +2.245]
Dual slacks:              [+2.525 +2.072 +1.214 +2.661 +1.113 +2.129]
Dual variables:           [-2.095 -2.161 +3.879 +2.457 +7.037 -4.510]

Optimal objective:       +1.92482992e+01
===========================================================================

[F[K 
----------------- Linear system Information -----------------
Norm of RHS vector:      2.00e+00
Norm of matrix:          1.00e+00
Condition number:        4.00e+00

Minimum eigenvalue:      +2.50e-01

RHS vector transpose:    [+1.133 +1.274 +0.158 +0.751 -0.193 +0.682]

Coffcient matrix:        [[+0.645 +0.022 -0.058 +0.024 -0.136 -0.207]
                          [+0.022 +0.776 +0.071 -0.140 -0.085 -0.034]
                          [-0.058 +0.071 +0.689 -0.093 -0.192 -0.106]
                          [+0.024 -0.140 -0.093 +0.437 -0.016 -0.042]
                          [-0.136 -0.085 -0.192 -0.016 +0.516 +0.017]
                          [-0.207 -0.034 -0.106 -0.042 +0.017 +0.687]]

------------- Modified linear system Information ------------
Norm of RHS vector:      1.00e+00
Norm of matrix:          5.00e-01
Condition number:        4.00e+00

Norm of difference:      4.46e+00
Norm of residual:        2.68e+00

------------------- Parameters of the QLSA ------------------
HHL method:              2
num_qubits:              8
Is simulator:            True

-------------------- Results of the QLSA --------------------
Quantum solution:        [+2.464 +0.315 +1.411 +1.493 +4.517 +0.380]
Exact solution:          [+2.662 +2.184 +1.280 +2.805 +1.174 +2.245]

Norm of difference:      4.46e+00
Norm of residual:        2.68e+00
Is sign changed:         True
Time (s):                1.81e+01
=============================================================
