
--------------- Linear optimization problem characteristics ---------------
Seed:                    92
Number of variables:     7
Number of constraints:   7

Norm of primal sol:      2.30e+00
Norm of dual sol:        1.00e+01
Norm of dual slacks:     5.00e+00

Norm of vector b:        2.00e+00
Norm of vector c:        7.53e+00

Norm of matrix A:        1.00e+00
Condition number:        4.00e+00

----------------------- Linear optimization problem -----------------------
Coeff matrix A:          [[+0.651 +0.019 +0.027 -0.019 +0.078 +0.154 +0.169]
                          [+0.019 +0.711 +0.067 -0.103 +0.083 +0.211 -0.072]
                          [+0.027 +0.067 +0.576 -0.081 -0.073 -0.009 +0.111]
                          [-0.019 -0.103 -0.081 +0.684 -0.005 +0.010 -0.025]
                          [+0.078 +0.083 -0.073 -0.005 +0.660 +0.059 -0.202]
                          [+0.154 +0.211 -0.009 +0.010 +0.059 +0.608 -0.022]
                          [+0.169 -0.072 +0.111 -0.025 -0.202 -0.022 +0.485]]

RHS vector b:            [+1.108 +1.004 +0.443 +0.275 +0.113 +1.151 +0.396]
Obj vector c:            [+3.392 +1.365 +4.715 +2.960 +1.476 +0.803 +3.082]

---------------------------- Optimal solution -----------------------------
Primal variables:         [+1.248 +1.111 +0.599 +0.675 +0.000 +1.207 +0.498]
Dual slacks:              [+2.708 +2.411 +1.299 +1.464 +0.001 +2.618 +1.080]
Dual variables:           [-0.185 -0.818 +6.111 +3.033 +4.742 -2.905 +4.671]

Optimal objective:       +1.30750435e+01
===========================================================================

[F[K 
----------------- Linear system Information -----------------
Norm of RHS vector:      2.00e+00
Norm of matrix:          1.00e+00
Condition number:        4.00e+00

Minimum eigenvalue:      +2.50e-01

RHS vector transpose:    [+1.108 +1.004 +0.443 +0.275 +0.113 +1.151 +0.396]

Coffcient matrix:        [[+0.651 +0.019 +0.027 -0.019 +0.078 +0.154 +0.169]
                          [+0.019 +0.711 +0.067 -0.103 +0.083 +0.211 -0.072]
                          [+0.027 +0.067 +0.576 -0.081 -0.073 -0.009 +0.111]
                          [-0.019 -0.103 -0.081 +0.684 -0.005 +0.010 -0.025]
                          [+0.078 +0.083 -0.073 -0.005 +0.660 +0.059 -0.202]
                          [+0.154 +0.211 -0.009 +0.010 +0.059 +0.608 -0.022]
                          [+0.169 -0.072 +0.111 -0.025 -0.202 -0.022 +0.485]]

------------- Modified linear system Information ------------
Norm of RHS vector:      1.00e+00
Norm of matrix:          5.00e-01
Condition number:        4.00e+00

Norm of difference:      2.11e+00
Norm of residual:        1.43e+00

------------------- Parameters of the QLSA ------------------
HHL method:              2
num_qubits:              8
Is simulator:            True

-------------------- Results of the QLSA --------------------
Quantum solution:        [+1.149 +0.739 +0.270 -0.931 +1.072 +0.793 -0.048]
Exact solution:          [+1.248 +1.111 +0.599 +0.675 +0.000 +1.207 +0.498]

Norm of difference:      2.11e+00
Norm of residual:        1.43e+00
Is sign changed:         False
Time (s):                1.89e+01
=============================================================
