
--------------- Linear optimization problem characteristics ---------------
Seed:                    66
Number of variables:     8
Number of constraints:   8

Norm of primal sol:      3.92e+00
Norm of dual sol:        1.00e+01
Norm of dual slacks:     5.00e+00

Norm of vector b:        2.00e+00
Norm of vector c:        8.45e+00

Norm of matrix A:        1.00e+00
Condition number:        4.00e+00

----------------------- Linear optimization problem -----------------------
Coeff matrix A:          [[+0.684 +0.151 +0.060 +0.046 +0.050 +0.112 -0.145 -0.093]
                          [+0.151 +0.662 +0.181 -0.070 +0.034 +0.030 -0.026 +0.103]
                          [+0.060 +0.181 +0.686 -0.032 -0.043 -0.007 +0.013 -0.026]
                          [+0.046 -0.070 -0.032 +0.829 -0.017 -0.003 +0.003 -0.086]
                          [+0.050 +0.034 -0.043 -0.017 +0.546 -0.101 -0.108 +0.103]
                          [+0.112 +0.030 -0.007 -0.003 -0.101 +0.560 -0.056 +0.000]
                          [-0.145 -0.026 +0.013 +0.003 -0.108 -0.056 +0.469 -0.160]
                          [-0.093 +0.103 -0.026 -0.086 +0.103 +0.000 -0.160 +0.565]]

RHS vector b:            [+0.169 +0.560 +0.756 +1.535 +0.128 +0.295 +0.653 +0.446]
Obj vector c:            [-0.917 -0.649 -2.016 +5.691 +0.435 -1.923 +3.688 +4.015]

---------------------------- Optimal solution -----------------------------
Primal variables:         [+0.474 +0.411 +1.115 +2.089 +0.598 +0.773 +2.332 +1.715]
Dual slacks:              [+0.606 +0.525 +1.424 +2.667 +0.764 +0.986 +2.978 +2.190]
Dual variables:           [+0.173 -0.376 -4.816 +3.840 -2.349 -5.468 +2.077 +4.707]

Optimal objective:       +2.31965373e+01
===========================================================================


----------------- Linear system Information -----------------
Norm of RHS vector:      2.00e+00
Norm of matrix:          1.00e+00
Condition number:        4.00e+00

Minimum eigenvalue:      +2.50e-01

RHS vector transpose:    [+0.169 +0.560 +0.756 +1.535 +0.128 +0.295 +0.653 +0.446]

Coffcient matrix:        [[+0.684 +0.151 +0.060 +0.046 +0.050 +0.112 -0.145 -0.093]
                          [+0.151 +0.662 +0.181 -0.070 +0.034 +0.030 -0.026 +0.103]
                          [+0.060 +0.181 +0.686 -0.032 -0.043 -0.007 +0.013 -0.026]
                          [+0.046 -0.070 -0.032 +0.829 -0.017 -0.003 +0.003 -0.086]
                          [+0.050 +0.034 -0.043 -0.017 +0.546 -0.101 -0.108 +0.103]
                          [+0.112 +0.030 -0.007 -0.003 -0.101 +0.560 -0.056 +0.000]
                          [-0.145 -0.026 +0.013 +0.003 -0.108 -0.056 +0.469 -0.160]
                          [-0.093 +0.103 -0.026 -0.086 +0.103 +0.000 -0.160 +0.565]]

------------- Modified linear system Information ------------
Norm of RHS vector:      1.00e+00
Norm of matrix:          5.00e-01
Condition number:        4.00e+00

Norm of difference:      3.30e+00
Norm of residual:        2.51e+00

------------------- Parameters of the QLSA ------------------
HHL method:              2
num_qubits:              8
Is simulator:            True

-------------------- Results of the QLSA --------------------
Quantum solution:        [-1.047 -0.672 -0.863 +1.369 +0.004 +0.101 +1.166 +0.804]
Exact solution:          [+0.474 +0.411 +1.115 +2.089 +0.598 +0.773 +2.332 +1.715]

Norm of difference:      3.30e+00
Norm of residual:        2.51e+00
Is sign changed:         False
Time (s):                1.80e+01
=============================================================
