
--------------- Linear optimization problem characteristics ---------------
Seed:                    11
Number of variables:     10
Number of constraints:   10

Norm of primal sol:      3.42e+00
Norm of dual sol:        1.00e+01
Norm of dual slacks:     5.00e+00

Norm of vector b:        2.00e+00
Norm of vector c:        6.24e+00

Norm of matrix A:        1.00e+00
Condition number:        4.00e+00

----------------------- Linear optimization problem -----------------------
Coeff matrix A:          [[+0.573 +0.123 -0.143 -0.097 +0.059 -0.043 -0.152 -0.039 -0.066 +0.043]
                          [+0.123 +0.647 -0.025 +0.052 -0.018 +0.056 +0.100 -0.092 -0.050 -0.028]
                          [-0.143 -0.025 +0.695 +0.061 -0.034 -0.140 +0.067 +0.059 -0.004 -0.036]
                          [-0.097 +0.052 +0.061 +0.579 -0.100 +0.033 +0.120 +0.011 -0.156 +0.028]
                          [+0.059 -0.018 -0.034 -0.100 +0.645 +0.128 -0.002 -0.025 +0.057 -0.163]
                          [-0.043 +0.056 -0.140 +0.033 +0.128 +0.500 +0.044 +0.036 +0.114 +0.051]
                          [-0.152 +0.100 +0.067 +0.120 -0.002 +0.044 +0.620 -0.085 -0.020 -0.002]
                          [-0.039 -0.092 +0.059 +0.011 -0.025 +0.036 -0.085 +0.690 +0.025 -0.052]
                          [-0.066 -0.050 -0.004 -0.156 +0.057 +0.114 -0.020 +0.025 +0.642 -0.010]
                          [+0.043 -0.028 -0.036 +0.028 -0.163 +0.051 -0.002 -0.052 -0.010 +0.661]]

RHS vector b:            [-0.144 -0.066 +0.498 +0.569 +0.311 +0.821 +0.117 +0.683 +1.099 +0.972]
Obj vector c:            [+1.004 -1.779 +3.414 +3.793 -0.400 +0.227 -2.378 +0.061 +1.107 +1.273]

---------------------------- Optimal solution -----------------------------
Primal variables:         [+0.354 +0.038 +0.911 +1.425 +0.826 +0.954 +0.025 +0.958 +1.852 +1.673]
Dual slacks:              [+0.517 +0.056 +1.330 +2.081 +1.206 +1.393 +0.037 +1.399 +2.704 +2.442]
Dual variables:           [+2.148 -3.655 +3.680 +3.336 -3.129 +1.236 -4.479 -3.580 -1.715 -3.196]

Optimal objective:       +1.28694435e+01
===========================================================================

[F[K 
----------------- Linear system Information -----------------
Norm of RHS vector:      2.00e+00
Norm of matrix:          1.00e+00
Condition number:        4.00e+00

Minimum eigenvalue:      +2.50e-01

RHS vector transpose:    [-0.144 -0.066 +0.498 +0.569 +0.311 +0.821 +0.117 +0.683 +1.099 +0.972]

Coffcient matrix:        [[+0.573 +0.123 -0.143 -0.097 +0.059 -0.043 -0.152 -0.039 -0.066 +0.043]
                          [+0.123 +0.647 -0.025 +0.052 -0.018 +0.056 +0.100 -0.092 -0.050 -0.028]
                          [-0.143 -0.025 +0.695 +0.061 -0.034 -0.140 +0.067 +0.059 -0.004 -0.036]
                          [-0.097 +0.052 +0.061 +0.579 -0.100 +0.033 +0.120 +0.011 -0.156 +0.028]
                          [+0.059 -0.018 -0.034 -0.100 +0.645 +0.128 -0.002 -0.025 +0.057 -0.163]
                          [-0.043 +0.056 -0.140 +0.033 +0.128 +0.500 +0.044 +0.036 +0.114 +0.051]
                          [-0.152 +0.100 +0.067 +0.120 -0.002 +0.044 +0.620 -0.085 -0.020 -0.002]
                          [-0.039 -0.092 +0.059 +0.011 -0.025 +0.036 -0.085 +0.690 +0.025 -0.052]
                          [-0.066 -0.050 -0.004 -0.156 +0.057 +0.114 -0.020 +0.025 +0.642 -0.010]
                          [+0.043 -0.028 -0.036 +0.028 -0.163 +0.051 -0.002 -0.052 -0.010 +0.661]]

------------- Modified linear system Information ------------
Norm of RHS vector:      1.00e+00
Norm of matrix:          5.00e-01
Condition number:        4.00e+00

Norm of difference:      3.81e+00
Norm of residual:        2.45e+00

------------------- Parameters of the QLSA ------------------
HHL method:              2
num_qubits:              10
Is simulator:            True

-------------------- Results of the QLSA --------------------
Quantum solution:        [-0.766 -0.924 +0.912 -0.024 +0.075 -0.073 -0.216 +1.092 +0.638 -0.979]
Exact solution:          [+0.354 +0.038 +0.911 +1.425 +0.826 +0.954 +0.025 +0.958 +1.852 +1.673]

Norm of difference:      3.81e+00
Norm of residual:        2.45e+00
Is sign changed:         True
Time (s):                1.99e+02
=============================================================
