
--------------- Linear optimization problem characteristics ---------------
Seed:                    72
Number of variables:     7
Number of constraints:   7

Norm of primal sol:      3.58e+00
Norm of dual sol:        1.00e+01
Norm of dual slacks:     5.00e+00

Norm of vector b:        2.00e+00
Norm of vector c:        8.07e+00

Norm of matrix A:        1.00e+00
Condition number:        4.00e+00

----------------------- Linear optimization problem -----------------------
Coeff matrix A:          [[+0.662 -0.032 +0.061 +0.004 -0.199 +0.031 -0.075]
                          [-0.032 +0.428 +0.022 -0.199 -0.012 +0.020 +0.084]
                          [+0.061 +0.022 +0.618 -0.187 -0.045 +0.090 -0.025]
                          [+0.004 -0.199 -0.187 +0.686 +0.082 -0.104 +0.056]
                          [-0.199 -0.012 -0.045 +0.082 +0.657 +0.072 -0.148]
                          [+0.031 +0.020 +0.090 -0.104 +0.072 +0.704 -0.022]
                          [-0.075 +0.084 -0.025 +0.056 -0.148 -0.022 +0.621]]

RHS vector b:            [-0.090 +0.759 +0.773 +0.078 +0.474 +1.172 +1.102]
Obj vector c:            [-3.260 -0.049 +1.422 +2.253 +6.648 +1.682 -0.565]

---------------------------- Optimal solution -----------------------------
Primal variables:         [+0.275 +1.765 +1.379 +0.952 +1.064 +1.516 +1.846]
Dual slacks:              [+0.384 +2.463 +1.925 +1.328 +1.485 +2.115 +2.577]
Dual variables:           [-4.329 -5.742 +0.009 -0.899 +5.920 -1.110 -3.347]

Optimal objective:       +1.17014783e+01
===========================================================================

[F[K 
----------------- Linear system Information -----------------
Norm of RHS vector:      2.00e+00
Norm of matrix:          1.00e+00
Condition number:        4.00e+00

Minimum eigenvalue:      +2.50e-01

RHS vector transpose:    [-0.090 +0.759 +0.773 +0.078 +0.474 +1.172 +1.102]

Coffcient matrix:        [[+0.662 -0.032 +0.061 +0.004 -0.199 +0.031 -0.075]
                          [-0.032 +0.428 +0.022 -0.199 -0.012 +0.020 +0.084]
                          [+0.061 +0.022 +0.618 -0.187 -0.045 +0.090 -0.025]
                          [+0.004 -0.199 -0.187 +0.686 +0.082 -0.104 +0.056]
                          [-0.199 -0.012 -0.045 +0.082 +0.657 +0.072 -0.148]
                          [+0.031 +0.020 +0.090 -0.104 +0.072 +0.704 -0.022]
                          [-0.075 +0.084 -0.025 +0.056 -0.148 -0.022 +0.621]]

------------- Modified linear system Information ------------
Norm of RHS vector:      1.00e+00
Norm of matrix:          5.00e-01
Condition number:        4.00e+00

Norm of difference:      3.62e+00
Norm of residual:        2.25e+00

------------------- Parameters of the QLSA ------------------
HHL method:              2
num_qubits:              8
Is simulator:            True

-------------------- Results of the QLSA --------------------
Quantum solution:        [-0.734 +1.876 +0.280 -0.954 +1.760 -0.833 +0.753]
Exact solution:          [+0.275 +1.765 +1.379 +0.952 +1.064 +1.516 +1.846]

Norm of difference:      3.62e+00
Norm of residual:        2.25e+00
Is sign changed:         False
Time (s):                1.82e+01
=============================================================
