
--------------- Linear optimization problem characteristics ---------------
Seed:                    77
Number of variables:     8
Number of constraints:   8

Norm of primal sol:      2.55e+00
Norm of dual sol:        1.00e+01
Norm of dual slacks:     5.00e+00

Norm of vector b:        2.00e+00
Norm of vector c:        5.70e+00

Norm of matrix A:        1.00e+00
Condition number:        4.00e+00

----------------------- Linear optimization problem -----------------------
Coeff matrix A:          [[+0.690 +0.171 +0.025 +0.033 -0.068 -0.013 -0.114 -0.051]
                          [+0.171 +0.619 +0.133 -0.024 -0.047 -0.092 +0.004 +0.002]
                          [+0.025 +0.133 +0.526 +0.038 -0.129 +0.167 -0.084 +0.038]
                          [+0.033 -0.024 +0.038 +0.726 -0.051 +0.026 +0.141 +0.024]
                          [-0.068 -0.047 -0.129 -0.051 +0.608 -0.105 +0.103 -0.197]
                          [-0.013 -0.092 +0.167 +0.026 -0.105 +0.658 +0.072 +0.009]
                          [-0.114 +0.004 -0.084 +0.141 +0.103 +0.072 +0.577 -0.050]
                          [-0.051 +0.002 +0.038 +0.024 -0.197 +0.009 -0.050 +0.596]]

RHS vector b:            [+1.032 +0.867 +0.936 +0.330 -0.450 +0.896 +0.123 +0.423]
Obj vector c:            [+0.012 +0.867 +1.110 +2.027 +4.310 +2.227 +1.013 -1.355]

---------------------------- Optimal solution -----------------------------
Primal variables:         [+1.381 +0.965 +1.132 +0.209 +0.131 +1.184 +0.490 +0.813]
Dual slacks:              [+2.712 +1.895 +2.224 +0.411 +0.258 +2.325 +0.962 +1.596]
Dual variables:           [-4.479 +0.783 -1.715 +3.710 +5.805 +1.525 -3.514 -3.775]

Optimal objective:       +5.13204254e+00
===========================================================================


----------------- Linear system Information -----------------
Norm of RHS vector:      2.00e+00
Norm of matrix:          1.00e+00
Condition number:        4.00e+00

Minimum eigenvalue:      +2.50e-01

RHS vector transpose:    [+1.032 +0.867 +0.936 +0.330 -0.450 +0.896 +0.123 +0.423]

Coffcient matrix:        [[+0.690 +0.171 +0.025 +0.033 -0.068 -0.013 -0.114 -0.051]
                          [+0.171 +0.619 +0.133 -0.024 -0.047 -0.092 +0.004 +0.002]
                          [+0.025 +0.133 +0.526 +0.038 -0.129 +0.167 -0.084 +0.038]
                          [+0.033 -0.024 +0.038 +0.726 -0.051 +0.026 +0.141 +0.024]
                          [-0.068 -0.047 -0.129 -0.051 +0.608 -0.105 +0.103 -0.197]
                          [-0.013 -0.092 +0.167 +0.026 -0.105 +0.658 +0.072 +0.009]
                          [-0.114 +0.004 -0.084 +0.141 +0.103 +0.072 +0.577 -0.050]
                          [-0.051 +0.002 +0.038 +0.024 -0.197 +0.009 -0.050 +0.596]]

------------- Modified linear system Information ------------
Norm of RHS vector:      1.00e+00
Norm of matrix:          5.00e-01
Condition number:        4.00e+00

Norm of difference:      1.99e+00
Norm of residual:        1.15e+00

------------------- Parameters of the QLSA ------------------
HHL method:              2
num_qubits:              8
Is simulator:            True

-------------------- Results of the QLSA --------------------
Quantum solution:        [+0.717 +0.674 +0.845 +0.131 -1.185 +0.494 -0.549 +0.601]
Exact solution:          [+1.381 +0.965 +1.132 +0.209 +0.131 +1.184 +0.490 +0.813]

Norm of difference:      1.99e+00
Norm of residual:        1.15e+00
Is sign changed:         False
Time (s):                1.81e+01
=============================================================
