
--------------- Linear optimization problem characteristics ---------------
Seed:                    28
Number of variables:     9
Number of constraints:   9

Norm of primal sol:      2.29e+00
Norm of dual sol:        1.00e+01
Norm of dual slacks:     5.00e+00

Norm of vector b:        2.00e+00
Norm of vector c:        6.55e+00

Norm of matrix A:        1.00e+00
Condition number:        4.00e+00

----------------------- Linear optimization problem -----------------------
Coeff matrix A:          [[+0.650 +0.095 +0.001 +0.047 +0.036 +0.051 -0.074 +0.053 +0.132]
                          [+0.095 +0.550 +0.029 +0.116 +0.136 +0.089 +0.068 +0.063 +0.054]
                          [+0.001 +0.029 +0.653 +0.100 -0.110 -0.036 -0.016 -0.029 +0.048]
                          [+0.047 +0.116 +0.100 +0.644 +0.134 +0.140 +0.080 +0.116 -0.001]
                          [+0.036 +0.136 -0.110 +0.134 +0.600 -0.033 -0.022 +0.049 -0.063]
                          [+0.051 +0.089 -0.036 +0.140 -0.033 +0.608 -0.079 -0.074 +0.158]
                          [-0.074 +0.068 -0.016 +0.080 -0.022 -0.079 +0.731 -0.036 +0.100]
                          [+0.053 +0.063 -0.029 +0.116 +0.049 -0.074 -0.036 +0.608 -0.140]
                          [+0.132 +0.054 +0.048 -0.001 -0.063 +0.158 +0.100 -0.140 +0.581]]

RHS vector b:            [+0.918 +0.846 +0.062 +0.796 +0.693 +0.603 +0.187 +0.602 +0.749]
Obj vector c:            [+3.576 +0.061 +2.822 -0.034 -1.421 +2.707 +1.952 +0.656 +2.932]

---------------------------- Optimal solution -----------------------------
Primal variables:         [+0.884 +0.681 +0.152 +0.482 +0.947 +0.620 +0.222 +1.035 +1.159]
Dual slacks:              [+1.930 +1.486 +0.331 +1.053 +2.069 +1.353 +0.484 +2.260 +2.529]
Dual variables:           [+4.128 -2.620 +4.014 -2.261 -4.038 +3.803 +3.595 -1.756 -2.845]

Optimal objective:       +8.45436327e+00
===========================================================================

[F[K 
----------------- Linear system Information -----------------
Norm of RHS vector:      2.00e+00
Norm of matrix:          1.00e+00
Condition number:        4.00e+00

Minimum eigenvalue:      +2.50e-01

RHS vector transpose:    [+0.918 +0.846 +0.062 +0.796 +0.693 +0.603 +0.187 +0.602 +0.749]

Coffcient matrix:        [[+0.650 +0.095 +0.001 +0.047 +0.036 +0.051 -0.074 +0.053 +0.132]
                          [+0.095 +0.550 +0.029 +0.116 +0.136 +0.089 +0.068 +0.063 +0.054]
                          [+0.001 +0.029 +0.653 +0.100 -0.110 -0.036 -0.016 -0.029 +0.048]
                          [+0.047 +0.116 +0.100 +0.644 +0.134 +0.140 +0.080 +0.116 -0.001]
                          [+0.036 +0.136 -0.110 +0.134 +0.600 -0.033 -0.022 +0.049 -0.063]
                          [+0.051 +0.089 -0.036 +0.140 -0.033 +0.608 -0.079 -0.074 +0.158]
                          [-0.074 +0.068 -0.016 +0.080 -0.022 -0.079 +0.731 -0.036 +0.100]
                          [+0.053 +0.063 -0.029 +0.116 +0.049 -0.074 -0.036 +0.608 -0.140]
                          [+0.132 +0.054 +0.048 -0.001 -0.063 +0.158 +0.100 -0.140 +0.581]]

------------- Modified linear system Information ------------
Norm of RHS vector:      1.00e+00
Norm of matrix:          5.00e-01
Condition number:        4.00e+00

Norm of difference:      1.80e+00
Norm of residual:        1.16e+00

------------------- Parameters of the QLSA ------------------
HHL method:              2
num_qubits:              10
Is simulator:            True

-------------------- Results of the QLSA --------------------
Quantum solution:        [+1.496 +0.885 +0.725 +0.464 -0.243 +0.388 +0.506 +0.102 +0.878]
Exact solution:          [+0.884 +0.681 +0.152 +0.482 +0.947 +0.620 +0.222 +1.035 +1.159]

Norm of difference:      1.80e+00
Norm of residual:        1.16e+00
Is sign changed:         True
Time (s):                2.07e+02
=============================================================
