
--------------- Linear optimization problem characteristics ---------------
Seed:                    93
Number of variables:     10
Number of constraints:   10

Norm of primal sol:      3.45e+00
Norm of dual sol:        1.00e+01
Norm of dual slacks:     5.00e+00

Norm of vector b:        2.00e+00
Norm of vector c:        6.65e+00

Norm of matrix A:        1.00e+00
Condition number:        4.00e+00

----------------------- Linear optimization problem -----------------------
Coeff matrix A:          [[+0.639 -0.102 -0.032 +0.005 -0.047 -0.008 -0.028 -0.014 +0.002 +0.034]
                          [-0.102 +0.722 +0.055 +0.027 +0.005 +0.076 +0.078 -0.004 -0.056 -0.126]
                          [-0.032 +0.055 +0.605 +0.119 +0.070 -0.187 +0.061 +0.041 -0.013 -0.083]
                          [+0.005 +0.027 +0.119 +0.649 -0.061 +0.040 +0.004 +0.040 -0.171 +0.031]
                          [-0.047 +0.005 +0.070 -0.061 +0.555 +0.063 -0.001 -0.228 -0.011 -0.017]
                          [-0.008 +0.076 -0.187 +0.040 +0.063 +0.681 -0.023 -0.103 -0.107 +0.029]
                          [-0.028 +0.078 +0.061 +0.004 -0.001 -0.023 +0.615 +0.066 +0.078 +0.036]
                          [-0.014 -0.004 +0.041 +0.040 -0.228 -0.103 +0.066 +0.589 -0.050 -0.162]
                          [+0.002 -0.056 -0.013 -0.171 -0.011 -0.107 +0.078 -0.050 +0.568 -0.003]
                          [+0.034 -0.126 -0.083 +0.031 -0.017 +0.029 +0.036 -0.162 -0.003 +0.626]]

RHS vector b:            [+0.424 +0.713 +0.394 +0.991 +0.132 +0.579 +1.201 +0.327 +0.097 +0.513]
Obj vector c:            [-0.709 +0.877 +2.259 +1.477 +3.033 +2.812 -0.334 -2.309 +2.039 +2.984]

---------------------------- Optimal solution -----------------------------
Primal variables:         [+0.941 +1.020 +0.477 +1.492 +0.831 +1.023 +1.550 +1.165 +0.835 +1.156]
Dual slacks:              [+1.363 +1.478 +0.690 +2.162 +1.204 +1.482 +2.246 +1.688 +1.210 +1.675]
Dual variables:           [-3.554 -1.124 +4.638 -1.268 -0.342 +2.597 -4.232 -5.803 +1.644 +1.358]

Optimal objective:       +1.08519050e+01
===========================================================================

[F[K 
----------------- Linear system Information -----------------
Norm of RHS vector:      2.00e+00
Norm of matrix:          1.00e+00
Condition number:        4.00e+00

Minimum eigenvalue:      +2.50e-01

RHS vector transpose:    [+0.424 +0.713 +0.394 +0.991 +0.132 +0.579 +1.201 +0.327 +0.097 +0.513]

Coffcient matrix:        [[+0.639 -0.102 -0.032 +0.005 -0.047 -0.008 -0.028 -0.014 +0.002 +0.034]
                          [-0.102 +0.722 +0.055 +0.027 +0.005 +0.076 +0.078 -0.004 -0.056 -0.126]
                          [-0.032 +0.055 +0.605 +0.119 +0.070 -0.187 +0.061 +0.041 -0.013 -0.083]
                          [+0.005 +0.027 +0.119 +0.649 -0.061 +0.040 +0.004 +0.040 -0.171 +0.031]
                          [-0.047 +0.005 +0.070 -0.061 +0.555 +0.063 -0.001 -0.228 -0.011 -0.017]
                          [-0.008 +0.076 -0.187 +0.040 +0.063 +0.681 -0.023 -0.103 -0.107 +0.029]
                          [-0.028 +0.078 +0.061 +0.004 -0.001 -0.023 +0.615 +0.066 +0.078 +0.036]
                          [-0.014 -0.004 +0.041 +0.040 -0.228 -0.103 +0.066 +0.589 -0.050 -0.162]
                          [+0.002 -0.056 -0.013 -0.171 -0.011 -0.107 +0.078 -0.050 +0.568 -0.003]
                          [+0.034 -0.126 -0.083 +0.031 -0.017 +0.029 +0.036 -0.162 -0.003 +0.626]]

------------- Modified linear system Information ------------
Norm of RHS vector:      1.00e+00
Norm of matrix:          5.00e-01
Condition number:        4.00e+00

Norm of difference:      3.33e+00
Norm of residual:        2.26e+00

------------------- Parameters of the QLSA ------------------
HHL method:              2
num_qubits:              10
Is simulator:            True

-------------------- Results of the QLSA --------------------
Quantum solution:        [-1.433 +0.988 -0.604 +0.908 +0.535 +1.461 -0.185 +0.405 +0.937 +1.365]
Exact solution:          [+0.941 +1.020 +0.477 +1.492 +0.831 +1.023 +1.550 +1.165 +0.835 +1.156]

Norm of difference:      3.33e+00
Norm of residual:        2.26e+00
Is sign changed:         False
Time (s):                2.00e+02
=============================================================
