
--------------- Linear optimization problem characteristics ---------------
Seed:                    35
Number of variables:     10
Number of constraints:   10

Norm of primal sol:      2.96e+00
Norm of dual sol:        1.00e+01
Norm of dual slacks:     5.00e+00

Norm of vector b:        2.00e+00
Norm of vector c:        9.33e+00

Norm of matrix A:        1.00e+00
Condition number:        4.00e+00

----------------------- Linear optimization problem -----------------------
Coeff matrix A:          [[+0.650 -0.193 +0.063 -0.039 -0.016 -0.074 +0.020 +0.088 +0.128 -0.058]
                          [-0.193 +0.723 +0.072 +0.037 +0.126 -0.033 +0.016 -0.040 +0.021 +0.026]
                          [+0.063 +0.072 +0.539 -0.034 -0.025 +0.069 -0.083 +0.009 +0.007 -0.115]
                          [-0.039 +0.037 -0.034 +0.557 +0.135 +0.068 -0.035 -0.145 +0.016 -0.085]
                          [-0.016 +0.126 -0.025 +0.135 +0.615 -0.097 -0.054 +0.060 +0.055 -0.053]
                          [-0.074 -0.033 +0.069 +0.068 -0.097 +0.612 -0.118 -0.039 +0.020 -0.090]
                          [+0.020 +0.016 -0.083 -0.035 -0.054 -0.118 +0.687 +0.061 -0.013 -0.052]
                          [+0.088 -0.040 +0.009 -0.145 +0.060 -0.039 +0.061 +0.573 +0.059 +0.173]
                          [+0.128 +0.021 +0.007 +0.016 +0.055 +0.020 -0.013 +0.059 +0.661 -0.055]
                          [-0.058 +0.026 -0.115 -0.085 -0.053 -0.090 -0.052 +0.173 -0.055 +0.633]]

RHS vector b:            [+0.569 +0.545 +0.057 +0.279 +1.006 -0.284 +0.616 +0.727 +1.008 +0.532]
Obj vector c:            [+4.682 -2.829 +3.542 -1.116 +0.790 +3.578 -0.191 +3.380 +4.254 +0.612]

---------------------------- Optimal solution -----------------------------
Primal variables:         [+0.855 +0.575 +0.432 +0.518 +1.525 +0.208 +1.169 +0.516 +1.273 +1.267]
Dual slacks:              [+1.445 +0.973 +0.730 +0.875 +2.579 +0.351 +1.977 +0.873 +2.152 +2.142]
Dual variables:           [+2.601 -3.982 +3.617 -2.509 -1.721 +4.287 -2.754 +4.284 +2.192 -2.434]

Optimal objective:       +1.29843536e+01
===========================================================================

[F[K 
----------------- Linear system Information -----------------
Norm of RHS vector:      2.00e+00
Norm of matrix:          1.00e+00
Condition number:        4.00e+00

Minimum eigenvalue:      +2.50e-01

RHS vector transpose:    [+0.569 +0.545 +0.057 +0.279 +1.006 -0.284 +0.616 +0.727 +1.008 +0.532]

Coffcient matrix:        [[+0.650 -0.193 +0.063 -0.039 -0.016 -0.074 +0.020 +0.088 +0.128 -0.058]
                          [-0.193 +0.723 +0.072 +0.037 +0.126 -0.033 +0.016 -0.040 +0.021 +0.026]
                          [+0.063 +0.072 +0.539 -0.034 -0.025 +0.069 -0.083 +0.009 +0.007 -0.115]
                          [-0.039 +0.037 -0.034 +0.557 +0.135 +0.068 -0.035 -0.145 +0.016 -0.085]
                          [-0.016 +0.126 -0.025 +0.135 +0.615 -0.097 -0.054 +0.060 +0.055 -0.053]
                          [-0.074 -0.033 +0.069 +0.068 -0.097 +0.612 -0.118 -0.039 +0.020 -0.090]
                          [+0.020 +0.016 -0.083 -0.035 -0.054 -0.118 +0.687 +0.061 -0.013 -0.052]
                          [+0.088 -0.040 +0.009 -0.145 +0.060 -0.039 +0.061 +0.573 +0.059 +0.173]
                          [+0.128 +0.021 +0.007 +0.016 +0.055 +0.020 -0.013 +0.059 +0.661 -0.055]
                          [-0.058 +0.026 -0.115 -0.085 -0.053 -0.090 -0.052 +0.173 -0.055 +0.633]]

------------- Modified linear system Information ------------
Norm of RHS vector:      1.00e+00
Norm of matrix:          5.00e-01
Condition number:        4.00e+00

Norm of difference:      7.03e+00
Norm of residual:        2.46e+00

------------------- Parameters of the QLSA ------------------
HHL method:              2
num_qubits:              10
Is simulator:            True

-------------------- Results of the QLSA --------------------
Quantum solution:        [+0.402 -1.477 +1.809 -2.390 +3.694 +2.112 +2.286 -4.094 +0.884 +3.166]
Exact solution:          [+0.855 +0.575 +0.432 +0.518 +1.525 +0.208 +1.169 +0.516 +1.273 +1.267]

Norm of difference:      7.03e+00
Norm of residual:        2.46e+00
Is sign changed:         True
Time (s):                1.99e+02
=============================================================
