
--------------- Linear optimization problem characteristics ---------------
Seed:                    84
Number of variables:     6
Number of constraints:   6

Norm of primal sol:      3.64e+00
Norm of dual sol:        1.00e+01
Norm of dual slacks:     5.00e+00

Norm of vector b:        2.00e+00
Norm of vector c:        3.71e+00

Norm of matrix A:        1.00e+00
Condition number:        4.00e+00

----------------------- Linear optimization problem -----------------------
Coeff matrix A:          [[+0.500 -0.060 -0.045 -0.129 +0.026 -0.006]
                          [-0.060 +0.561 -0.002 -0.010 -0.194 +0.110]
                          [-0.045 -0.002 +0.667 -0.297 -0.017 -0.066]
                          [-0.129 -0.010 -0.297 +0.621 -0.059 +0.092]
                          [+0.026 -0.194 -0.017 -0.059 +0.709 +0.049]
                          [-0.006 +0.110 -0.066 +0.092 +0.049 +0.692]]

RHS vector b:            [-0.190 +0.058 -0.155 +0.755 +1.720 +0.639]
Obj vector c:            [-1.552 +0.258 +2.215 -0.007 +2.457 -0.611]

---------------------------- Optimal solution -----------------------------
Primal variables:         [+0.133 +1.068 +0.699 +1.813 +2.857 +0.377]
Dual slacks:              [+0.183 +1.468 +0.961 +2.492 +3.926 +0.518]
Dual variables:           [-5.504 -4.075 -1.376 -6.222 -3.533 -0.079]

Optimal objective:       +8.39151498e+00
===========================================================================

[F[K 
----------------- Linear system Information -----------------
Norm of RHS vector:      2.00e+00
Norm of matrix:          1.00e+00
Condition number:        4.00e+00

Minimum eigenvalue:      +2.50e-01

RHS vector transpose:    [-0.190 +0.058 -0.155 +0.755 +1.720 +0.639]

Coffcient matrix:        [[+0.500 -0.060 -0.045 -0.129 +0.026 -0.006]
                          [-0.060 +0.561 -0.002 -0.010 -0.194 +0.110]
                          [-0.045 -0.002 +0.667 -0.297 -0.017 -0.066]
                          [-0.129 -0.010 -0.297 +0.621 -0.059 +0.092]
                          [+0.026 -0.194 -0.017 -0.059 +0.709 +0.049]
                          [-0.006 +0.110 -0.066 +0.092 +0.049 +0.692]]

------------- Modified linear system Information ------------
Norm of RHS vector:      1.00e+00
Norm of matrix:          5.00e-01
Condition number:        4.00e+00

Norm of difference:      5.74e+00
Norm of residual:        2.28e+00

------------------- Parameters of the QLSA ------------------
HHL method:              2
num_qubits:              8
Is simulator:            True

-------------------- Results of the QLSA --------------------
Quantum solution:        [+4.105 +2.169 +2.619 +4.707 +1.569 -1.119]
Exact solution:          [+0.133 +1.068 +0.699 +1.813 +2.857 +0.377]

Norm of difference:      5.74e+00
Norm of residual:        2.28e+00
Is sign changed:         True
Time (s):                1.87e+01
=============================================================
