
--------------- Linear optimization problem characteristics ---------------
Seed:                    43
Number of variables:     9
Number of constraints:   9

Norm of primal sol:      2.37e+00
Norm of dual sol:        1.00e+01
Norm of dual slacks:     5.00e+00

Norm of vector b:        2.00e+00
Norm of vector c:        7.57e+00

Norm of matrix A:        1.00e+00
Condition number:        4.00e+00

----------------------- Linear optimization problem -----------------------
Coeff matrix A:          [[+0.540 -0.005 -0.110 -0.082 -0.130 -0.032 +0.041 -0.069 +0.022]
                          [-0.005 +0.729 +0.062 -0.057 -0.011 +0.054 +0.028 -0.004 -0.009]
                          [-0.110 +0.062 +0.683 +0.048 +0.062 +0.070 -0.064 +0.070 -0.002]
                          [-0.082 -0.057 +0.048 +0.493 +0.043 -0.179 +0.005 +0.102 +0.012]
                          [-0.130 -0.011 +0.062 +0.043 +0.531 +0.164 +0.028 +0.215 -0.074]
                          [-0.032 +0.054 +0.070 -0.179 +0.164 +0.704 -0.012 -0.041 +0.017]
                          [+0.041 +0.028 -0.064 +0.005 +0.028 -0.012 +0.721 +0.161 -0.070]
                          [-0.069 -0.004 +0.070 +0.102 +0.215 -0.041 +0.161 +0.598 +0.008]
                          [+0.022 -0.009 -0.002 +0.012 -0.074 +0.017 -0.070 +0.008 +0.626]]

RHS vector b:            [-0.091 +0.824 +0.337 +0.000 +0.737 +1.035 +0.959 +0.813 -0.056]
Obj vector c:            [+2.244 +1.808 +2.572 -1.818 -1.438 +5.958 -0.535 -0.958 -0.570]

---------------------------- Optimal solution -----------------------------
Primal variables:         [+0.191 +1.010 +0.221 +0.399 +0.542 +1.424 +1.104 +0.897 +0.048]
Dual slacks:              [+0.403 +2.131 +0.467 +0.842 +1.145 +3.006 +2.330 +1.893 +0.102]
Dual variables:           [+2.859 -1.285 +3.694 -3.003 -5.419 +4.484 -3.412 -1.162 -2.249]

Optimal objective:       +8.32679717e+00
===========================================================================

[F[K 
----------------- Linear system Information -----------------
Norm of RHS vector:      2.00e+00
Norm of matrix:          1.00e+00
Condition number:        4.00e+00

Minimum eigenvalue:      +2.50e-01

RHS vector transpose:    [-0.091 +0.824 +0.337 +0.000 +0.737 +1.035 +0.959 +0.813 -0.056]

Coffcient matrix:        [[+0.540 -0.005 -0.110 -0.082 -0.130 -0.032 +0.041 -0.069 +0.022]
                          [-0.005 +0.729 +0.062 -0.057 -0.011 +0.054 +0.028 -0.004 -0.009]
                          [-0.110 +0.062 +0.683 +0.048 +0.062 +0.070 -0.064 +0.070 -0.002]
                          [-0.082 -0.057 +0.048 +0.493 +0.043 -0.179 +0.005 +0.102 +0.012]
                          [-0.130 -0.011 +0.062 +0.043 +0.531 +0.164 +0.028 +0.215 -0.074]
                          [-0.032 +0.054 +0.070 -0.179 +0.164 +0.704 -0.012 -0.041 +0.017]
                          [+0.041 +0.028 -0.064 +0.005 +0.028 -0.012 +0.721 +0.161 -0.070]
                          [-0.069 -0.004 +0.070 +0.102 +0.215 -0.041 +0.161 +0.598 +0.008]
                          [+0.022 -0.009 -0.002 +0.012 -0.074 +0.017 -0.070 +0.008 +0.626]]

------------- Modified linear system Information ------------
Norm of RHS vector:      1.00e+00
Norm of matrix:          5.00e-01
Condition number:        4.00e+00

Norm of difference:      1.76e+00
Norm of residual:        7.60e-01

------------------- Parameters of the QLSA ------------------
HHL method:              2
num_qubits:              10
Is simulator:            True

-------------------- Results of the QLSA --------------------
Quantum solution:        [-0.489 +0.388 +0.121 -0.803 +0.709 +0.737 +1.060 +1.409 -0.093]
Exact solution:          [+0.191 +1.010 +0.221 +0.399 +0.542 +1.424 +1.104 +0.897 +0.048]

Norm of difference:      1.76e+00
Norm of residual:        7.60e-01
Is sign changed:         False
Time (s):                2.01e+02
=============================================================
