
--------------- Linear optimization problem characteristics ---------------
Seed:                    99
Number of variables:     9
Number of constraints:   9

Norm of primal sol:      3.42e+00
Norm of dual sol:        1.00e+01
Norm of dual slacks:     5.00e+00

Norm of vector b:        2.00e+00
Norm of vector c:        1.00e+01

Norm of matrix A:        1.00e+00
Condition number:        4.00e+00

----------------------- Linear optimization problem -----------------------
Coeff matrix A:          [[+0.666 -0.112 -0.115 -0.106 -0.010 -0.163 +0.005 +0.035 -0.046]
                          [-0.112 +0.696 -0.053 +0.041 -0.047 -0.043 -0.043 +0.053 -0.018]
                          [-0.115 -0.053 +0.644 +0.010 +0.109 +0.056 +0.004 -0.004 +0.123]
                          [-0.106 +0.041 +0.010 +0.640 +0.027 -0.179 -0.030 -0.060 +0.046]
                          [-0.010 -0.047 +0.109 +0.027 +0.606 -0.180 -0.029 +0.125 +0.092]
                          [-0.163 -0.043 +0.056 -0.179 -0.180 +0.676 -0.143 -0.043 -0.089]
                          [+0.005 -0.043 +0.004 -0.030 -0.029 -0.143 +0.601 +0.067 +0.044]
                          [+0.035 +0.053 -0.004 -0.060 +0.125 -0.043 +0.067 +0.586 -0.084]
                          [-0.046 -0.018 +0.123 +0.046 +0.092 -0.089 +0.044 -0.084 +0.511]]

RHS vector b:            [+0.282 +0.243 +1.243 -0.128 +0.994 +0.026 +0.197 +0.157 +1.117]
Obj vector c:            [-2.942 +3.939 +4.723 -1.173 +2.175 +5.830 -0.312 +2.932 +2.369]

---------------------------- Optimal solution -----------------------------
Primal variables:         [+1.245 +0.904 +1.529 +0.058 +1.496 +1.047 +0.551 +0.086 +1.834]
Dual slacks:              [+1.818 +1.320 +2.233 +0.085 +2.185 +1.530 +0.805 +0.126 +2.679]
Dual variables:           [-5.473 +2.994 +2.738 -1.360 -0.065 +4.760 -1.160 +5.259 +0.271]

Optimal objective:       +2.08353761e+01
===========================================================================

[F[K 
----------------- Linear system Information -----------------
Norm of RHS vector:      2.00e+00
Norm of matrix:          1.00e+00
Condition number:        4.00e+00

Minimum eigenvalue:      +2.50e-01

RHS vector transpose:    [+0.282 +0.243 +1.243 -0.128 +0.994 +0.026 +0.197 +0.157 +1.117]

Coffcient matrix:        [[+0.666 -0.112 -0.115 -0.106 -0.010 -0.163 +0.005 +0.035 -0.046]
                          [-0.112 +0.696 -0.053 +0.041 -0.047 -0.043 -0.043 +0.053 -0.018]
                          [-0.115 -0.053 +0.644 +0.010 +0.109 +0.056 +0.004 -0.004 +0.123]
                          [-0.106 +0.041 +0.010 +0.640 +0.027 -0.179 -0.030 -0.060 +0.046]
                          [-0.010 -0.047 +0.109 +0.027 +0.606 -0.180 -0.029 +0.125 +0.092]
                          [-0.163 -0.043 +0.056 -0.179 -0.180 +0.676 -0.143 -0.043 -0.089]
                          [+0.005 -0.043 +0.004 -0.030 -0.029 -0.143 +0.601 +0.067 +0.044]
                          [+0.035 +0.053 -0.004 -0.060 +0.125 -0.043 +0.067 +0.586 -0.084]
                          [-0.046 -0.018 +0.123 +0.046 +0.092 -0.089 +0.044 -0.084 +0.511]]

------------- Modified linear system Information ------------
Norm of RHS vector:      1.00e+00
Norm of matrix:          5.00e-01
Condition number:        4.00e+00

Norm of difference:      3.74e+00
Norm of residual:        2.50e+00

------------------- Parameters of the QLSA ------------------
HHL method:              2
num_qubits:              10
Is simulator:            True

-------------------- Results of the QLSA --------------------
Quantum solution:        [+0.379 -1.273 +0.805 -1.332 +0.499 +1.014 +0.157 +0.675 -0.301]
Exact solution:          [+1.245 +0.904 +1.529 +0.058 +1.496 +1.047 +0.551 +0.086 +1.834]

Norm of difference:      3.74e+00
Norm of residual:        2.50e+00
Is sign changed:         False
Time (s):                2.02e+02
=============================================================
