
--------------- Linear optimization problem characteristics ---------------
Seed:                    47
Number of variables:     6
Number of constraints:   6

Norm of primal sol:      2.97e+00
Norm of dual sol:        1.00e+01
Norm of dual slacks:     5.00e+00

Norm of vector b:        2.00e+00
Norm of vector c:        7.32e+00

Norm of matrix A:        1.00e+00
Condition number:        4.00e+00

----------------------- Linear optimization problem -----------------------
Coeff matrix A:          [[+0.660 -0.040 +0.023 -0.011 +0.089 -0.047]
                          [-0.040 +0.558 +0.228 -0.202 +0.036 -0.128]
                          [+0.023 +0.228 +0.725 -0.039 +0.042 -0.073]
                          [-0.011 -0.202 -0.039 +0.578 -0.188 -0.102]
                          [+0.089 +0.036 +0.042 -0.188 +0.559 +0.089]
                          [-0.047 -0.128 -0.073 -0.102 +0.089 +0.670]]

RHS vector b:            [+0.132 +0.998 +1.272 -0.425 +0.853 +0.679]
Obj vector c:            [+2.001 +4.426 +4.776 +0.371 +0.394 -2.611]

---------------------------- Optimal solution -----------------------------
Primal variables:         [+0.203 +1.745 +1.305 +0.629 +1.267 +1.432]
Dual slacks:              [+0.342 +2.934 +2.194 +1.058 +2.131 +2.408]
Dual variables:           [+2.243 -1.316 +3.175 -3.904 -3.760 -7.334]

Optimal objective:       +1.13538830e+01
===========================================================================

[F[K 
----------------- Linear system Information -----------------
Norm of RHS vector:      2.00e+00
Norm of matrix:          1.00e+00
Condition number:        4.00e+00

Minimum eigenvalue:      +2.50e-01

RHS vector transpose:    [+0.132 +0.998 +1.272 -0.425 +0.853 +0.679]

Coffcient matrix:        [[+0.660 -0.040 +0.023 -0.011 +0.089 -0.047]
                          [-0.040 +0.558 +0.228 -0.202 +0.036 -0.128]
                          [+0.023 +0.228 +0.725 -0.039 +0.042 -0.073]
                          [-0.011 -0.202 -0.039 +0.578 -0.188 -0.102]
                          [+0.089 +0.036 +0.042 -0.188 +0.559 +0.089]
                          [-0.047 -0.128 -0.073 -0.102 +0.089 +0.670]]

------------- Modified linear system Information ------------
Norm of RHS vector:      1.00e+00
Norm of matrix:          5.00e-01
Condition number:        4.00e+00

Norm of difference:      2.00e+00
Norm of residual:        1.51e+00

------------------- Parameters of the QLSA ------------------
HHL method:              2
num_qubits:              8
Is simulator:            True

-------------------- Results of the QLSA --------------------
Quantum solution:        [+0.686 +2.212 +0.978 +1.164 +0.942 -0.314]
Exact solution:          [+0.203 +1.745 +1.305 +0.629 +1.267 +1.432]

Norm of difference:      2.00e+00
Norm of residual:        1.51e+00
Is sign changed:         True
Time (s):                1.82e+01
=============================================================
