
--------------- Linear optimization problem characteristics ---------------
Seed:                    32
Number of variables:     8
Number of constraints:   8

Norm of primal sol:      4.10e+00
Norm of dual sol:        1.00e+01
Norm of dual slacks:     5.00e+00

Norm of vector b:        2.00e+00
Norm of vector c:        1.00e+01

Norm of matrix A:        1.00e+00
Condition number:        4.00e+00

----------------------- Linear optimization problem -----------------------
Coeff matrix A:          [[+0.752 +0.071 -0.066 -0.072 -0.000 -0.107 +0.026 +0.027]
                          [+0.071 +0.578 -0.026 -0.050 -0.039 -0.030 +0.126 -0.051]
                          [-0.066 -0.026 +0.621 -0.016 -0.118 +0.048 +0.065 -0.067]
                          [-0.072 -0.050 -0.016 +0.539 -0.108 +0.023 -0.078 -0.122]
                          [-0.000 -0.039 -0.118 -0.108 +0.645 +0.251 +0.074 -0.014]
                          [-0.107 -0.030 +0.048 +0.023 +0.251 +0.540 +0.163 -0.128]
                          [+0.026 +0.126 +0.065 -0.078 +0.074 +0.163 +0.677 -0.032]
                          [+0.027 -0.051 -0.067 -0.122 -0.014 -0.128 -0.032 +0.648]]

RHS vector b:            [+1.016 +0.254 +0.320 +0.488 +0.983 +0.940 +0.516 +0.669]
Obj vector c:            [+4.722 +2.288 -4.127 -0.230 +4.654 +1.132 +0.835 +5.632]

---------------------------- Optimal solution -----------------------------
Primal variables:         [+1.721 +0.747 +1.112 +1.915 +1.476 +1.635 +0.203 +1.860]
Dual slacks:              [+2.101 +0.912 +1.358 +2.337 +1.802 +1.996 +0.247 +2.271]
Dual variables:           [+2.041 +1.806 -7.635 -2.896 +3.044 -1.090 +0.963 +3.810]

Optimal objective:       +2.41686580e+01
===========================================================================


----------------- Linear system Information -----------------
Norm of RHS vector:      2.00e+00
Norm of matrix:          1.00e+00
Condition number:        4.00e+00

Minimum eigenvalue:      +2.50e-01

RHS vector transpose:    [+1.016 +0.254 +0.320 +0.488 +0.983 +0.940 +0.516 +0.669]

Coffcient matrix:        [[+0.752 +0.071 -0.066 -0.072 -0.000 -0.107 +0.026 +0.027]
                          [+0.071 +0.578 -0.026 -0.050 -0.039 -0.030 +0.126 -0.051]
                          [-0.066 -0.026 +0.621 -0.016 -0.118 +0.048 +0.065 -0.067]
                          [-0.072 -0.050 -0.016 +0.539 -0.108 +0.023 -0.078 -0.122]
                          [-0.000 -0.039 -0.118 -0.108 +0.645 +0.251 +0.074 -0.014]
                          [-0.107 -0.030 +0.048 +0.023 +0.251 +0.540 +0.163 -0.128]
                          [+0.026 +0.126 +0.065 -0.078 +0.074 +0.163 +0.677 -0.032]
                          [+0.027 -0.051 -0.067 -0.122 -0.014 -0.128 -0.032 +0.648]]

------------- Modified linear system Information ------------
Norm of RHS vector:      1.00e+00
Norm of matrix:          5.00e-01
Condition number:        4.00e+00

Norm of difference:      4.27e+00
Norm of residual:        2.20e+00

------------------- Parameters of the QLSA ------------------
HHL method:              2
num_qubits:              8
Is simulator:            True

-------------------- Results of the QLSA --------------------
Quantum solution:        [-0.089 +2.202 -1.117 -0.192 +0.725 +0.185 +0.676 +1.113]
Exact solution:          [+1.721 +0.747 +1.112 +1.915 +1.476 +1.635 +0.203 +1.860]

Norm of difference:      4.27e+00
Norm of residual:        2.20e+00
Is sign changed:         True
Time (s):                1.88e+01
=============================================================
