
--------------- Linear optimization problem characteristics ---------------
Seed:                    82
Number of variables:     5
Number of constraints:   5

Norm of primal sol:      3.37e+00
Norm of dual sol:        1.00e+01
Norm of dual slacks:     5.00e+00

Norm of vector b:        2.00e+00
Norm of vector c:        8.44e+00

Norm of matrix A:        1.00e+00
Condition number:        4.00e+00

----------------------- Linear optimization problem -----------------------
Coeff matrix A:          [[+0.572 -0.060 -0.080 -0.121 -0.103]
                          [-0.060 +0.778 -0.109 -0.171 -0.003]
                          [-0.080 -0.109 +0.629 -0.033 +0.255]
                          [-0.121 -0.171 -0.033 +0.515 +0.119]
                          [-0.103 -0.003 +0.255 +0.119 +0.631]]

RHS vector b:            [-0.192 +0.718 +1.023 +0.760 +1.350]
Obj vector c:            [+4.200 +6.660 +2.778 -0.937 -0.759]

---------------------------- Optimal solution -----------------------------
Primal variables:         [+0.710 +1.648 +1.609 +2.006 +1.233]
Dual slacks:              [+1.053 +2.446 +2.387 +2.977 +1.829]
Dual variables:           [+5.164 +5.595 +3.740 -3.331 -4.116]

Optimal objective:       +1.56126225e+01
===========================================================================

[F[K 
----------------- Linear system Information -----------------
Norm of RHS vector:      2.00e+00
Norm of matrix:          1.00e+00
Condition number:        4.00e+00

Minimum eigenvalue:      +2.50e-01

RHS vector transpose:    [-0.192 +0.718 +1.023 +0.760 +1.350]

Coffcient matrix:        [[+0.572 -0.060 -0.080 -0.121 -0.103]
                          [-0.060 +0.778 -0.109 -0.171 -0.003]
                          [-0.080 -0.109 +0.629 -0.033 +0.255]
                          [-0.121 -0.171 -0.033 +0.515 +0.119]
                          [-0.103 -0.003 +0.255 +0.119 +0.631]]

------------- Modified linear system Information ------------
Norm of RHS vector:      1.00e+00
Norm of matrix:          5.00e-01
Condition number:        4.00e+00

Norm of difference:      3.71e-01
Norm of residual:        1.09e-01

------------------- Parameters of the QLSA ------------------
HHL method:              2
num_qubits:              8
Is simulator:            True

-------------------- Results of the QLSA --------------------
Quantum solution:        [+0.545 +1.497 +1.486 +1.778 +1.375]
Exact solution:          [+0.710 +1.648 +1.609 +2.006 +1.233]

Norm of difference:      3.71e-01
Norm of residual:        1.09e-01
Is sign changed:         True
Time (s):                1.92e+01
=============================================================
