
--------------- Linear optimization problem characteristics ---------------
Seed:                    23
Number of variables:     8
Number of constraints:   8

Norm of primal sol:      2.88e+00
Norm of dual sol:        1.00e+01
Norm of dual slacks:     5.00e+00

Norm of vector b:        2.00e+00
Norm of vector c:        8.09e+00

Norm of matrix A:        1.00e+00
Condition number:        4.00e+00

----------------------- Linear optimization problem -----------------------
Coeff matrix A:          [[+0.587 +0.037 -0.087 -0.018 -0.106 +0.145 +0.010 +0.001]
                          [+0.037 +0.587 -0.046 -0.081 +0.021 -0.004 +0.201 +0.062]
                          [-0.087 -0.046 +0.700 -0.182 +0.071 +0.086 +0.004 -0.119]
                          [-0.018 -0.081 -0.182 +0.679 -0.128 +0.174 +0.040 -0.024]
                          [-0.106 +0.021 +0.071 -0.128 +0.644 -0.003 +0.134 +0.040]
                          [+0.145 -0.004 +0.086 +0.174 -0.003 +0.627 +0.025 +0.013]
                          [+0.010 +0.201 +0.004 +0.040 +0.134 +0.025 +0.685 -0.004]
                          [+0.001 +0.062 -0.119 -0.024 +0.040 +0.013 -0.004 +0.489]]

RHS vector b:            [+0.626 +1.046 +0.770 +0.100 +0.292 +1.133 +0.669 +0.308]
Obj vector c:            [+1.995 +2.985 -2.726 +3.767 +2.664 +1.322 +1.641 +4.410]

---------------------------- Optimal solution -----------------------------
Primal variables:         [+0.936 +1.714 +1.386 +0.511 +0.400 +1.242 +0.303 +0.710]
Dual slacks:              [+1.626 +2.976 +2.405 +0.887 +0.695 +2.156 +0.525 +1.233]
Dual variables:           [+1.287 -0.960 -5.423 +4.186 +4.196 -2.176 +0.976 +5.215]

Optimal objective:       +1.14718959e+01
===========================================================================


----------------- Linear system Information -----------------
Norm of RHS vector:      2.00e+00
Norm of matrix:          1.00e+00
Condition number:        4.00e+00

Minimum eigenvalue:      +2.50e-01

RHS vector transpose:    [+0.626 +1.046 +0.770 +0.100 +0.292 +1.133 +0.669 +0.308]

Coffcient matrix:        [[+0.587 +0.037 -0.087 -0.018 -0.106 +0.145 +0.010 +0.001]
                          [+0.037 +0.587 -0.046 -0.081 +0.021 -0.004 +0.201 +0.062]
                          [-0.087 -0.046 +0.700 -0.182 +0.071 +0.086 +0.004 -0.119]
                          [-0.018 -0.081 -0.182 +0.679 -0.128 +0.174 +0.040 -0.024]
                          [-0.106 +0.021 +0.071 -0.128 +0.644 -0.003 +0.134 +0.040]
                          [+0.145 -0.004 +0.086 +0.174 -0.003 +0.627 +0.025 +0.013]
                          [+0.010 +0.201 +0.004 +0.040 +0.134 +0.025 +0.685 -0.004]
                          [+0.001 +0.062 -0.119 -0.024 +0.040 +0.013 -0.004 +0.489]]

------------- Modified linear system Information ------------
Norm of RHS vector:      1.00e+00
Norm of matrix:          5.00e-01
Condition number:        4.00e+00

Norm of difference:      3.67e+00
Norm of residual:        2.19e+00

------------------- Parameters of the QLSA ------------------
HHL method:              2
num_qubits:              8
Is simulator:            True

-------------------- Results of the QLSA --------------------
Quantum solution:        [-1.913 +0.223 +1.341 -1.040 -0.060 +1.829 -0.066 +0.705]
Exact solution:          [+0.936 +1.714 +1.386 +0.511 +0.400 +1.242 +0.303 +0.710]

Norm of difference:      3.67e+00
Norm of residual:        2.19e+00
Is sign changed:         False
Time (s):                1.89e+01
=============================================================
