
--------------- Linear optimization problem characteristics ---------------
Seed:                    66
Number of variables:     5
Number of constraints:   5

Norm of primal sol:      2.30e+00
Norm of dual sol:        1.00e+01
Norm of dual slacks:     5.00e+00

Norm of vector b:        2.00e+00
Norm of vector c:        1.00e+01

Norm of matrix A:        1.00e+00
Condition number:        4.00e+00

----------------------- Linear optimization problem -----------------------
Coeff matrix A:          [[+0.548 -0.068 -0.183 -0.037 -0.031]
                          [-0.068 +0.505 +0.218 -0.046 +0.198]
                          [-0.183 +0.218 +0.667 +0.082 +0.029]
                          [-0.037 -0.046 +0.082 +0.826 +0.081]
                          [-0.031 +0.198 +0.029 +0.081 +0.579]]

RHS vector b:            [-0.062 +0.403 +0.854 +1.670 +0.561]
Obj vector c:            [-3.555 +5.006 +6.062 +4.463 +2.368]

---------------------------- Optimal solution -----------------------------
Primal variables:         [+0.433 +0.375 +1.018 +1.907 +0.546]
Dual slacks:              [+0.941 +0.815 +2.212 +4.141 +1.186]
Dual variables:           [-6.815 +7.079 +1.578 +0.406 -0.882]

Optimal objective:       +1.63184427e+01
===========================================================================

[F[K 
----------------- Linear system Information -----------------
Norm of RHS vector:      2.00e+00
Norm of matrix:          1.00e+00
Condition number:        4.00e+00

Minimum eigenvalue:      +2.50e-01

RHS vector transpose:    [-0.062 +0.403 +0.854 +1.670 +0.561]

Coffcient matrix:        [[+0.548 -0.068 -0.183 -0.037 -0.031]
                          [-0.068 +0.505 +0.218 -0.046 +0.198]
                          [-0.183 +0.218 +0.667 +0.082 +0.029]
                          [-0.037 -0.046 +0.082 +0.826 +0.081]
                          [-0.031 +0.198 +0.029 +0.081 +0.579]]

------------- Modified linear system Information ------------
Norm of RHS vector:      1.00e+00
Norm of matrix:          5.00e-01
Condition number:        4.00e+00

Norm of difference:      2.62e+00
Norm of residual:        1.28e+00

------------------- Parameters of the QLSA ------------------
HHL method:              2
num_qubits:              8
Is simulator:            True

-------------------- Results of the QLSA --------------------
Quantum solution:        [-1.421 -0.496 -0.582 +1.991 +0.891]
Exact solution:          [+0.433 +0.375 +1.018 +1.907 +0.546]

Norm of difference:      2.62e+00
Norm of residual:        1.28e+00
Is sign changed:         False
Time (s):                1.82e+01
=============================================================
