
--------------- Linear optimization problem characteristics ---------------
Seed:                    14
Number of variables:     7
Number of constraints:   7

Norm of primal sol:      3.63e+00
Norm of dual sol:        1.00e+01
Norm of dual slacks:     5.00e+00

Norm of vector b:        2.00e+00
Norm of vector c:        6.37e+00

Norm of matrix A:        1.00e+00
Condition number:        4.00e+00

----------------------- Linear optimization problem -----------------------
Coeff matrix A:          [[+0.624 +0.075 +0.026 +0.082 -0.090 +0.053 +0.014]
                          [+0.075 +0.591 -0.027 +0.064 +0.015 +0.083 -0.111]
                          [+0.026 -0.027 +0.701 +0.030 -0.136 -0.147 -0.156]
                          [+0.082 +0.064 +0.030 +0.553 +0.158 +0.045 +0.056]
                          [-0.090 +0.015 -0.136 +0.158 +0.690 -0.224 +0.126]
                          [+0.053 +0.083 -0.147 +0.045 -0.224 +0.626 -0.000]
                          [+0.014 -0.111 -0.156 +0.056 +0.126 -0.000 +0.590]]

RHS vector b:            [+0.921 +1.067 +0.725 +0.519 -0.187 +1.053 +0.270]
Obj vector c:            [+0.308 +3.606 +1.125 +1.442 -0.196 +4.379 -2.220]

---------------------------- Optimal solution -----------------------------
Primal variables:         [+1.095 +1.647 +1.855 +0.017 +0.660 +2.040 +1.093]
Dual slacks:              [+1.510 +2.272 +2.557 +0.024 +0.910 +2.814 +1.508]
Dual variables:           [-2.632 +0.568 -4.037 +4.439 -2.285 +0.563 -7.156]

Optimal objective:       +1.47673379e+01
===========================================================================

[F[K 
----------------- Linear system Information -----------------
Norm of RHS vector:      2.00e+00
Norm of matrix:          1.00e+00
Condition number:        4.00e+00

Minimum eigenvalue:      +2.50e-01

RHS vector transpose:    [+0.921 +1.067 +0.725 +0.519 -0.187 +1.053 +0.270]

Coffcient matrix:        [[+0.624 +0.075 +0.026 +0.082 -0.090 +0.053 +0.014]
                          [+0.075 +0.591 -0.027 +0.064 +0.015 +0.083 -0.111]
                          [+0.026 -0.027 +0.701 +0.030 -0.136 -0.147 -0.156]
                          [+0.082 +0.064 +0.030 +0.553 +0.158 +0.045 +0.056]
                          [-0.090 +0.015 -0.136 +0.158 +0.690 -0.224 +0.126]
                          [+0.053 +0.083 -0.147 +0.045 -0.224 +0.626 -0.000]
                          [+0.014 -0.111 -0.156 +0.056 +0.126 -0.000 +0.590]]

------------- Modified linear system Information ------------
Norm of RHS vector:      1.00e+00
Norm of matrix:          5.00e-01
Condition number:        4.00e+00

Norm of difference:      4.40e+00
Norm of residual:        2.39e+00

------------------- Parameters of the QLSA ------------------
HHL method:              2
num_qubits:              8
Is simulator:            True

-------------------- Results of the QLSA --------------------
Quantum solution:        [+0.847 -0.445 -0.854 -0.753 -1.183 +1.264 -0.642]
Exact solution:          [+1.095 +1.647 +1.855 +0.017 +0.660 +2.040 +1.093]

Norm of difference:      4.40e+00
Norm of residual:        2.39e+00
Is sign changed:         False
Time (s):                1.82e+01
=============================================================
