
--------------- Linear optimization problem characteristics ---------------
Seed:                    80
Number of variables:     8
Number of constraints:   8

Norm of primal sol:      2.95e+00
Norm of dual sol:        1.00e+01
Norm of dual slacks:     5.00e+00

Norm of vector b:        2.00e+00
Norm of vector c:        7.26e+00

Norm of matrix A:        1.00e+00
Condition number:        4.00e+00

----------------------- Linear optimization problem -----------------------
Coeff matrix A:          [[+0.616 -0.079 +0.132 -0.044 +0.037 -0.063 +0.068 -0.038]
                          [-0.079 +0.455 +0.043 -0.183 +0.015 +0.143 -0.072 +0.058]
                          [+0.132 +0.043 +0.679 -0.036 -0.086 +0.209 +0.077 -0.121]
                          [-0.044 -0.183 -0.036 +0.584 +0.065 -0.041 +0.069 +0.074]
                          [+0.037 +0.015 -0.086 +0.065 +0.796 -0.017 +0.024 -0.074]
                          [-0.063 +0.143 +0.209 -0.041 -0.017 +0.697 -0.027 +0.036]
                          [+0.068 -0.072 +0.077 +0.069 +0.024 -0.027 +0.563 -0.078]
                          [-0.038 +0.058 -0.121 +0.074 -0.074 +0.036 -0.078 +0.609]]

RHS vector b:            [+0.474 +0.500 +0.539 +0.540 +1.328 +1.007 +0.268 +0.307]
Obj vector c:            [+1.527 +1.091 +5.023 -0.063 +0.340 +3.033 +3.128 -2.204]

---------------------------- Optimal solution -----------------------------
Primal variables:         [+0.932 +1.250 +0.482 +1.205 +1.622 +1.224 +0.378 +0.567]
Dual slacks:              [+1.580 +2.117 +0.817 +2.042 +2.749 +2.074 +0.641 +0.960]
Dual variables:           [-2.483 -4.050 +5.302 -4.477 -2.299 +0.376 +3.690 -3.200]

Optimal objective:       +9.32931427e+00
===========================================================================


----------------- Linear system Information -----------------
Norm of RHS vector:      2.00e+00
Norm of matrix:          1.00e+00
Condition number:        4.00e+00

Minimum eigenvalue:      +2.50e-01

RHS vector transpose:    [+0.474 +0.500 +0.539 +0.540 +1.328 +1.007 +0.268 +0.307]

Coffcient matrix:        [[+0.616 -0.079 +0.132 -0.044 +0.037 -0.063 +0.068 -0.038]
                          [-0.079 +0.455 +0.043 -0.183 +0.015 +0.143 -0.072 +0.058]
                          [+0.132 +0.043 +0.679 -0.036 -0.086 +0.209 +0.077 -0.121]
                          [-0.044 -0.183 -0.036 +0.584 +0.065 -0.041 +0.069 +0.074]
                          [+0.037 +0.015 -0.086 +0.065 +0.796 -0.017 +0.024 -0.074]
                          [-0.063 +0.143 +0.209 -0.041 -0.017 +0.697 -0.027 +0.036]
                          [+0.068 -0.072 +0.077 +0.069 +0.024 -0.027 +0.563 -0.078]
                          [-0.038 +0.058 -0.121 +0.074 -0.074 +0.036 -0.078 +0.609]]

------------- Modified linear system Information ------------
Norm of RHS vector:      1.00e+00
Norm of matrix:          5.00e-01
Condition number:        4.00e+00

Norm of difference:      2.16e+00
Norm of residual:        1.26e+00

------------------- Parameters of the QLSA ------------------
HHL method:              2
num_qubits:              8
Is simulator:            True

-------------------- Results of the QLSA --------------------
Quantum solution:        [-0.001 +0.856 +0.568 -0.282 +1.791 +1.150 +0.023 -0.548]
Exact solution:          [+0.932 +1.250 +0.482 +1.205 +1.622 +1.224 +0.378 +0.567]

Norm of difference:      2.16e+00
Norm of residual:        1.26e+00
Is sign changed:         False
Time (s):                1.79e+01
=============================================================
