
--------------- Linear optimization problem characteristics ---------------
Seed:                    45
Number of variables:     10
Number of constraints:   10

Norm of primal sol:      2.68e+00
Norm of dual sol:        1.00e+01
Norm of dual slacks:     5.00e+00

Norm of vector b:        2.00e+00
Norm of vector c:        1.04e+01

Norm of matrix A:        1.00e+00
Condition number:        4.00e+00

----------------------- Linear optimization problem -----------------------
Coeff matrix A:          [[+0.649 -0.013 +0.157 +0.069 -0.077 -0.000 -0.045 +0.010 +0.112 -0.030]
                          [-0.013 +0.568 +0.051 +0.021 +0.116 +0.046 +0.103 +0.014 +0.056 -0.004]
                          [+0.157 +0.051 +0.661 +0.079 +0.017 +0.036 -0.049 +0.131 +0.029 -0.020]
                          [+0.069 +0.021 +0.079 +0.535 -0.103 +0.185 +0.043 -0.024 +0.103 -0.006]
                          [-0.077 +0.116 +0.017 -0.103 +0.622 +0.052 -0.121 -0.094 +0.027 +0.030]
                          [-0.000 +0.046 +0.036 +0.185 +0.052 +0.730 +0.072 -0.062 -0.103 +0.060]
                          [-0.045 +0.103 -0.049 +0.043 -0.121 +0.072 +0.661 +0.111 -0.010 -0.034]
                          [+0.010 +0.014 +0.131 -0.024 -0.094 -0.062 +0.111 +0.455 +0.099 -0.087]
                          [+0.112 +0.056 +0.029 +0.103 +0.027 -0.103 -0.010 +0.099 +0.732 -0.032]
                          [-0.030 -0.004 -0.020 -0.006 +0.030 +0.060 -0.034 -0.087 -0.032 +0.639]]

RHS vector b:            [+1.155 +0.719 +0.736 +0.344 +0.514 +0.785 +0.017 +0.032 +0.362 +0.691]
Obj vector c:            [+6.480 +3.657 +5.335 +0.373 +1.278 +0.242 +3.448 +3.039 +1.086 -0.130]

---------------------------- Optimal solution -----------------------------
Primal variables:         [+1.776 +0.987 +0.505 +0.139 +0.798 +0.849 +0.087 +0.293 +0.208 +1.126]
Dual slacks:              [+3.317 +1.843 +0.944 +0.259 +1.491 +1.586 +0.163 +0.548 +0.389 +2.104]
Dual variables:           [+4.095 +1.726 +5.642 -0.341 +1.360 -2.499 +5.472 +1.990 -0.684 -2.418]

Optimal objective:       +2.03606367e+01
===========================================================================

[F[K 
----------------- Linear system Information -----------------
Norm of RHS vector:      2.00e+00
Norm of matrix:          1.00e+00
Condition number:        4.00e+00

Minimum eigenvalue:      +2.50e-01

RHS vector transpose:    [+1.155 +0.719 +0.736 +0.344 +0.514 +0.785 +0.017 +0.032 +0.362 +0.691]

Coffcient matrix:        [[+0.649 -0.013 +0.157 +0.069 -0.077 -0.000 -0.045 +0.010 +0.112 -0.030]
                          [-0.013 +0.568 +0.051 +0.021 +0.116 +0.046 +0.103 +0.014 +0.056 -0.004]
                          [+0.157 +0.051 +0.661 +0.079 +0.017 +0.036 -0.049 +0.131 +0.029 -0.020]
                          [+0.069 +0.021 +0.079 +0.535 -0.103 +0.185 +0.043 -0.024 +0.103 -0.006]
                          [-0.077 +0.116 +0.017 -0.103 +0.622 +0.052 -0.121 -0.094 +0.027 +0.030]
                          [-0.000 +0.046 +0.036 +0.185 +0.052 +0.730 +0.072 -0.062 -0.103 +0.060]
                          [-0.045 +0.103 -0.049 +0.043 -0.121 +0.072 +0.661 +0.111 -0.010 -0.034]
                          [+0.010 +0.014 +0.131 -0.024 -0.094 -0.062 +0.111 +0.455 +0.099 -0.087]
                          [+0.112 +0.056 +0.029 +0.103 +0.027 -0.103 -0.010 +0.099 +0.732 -0.032]
                          [-0.030 -0.004 -0.020 -0.006 +0.030 +0.060 -0.034 -0.087 -0.032 +0.639]]

------------- Modified linear system Information ------------
Norm of RHS vector:      1.00e+00
Norm of matrix:          5.00e-01
Condition number:        4.00e+00

Norm of difference:      3.49e+00
Norm of residual:        2.72e+00

------------------- Parameters of the QLSA ------------------
HHL method:              2
num_qubits:              10
Is simulator:            True

-------------------- Results of the QLSA --------------------
Quantum solution:        [+0.601 -0.110 +0.442 +0.465 -1.185 -0.316 +0.871 +0.807 +0.611 -0.645]
Exact solution:          [+1.776 +0.987 +0.505 +0.139 +0.798 +0.849 +0.087 +0.293 +0.208 +1.126]

Norm of difference:      3.49e+00
Norm of residual:        2.72e+00
Is sign changed:         True
Time (s):                2.07e+02
=============================================================
