
--------------- Linear optimization problem characteristics ---------------
Seed:                    45
Number of variables:     5
Number of constraints:   5

Norm of primal sol:      3.74e+00
Norm of dual sol:        1.00e+01
Norm of dual slacks:     5.00e+00

Norm of vector b:        2.00e+00
Norm of vector c:        6.62e+00

Norm of matrix A:        1.00e+00
Condition number:        4.00e+00

----------------------- Linear optimization problem -----------------------
Coeff matrix A:          [[+0.551 -0.014 -0.101 -0.074 -0.116]
                          [-0.014 +0.621 +0.182 -0.088 +0.144]
                          [-0.101 +0.182 +0.731 -0.122 -0.221]
                          [-0.074 -0.088 -0.122 +0.578 +0.107]
                          [-0.116 +0.144 -0.221 +0.107 +0.644]]

RHS vector b:            [+1.351 +1.307 +0.294 -0.189 +0.587]
Obj vector c:            [+4.511 -1.972 -3.295 -1.503 +2.545]

---------------------------- Optimal solution -----------------------------
Primal variables:         [+2.959 +1.644 +0.842 +0.231 +1.330]
Dual slacks:              [+3.956 +2.198 +1.126 +0.309 +1.778]
Dual variables:           [-0.392 -6.505 -4.851 -5.534 +1.836]

Optimal objective:       +1.03665210e+01
===========================================================================

[F[K 
----------------- Linear system Information -----------------
Norm of RHS vector:      2.00e+00
Norm of matrix:          1.00e+00
Condition number:        4.00e+00

Minimum eigenvalue:      +2.50e-01

RHS vector transpose:    [+1.351 +1.307 +0.294 -0.189 +0.587]

Coffcient matrix:        [[+0.551 -0.014 -0.101 -0.074 -0.116]
                          [-0.014 +0.621 +0.182 -0.088 +0.144]
                          [-0.101 +0.182 +0.731 -0.122 -0.221]
                          [-0.074 -0.088 -0.122 +0.578 +0.107]
                          [-0.116 +0.144 -0.221 +0.107 +0.644]]

------------- Modified linear system Information ------------
Norm of RHS vector:      1.00e+00
Norm of matrix:          5.00e-01
Condition number:        4.00e+00

Norm of difference:      3.07e+00
Norm of residual:        1.72e+00

------------------- Parameters of the QLSA ------------------
HHL method:              2
num_qubits:              8
Is simulator:            True

-------------------- Results of the QLSA --------------------
Quantum solution:        [-0.003 +2.247 +0.911 +0.187 +0.772]
Exact solution:          [+2.959 +1.644 +0.842 +0.231 +1.330]

Norm of difference:      3.07e+00
Norm of residual:        1.72e+00
Is sign changed:         True
Time (s):                1.80e+01
=============================================================
