
--------------- Linear optimization problem characteristics ---------------
Seed:                    100
Number of variables:     5
Number of constraints:   5

Norm of primal sol:      2.94e+00
Norm of dual sol:        1.00e+01
Norm of dual slacks:     5.00e+00

Norm of vector b:        2.00e+00
Norm of vector c:        5.72e+00

Norm of matrix A:        1.00e+00
Condition number:        4.00e+00

----------------------- Linear optimization problem -----------------------
Coeff matrix A:          [[+0.647 -0.061 -0.004 +0.016 +0.302]
                          [-0.061 +0.619 -0.154 +0.122 +0.144]
                          [-0.004 -0.154 +0.678 -0.003 -0.043]
                          [+0.016 +0.122 -0.003 +0.587 +0.129]
                          [+0.302 +0.144 -0.043 +0.129 +0.594]]

RHS vector b:            [+0.906 +0.462 +0.627 +1.404 +0.777]
Obj vector c:            [-1.300 +1.944 +4.894 +0.811 -1.621]

---------------------------- Optimal solution -----------------------------
Primal variables:         [+1.418 +0.726 +1.107 +2.204 +0.012]
Dual slacks:              [+2.414 +1.237 +1.886 +3.753 +0.021]
Dual variables:           [-5.866 +2.647 +5.051 -5.631 +1.164]

Optimal objective:       +6.75522375e+00
===========================================================================

[F[K 
----------------- Linear system Information -----------------
Norm of RHS vector:      2.00e+00
Norm of matrix:          1.00e+00
Condition number:        4.00e+00

Minimum eigenvalue:      +2.50e-01

RHS vector transpose:    [+0.906 +0.462 +0.627 +1.404 +0.777]

Coffcient matrix:        [[+0.647 -0.061 -0.004 +0.016 +0.302]
                          [-0.061 +0.619 -0.154 +0.122 +0.144]
                          [-0.004 -0.154 +0.678 -0.003 -0.043]
                          [+0.016 +0.122 -0.003 +0.587 +0.129]
                          [+0.302 +0.144 -0.043 +0.129 +0.594]]

------------- Modified linear system Information ------------
Norm of RHS vector:      1.00e+00
Norm of matrix:          5.00e-01
Condition number:        4.00e+00

Norm of difference:      2.92e+00
Norm of residual:        2.28e+00

------------------- Parameters of the QLSA ------------------
HHL method:              2
num_qubits:              8
Is simulator:            True

-------------------- Results of the QLSA --------------------
Quantum solution:        [+0.743 -1.166 +2.109 +0.349 +0.286]
Exact solution:          [+1.418 +0.726 +1.107 +2.204 +0.012]

Norm of difference:      2.92e+00
Norm of residual:        2.28e+00
Is sign changed:         True
Time (s):                1.88e+01
=============================================================
