
--------------- Linear optimization problem characteristics ---------------
Seed:                    52
Number of variables:     6
Number of constraints:   6

Norm of primal sol:      3.14e+00
Norm of dual sol:        1.00e+01
Norm of dual slacks:     5.00e+00

Norm of vector b:        2.00e+00
Norm of vector c:        7.41e+00

Norm of matrix A:        1.00e+00
Condition number:        4.00e+00

----------------------- Linear optimization problem -----------------------
Coeff matrix A:          [[+0.637 -0.075 +0.067 +0.063 +0.044 -0.025]
                          [-0.075 +0.590 -0.041 -0.178 +0.100 -0.044]
                          [+0.067 -0.041 +0.509 -0.107 +0.271 +0.066]
                          [+0.063 -0.178 -0.107 +0.739 -0.062 -0.131]
                          [+0.044 +0.100 +0.271 -0.062 +0.685 -0.091]
                          [-0.025 -0.044 +0.066 -0.131 -0.091 +0.590]]

RHS vector b:            [+1.444 -0.468 +0.417 +1.010 +0.176 +0.686]
Obj vector c:            [+0.020 +3.423 +3.756 +0.315 +3.033 +4.450]

---------------------------- Optimal solution -----------------------------
Primal variables:         [+2.108 +0.067 +0.540 +1.584 +0.252 +1.588]
Dual slacks:              [+3.361 +0.107 +0.861 +2.525 +0.401 +2.532]
Dual variables:           [-5.217 +5.387 +5.618 +0.247 +1.597 +3.096]

Optimal objective:       +1.06276623e+01
===========================================================================

[F[K 
----------------- Linear system Information -----------------
Norm of RHS vector:      2.00e+00
Norm of matrix:          1.00e+00
Condition number:        4.00e+00

Minimum eigenvalue:      +2.50e-01

RHS vector transpose:    [+1.444 -0.468 +0.417 +1.010 +0.176 +0.686]

Coffcient matrix:        [[+0.637 -0.075 +0.067 +0.063 +0.044 -0.025]
                          [-0.075 +0.590 -0.041 -0.178 +0.100 -0.044]
                          [+0.067 -0.041 +0.509 -0.107 +0.271 +0.066]
                          [+0.063 -0.178 -0.107 +0.739 -0.062 -0.131]
                          [+0.044 +0.100 +0.271 -0.062 +0.685 -0.091]
                          [-0.025 -0.044 +0.066 -0.131 -0.091 +0.590]]

------------- Modified linear system Information ------------
Norm of RHS vector:      1.00e+00
Norm of matrix:          5.00e-01
Condition number:        4.00e+00

Norm of difference:      2.78e+00
Norm of residual:        1.74e+00

------------------- Parameters of the QLSA ------------------
HHL method:              2
num_qubits:              8
Is simulator:            True

-------------------- Results of the QLSA --------------------
Quantum solution:        [+1.144 -0.245 +0.608 +1.293 +1.289 -0.762]
Exact solution:          [+2.108 +0.067 +0.540 +1.584 +0.252 +1.588]

Norm of difference:      2.78e+00
Norm of residual:        1.74e+00
Is sign changed:         False
Time (s):                1.88e+01
=============================================================
