
--------------- Linear optimization problem characteristics ---------------
Seed:                    37
Number of variables:     10
Number of constraints:   10

Norm of primal sol:      2.63e+00
Norm of dual sol:        1.00e+01
Norm of dual slacks:     5.00e+00

Norm of vector b:        2.00e+00
Norm of vector c:        1.17e+01

Norm of matrix A:        1.00e+00
Condition number:        4.00e+00

----------------------- Linear optimization problem -----------------------
Coeff matrix A:          [[+0.687 -0.036 -0.105 +0.058 +0.094 +0.115 +0.082 -0.092 +0.022 +0.022]
                          [-0.036 +0.617 +0.131 +0.021 -0.096 +0.073 -0.076 +0.053 -0.023 -0.078]
                          [-0.105 +0.131 +0.640 -0.013 +0.139 +0.010 -0.033 +0.073 -0.052 +0.247]
                          [+0.058 +0.021 -0.013 +0.496 +0.134 -0.037 -0.027 -0.040 +0.044 +0.036]
                          [+0.094 -0.096 +0.139 +0.134 +0.764 -0.011 -0.026 +0.073 -0.001 +0.027]
                          [+0.115 +0.073 +0.010 -0.037 -0.011 +0.621 +0.009 -0.055 -0.099 -0.017]
                          [+0.082 -0.076 -0.033 -0.027 -0.026 +0.009 +0.577 +0.080 -0.049 +0.077]
                          [-0.092 +0.053 +0.073 -0.040 +0.073 -0.055 +0.080 +0.492 -0.016 -0.010]
                          [+0.022 -0.023 -0.052 +0.044 -0.001 -0.099 -0.049 -0.016 +0.708 -0.039]
                          [+0.022 -0.078 +0.247 +0.036 +0.027 -0.017 +0.077 -0.010 -0.039 +0.648]]

RHS vector b:            [+1.041 +0.344 +0.549 +0.581 +0.962 +0.643 +0.243 +0.418 +0.155 +0.750]
Obj vector c:            [+5.250 +0.881 +1.552 +5.251 +5.990 -0.384 +1.110 +2.412 +2.737 +5.246]

---------------------------- Optimal solution -----------------------------
Primal variables:         [+1.320 +0.649 +0.269 +0.813 +0.867 +0.956 +0.145 +1.042 +0.394 +1.053]
Dual slacks:              [+2.507 +1.232 +0.512 +1.544 +1.646 +1.816 +0.275 +1.978 +0.748 +2.000]
Dual variables:           [+3.252 +1.415 -0.628 +5.148 +4.411 -3.368 +1.066 +0.815 +2.277 +4.769]

Optimal objective:       +2.62894904e+01
===========================================================================

[F[K 
----------------- Linear system Information -----------------
Norm of RHS vector:      2.00e+00
Norm of matrix:          1.00e+00
Condition number:        4.00e+00

Minimum eigenvalue:      +2.50e-01

RHS vector transpose:    [+1.041 +0.344 +0.549 +0.581 +0.962 +0.643 +0.243 +0.418 +0.155 +0.750]

Coffcient matrix:        [[+0.687 -0.036 -0.105 +0.058 +0.094 +0.115 +0.082 -0.092 +0.022 +0.022]
                          [-0.036 +0.617 +0.131 +0.021 -0.096 +0.073 -0.076 +0.053 -0.023 -0.078]
                          [-0.105 +0.131 +0.640 -0.013 +0.139 +0.010 -0.033 +0.073 -0.052 +0.247]
                          [+0.058 +0.021 -0.013 +0.496 +0.134 -0.037 -0.027 -0.040 +0.044 +0.036]
                          [+0.094 -0.096 +0.139 +0.134 +0.764 -0.011 -0.026 +0.073 -0.001 +0.027]
                          [+0.115 +0.073 +0.010 -0.037 -0.011 +0.621 +0.009 -0.055 -0.099 -0.017]
                          [+0.082 -0.076 -0.033 -0.027 -0.026 +0.009 +0.577 +0.080 -0.049 +0.077]
                          [-0.092 +0.053 +0.073 -0.040 +0.073 -0.055 +0.080 +0.492 -0.016 -0.010]
                          [+0.022 -0.023 -0.052 +0.044 -0.001 -0.099 -0.049 -0.016 +0.708 -0.039]
                          [+0.022 -0.078 +0.247 +0.036 +0.027 -0.017 +0.077 -0.010 -0.039 +0.648]]

------------- Modified linear system Information ------------
Norm of RHS vector:      1.00e+00
Norm of matrix:          5.00e-01
Condition number:        4.00e+00

Norm of difference:      3.24e+00
Norm of residual:        2.12e+00

------------------- Parameters of the QLSA ------------------
HHL method:              2
num_qubits:              10
Is simulator:            True

-------------------- Results of the QLSA --------------------
Quantum solution:        [+0.901 +1.638 +0.654 -0.330 +0.032 +0.022 +1.811 +1.222 +1.644 -0.344]
Exact solution:          [+1.320 +0.649 +0.269 +0.813 +0.867 +0.956 +0.145 +1.042 +0.394 +1.053]

Norm of difference:      3.24e+00
Norm of residual:        2.12e+00
Is sign changed:         True
Time (s):                1.97e+02
=============================================================
