
--------------- Linear optimization problem characteristics ---------------
Seed:                    14
Number of variables:     6
Number of constraints:   6

Norm of primal sol:      3.82e+00
Norm of dual sol:        1.00e+01
Norm of dual slacks:     5.00e+00

Norm of vector b:        2.00e+00
Norm of vector c:        8.35e+00

Norm of matrix A:        1.00e+00
Condition number:        4.00e+00

----------------------- Linear optimization problem -----------------------
Coeff matrix A:          [[+0.590 +0.052 -0.187 -0.068 -0.086 -0.018]
                          [+0.052 +0.665 +0.170 -0.040 +0.035 -0.043]
                          [-0.187 +0.170 +0.629 +0.083 -0.091 -0.196]
                          [-0.068 -0.040 +0.083 +0.689 -0.229 -0.017]
                          [-0.086 +0.035 -0.091 -0.229 +0.618 +0.041]
                          [-0.018 -0.043 -0.196 -0.017 +0.041 +0.559]]

RHS vector b:            [+0.321 +1.549 +0.865 -0.177 +0.313 +0.787]
Obj vector c:            [+1.306 +0.616 +2.084 -5.172 +5.857 +1.475]

---------------------------- Optimal solution -----------------------------
Primal variables:         [+1.209 +1.819 +2.047 +0.019 +0.729 +2.253]
Dual slacks:              [+1.584 +2.383 +2.682 +0.025 +0.954 +2.951]
Dual variables:           [+0.273 -3.779 +0.815 -5.797 +6.373 -3.280]

Optimal objective:       +1.44584181e+01
===========================================================================

[F[K 
----------------- Linear system Information -----------------
Norm of RHS vector:      2.00e+00
Norm of matrix:          1.00e+00
Condition number:        4.00e+00

Minimum eigenvalue:      +2.50e-01

RHS vector transpose:    [+0.321 +1.549 +0.865 -0.177 +0.313 +0.787]

Coffcient matrix:        [[+0.590 +0.052 -0.187 -0.068 -0.086 -0.018]
                          [+0.052 +0.665 +0.170 -0.040 +0.035 -0.043]
                          [-0.187 +0.170 +0.629 +0.083 -0.091 -0.196]
                          [-0.068 -0.040 +0.083 +0.689 -0.229 -0.017]
                          [-0.086 +0.035 -0.091 -0.229 +0.618 +0.041]
                          [-0.018 -0.043 -0.196 -0.017 +0.041 +0.559]]

------------- Modified linear system Information ------------
Norm of RHS vector:      1.00e+00
Norm of matrix:          5.00e-01
Condition number:        4.00e+00

Norm of difference:      3.70e+00
Norm of residual:        1.53e+00

------------------- Parameters of the QLSA ------------------
HHL method:              2
num_qubits:              8
Is simulator:            True

-------------------- Results of the QLSA --------------------
Quantum solution:        [-0.902 +1.969 +0.423 -0.933 +0.807 -0.124]
Exact solution:          [+1.209 +1.819 +2.047 +0.019 +0.729 +2.253]

Norm of difference:      3.70e+00
Norm of residual:        1.53e+00
Is sign changed:         True
Time (s):                1.79e+01
=============================================================
