
--------------- Linear optimization problem characteristics ---------------
Seed:                    52
Number of variables:     10
Number of constraints:   10

Norm of primal sol:      3.18e+00
Norm of dual sol:        1.00e+01
Norm of dual slacks:     5.00e+00

Norm of vector b:        2.00e+00
Norm of vector c:        7.54e+00

Norm of matrix A:        1.00e+00
Condition number:        4.00e+00

----------------------- Linear optimization problem -----------------------
Coeff matrix A:          [[+0.628 +0.080 +0.040 +0.066 +0.021 +0.115 -0.028 -0.080 -0.136 -0.025]
                          [+0.080 +0.510 -0.105 +0.047 -0.031 -0.010 -0.106 -0.026 -0.088 -0.041]
                          [+0.040 -0.105 +0.646 +0.007 +0.084 +0.117 -0.056 +0.054 +0.048 +0.001]
                          [+0.066 +0.047 +0.007 +0.819 -0.024 -0.168 +0.046 +0.094 +0.004 -0.087]
                          [+0.021 -0.031 +0.084 -0.024 +0.676 +0.019 -0.134 +0.015 -0.098 -0.059]
                          [+0.115 -0.010 +0.117 -0.168 +0.019 +0.571 -0.071 +0.109 -0.118 +0.046]
                          [-0.028 -0.106 -0.056 +0.046 -0.134 -0.071 +0.637 +0.051 -0.102 -0.060]
                          [-0.080 -0.026 +0.054 +0.094 +0.015 +0.109 +0.051 +0.557 +0.053 -0.046]
                          [-0.136 -0.088 +0.048 +0.004 -0.098 -0.118 -0.102 +0.053 +0.659 +0.036]
                          [-0.025 -0.041 +0.001 -0.087 -0.059 +0.046 -0.060 -0.046 +0.036 +0.547]]

RHS vector b:            [+0.694 -0.102 +0.579 +0.846 -0.038 +0.631 -0.189 +1.061 +0.874 +0.366]
Obj vector c:            [+3.330 +0.758 +2.376 +1.196 +2.017 +2.140 +2.610 +3.592 +0.578 +3.056]

---------------------------- Optimal solution -----------------------------
Primal variables:         [+1.370 +0.043 +0.351 +1.029 +0.164 +1.032 +0.090 +1.599 +1.632 +0.867]
Dual slacks:              [+2.152 +0.068 +0.551 +1.617 +0.257 +1.621 +0.141 +2.511 +2.563 +1.362]
Dual variables:           [+1.756 +3.405 +3.407 -1.059 +3.457 -0.988 +5.480 +2.340 -1.692 +4.616]

Optimal objective:       +1.87701712e+01
===========================================================================

[F[K 
----------------- Linear system Information -----------------
Norm of RHS vector:      2.00e+00
Norm of matrix:          1.00e+00
Condition number:        4.00e+00

Minimum eigenvalue:      +2.50e-01

RHS vector transpose:    [+0.694 -0.102 +0.579 +0.846 -0.038 +0.631 -0.189 +1.061 +0.874 +0.366]

Coffcient matrix:        [[+0.628 +0.080 +0.040 +0.066 +0.021 +0.115 -0.028 -0.080 -0.136 -0.025]
                          [+0.080 +0.510 -0.105 +0.047 -0.031 -0.010 -0.106 -0.026 -0.088 -0.041]
                          [+0.040 -0.105 +0.646 +0.007 +0.084 +0.117 -0.056 +0.054 +0.048 +0.001]
                          [+0.066 +0.047 +0.007 +0.819 -0.024 -0.168 +0.046 +0.094 +0.004 -0.087]
                          [+0.021 -0.031 +0.084 -0.024 +0.676 +0.019 -0.134 +0.015 -0.098 -0.059]
                          [+0.115 -0.010 +0.117 -0.168 +0.019 +0.571 -0.071 +0.109 -0.118 +0.046]
                          [-0.028 -0.106 -0.056 +0.046 -0.134 -0.071 +0.637 +0.051 -0.102 -0.060]
                          [-0.080 -0.026 +0.054 +0.094 +0.015 +0.109 +0.051 +0.557 +0.053 -0.046]
                          [-0.136 -0.088 +0.048 +0.004 -0.098 -0.118 -0.102 +0.053 +0.659 +0.036]
                          [-0.025 -0.041 +0.001 -0.087 -0.059 +0.046 -0.060 -0.046 +0.036 +0.547]]

------------- Modified linear system Information ------------
Norm of RHS vector:      1.00e+00
Norm of matrix:          5.00e-01
Condition number:        4.00e+00

Norm of difference:      2.91e+00
Norm of residual:        1.64e+00

------------------- Parameters of the QLSA ------------------
HHL method:              2
num_qubits:              10
Is simulator:            True

-------------------- Results of the QLSA --------------------
Quantum solution:        [-0.118 -0.683 +1.545 +0.904 +0.817 +0.135 -0.352 +0.830 +0.720 -0.329]
Exact solution:          [+1.370 +0.043 +0.351 +1.029 +0.164 +1.032 +0.090 +1.599 +1.632 +0.867]

Norm of difference:      2.91e+00
Norm of residual:        1.64e+00
Is sign changed:         False
Time (s):                2.01e+02
=============================================================
