
--------------- Linear optimization problem characteristics ---------------
Seed:                    37
Number of variables:     9
Number of constraints:   9

Norm of primal sol:      3.15e+00
Norm of dual sol:        1.00e+01
Norm of dual slacks:     5.00e+00

Norm of vector b:        2.00e+00
Norm of vector c:        9.22e+00

Norm of matrix A:        1.00e+00
Condition number:        4.00e+00

----------------------- Linear optimization problem -----------------------
Coeff matrix A:          [[+0.470 -0.018 +0.052 +0.027 +0.040 -0.013 +0.055 -0.098 -0.069]
                          [-0.018 +0.595 -0.054 -0.051 -0.014 -0.051 +0.119 +0.112 -0.086]
                          [+0.052 -0.054 +0.764 +0.102 +0.076 -0.027 -0.042 -0.025 +0.128]
                          [+0.027 -0.051 +0.102 +0.617 -0.145 +0.046 -0.056 +0.149 +0.054]
                          [+0.040 -0.014 +0.076 -0.145 +0.652 +0.082 +0.105 -0.021 -0.117]
                          [-0.013 -0.051 -0.027 +0.046 +0.082 +0.516 +0.099 -0.027 +0.006]
                          [+0.055 +0.119 -0.042 -0.056 +0.105 +0.099 +0.562 +0.136 +0.061]
                          [-0.098 +0.112 -0.025 +0.149 -0.021 -0.027 +0.136 +0.717 -0.081]
                          [-0.069 -0.086 +0.128 +0.054 -0.117 +0.006 +0.061 -0.081 +0.733]]

RHS vector b:            [+0.711 +0.449 +0.497 +0.807 +0.699 +0.694 +0.685 +0.975 +0.064]
Obj vector c:            [+3.987 +2.674 +2.214 +1.144 +5.722 +4.294 +0.070 +2.123 +0.150]

---------------------------- Optimal solution -----------------------------
Primal variables:         [+1.722 +0.846 +0.351 +1.061 +1.130 +1.247 +0.189 +1.359 +0.514]
Dual slacks:              [+2.735 +1.344 +0.558 +1.685 +1.795 +1.981 +0.300 +2.159 +0.816]
Dual variables:           [+3.147 +3.635 +1.582 -0.702 +5.756 +4.931 -3.766 +1.192 +0.911]

Optimal objective:       +2.59141047e+01
===========================================================================

[F[K 
----------------- Linear system Information -----------------
Norm of RHS vector:      2.00e+00
Norm of matrix:          1.00e+00
Condition number:        4.00e+00

Minimum eigenvalue:      +2.50e-01

RHS vector transpose:    [+0.711 +0.449 +0.497 +0.807 +0.699 +0.694 +0.685 +0.975 +0.064]

Coffcient matrix:        [[+0.470 -0.018 +0.052 +0.027 +0.040 -0.013 +0.055 -0.098 -0.069]
                          [-0.018 +0.595 -0.054 -0.051 -0.014 -0.051 +0.119 +0.112 -0.086]
                          [+0.052 -0.054 +0.764 +0.102 +0.076 -0.027 -0.042 -0.025 +0.128]
                          [+0.027 -0.051 +0.102 +0.617 -0.145 +0.046 -0.056 +0.149 +0.054]
                          [+0.040 -0.014 +0.076 -0.145 +0.652 +0.082 +0.105 -0.021 -0.117]
                          [-0.013 -0.051 -0.027 +0.046 +0.082 +0.516 +0.099 -0.027 +0.006]
                          [+0.055 +0.119 -0.042 -0.056 +0.105 +0.099 +0.562 +0.136 +0.061]
                          [-0.098 +0.112 -0.025 +0.149 -0.021 -0.027 +0.136 +0.717 -0.081]
                          [-0.069 -0.086 +0.128 +0.054 -0.117 +0.006 +0.061 -0.081 +0.733]]

------------- Modified linear system Information ------------
Norm of RHS vector:      1.00e+00
Norm of matrix:          5.00e-01
Condition number:        4.00e+00

Norm of difference:      3.37e+00
Norm of residual:        2.38e+00

------------------- Parameters of the QLSA ------------------
HHL method:              2
num_qubits:              10
Is simulator:            True

-------------------- Results of the QLSA --------------------
Quantum solution:        [-0.158 +0.279 +0.747 +1.107 -1.031 -0.324 -0.112 +1.085 +0.752]
Exact solution:          [+1.722 +0.846 +0.351 +1.061 +1.130 +1.247 +0.189 +1.359 +0.514]

Norm of difference:      3.37e+00
Norm of residual:        2.38e+00
Is sign changed:         True
Time (s):                1.96e+02
=============================================================
