
--------------- Linear optimization problem characteristics ---------------
Seed:                    92
Number of variables:     8
Number of constraints:   8

Norm of primal sol:      3.79e+00
Norm of dual sol:        1.00e+01
Norm of dual slacks:     5.00e+00

Norm of vector b:        2.00e+00
Norm of vector c:        8.70e+00

Norm of matrix A:        1.00e+00
Condition number:        4.00e+00

----------------------- Linear optimization problem -----------------------
Coeff matrix A:          [[+0.731 +0.033 -0.030 -0.198 +0.062 -0.011 -0.044 -0.005]
                          [+0.033 +0.520 -0.045 +0.125 -0.105 -0.163 +0.012 -0.021]
                          [-0.030 -0.045 +0.705 +0.043 -0.065 +0.087 +0.005 +0.074]
                          [-0.198 +0.125 +0.043 +0.554 -0.013 -0.147 +0.020 -0.006]
                          [+0.062 -0.105 -0.065 -0.013 +0.522 +0.092 +0.119 -0.067]
                          [-0.011 -0.163 +0.087 -0.147 +0.092 +0.571 -0.142 +0.111]
                          [-0.044 +0.012 +0.005 +0.020 +0.119 -0.142 +0.758 -0.068]
                          [-0.005 -0.021 +0.074 -0.006 -0.067 +0.111 -0.068 +0.638]]

RHS vector b:            [+1.196 +0.744 +0.822 +0.189 +0.060 +0.714 +0.214 +0.863]
Obj vector c:            [+1.056 +5.383 +3.604 +4.309 -1.838 +3.236 -0.058 +0.431]

---------------------------- Optimal solution -----------------------------
Primal variables:         [+1.967 +1.751 +0.943 +1.063 +0.001 +1.901 +0.784 +1.081]
Dual slacks:              [+2.596 +2.311 +1.245 +1.403 +0.001 +2.509 +1.035 +1.426]
Dual variables:           [-0.783 +5.850 +2.904 +4.540 -2.781 +4.472 -0.701 -2.811]

Optimal objective:       +2.60497648e+01
===========================================================================


----------------- Linear system Information -----------------
Norm of RHS vector:      2.00e+00
Norm of matrix:          1.00e+00
Condition number:        4.00e+00

Minimum eigenvalue:      +2.50e-01

RHS vector transpose:    [+1.196 +0.744 +0.822 +0.189 +0.060 +0.714 +0.214 +0.863]

Coffcient matrix:        [[+0.731 +0.033 -0.030 -0.198 +0.062 -0.011 -0.044 -0.005]
                          [+0.033 +0.520 -0.045 +0.125 -0.105 -0.163 +0.012 -0.021]
                          [-0.030 -0.045 +0.705 +0.043 -0.065 +0.087 +0.005 +0.074]
                          [-0.198 +0.125 +0.043 +0.554 -0.013 -0.147 +0.020 -0.006]
                          [+0.062 -0.105 -0.065 -0.013 +0.522 +0.092 +0.119 -0.067]
                          [-0.011 -0.163 +0.087 -0.147 +0.092 +0.571 -0.142 +0.111]
                          [-0.044 +0.012 +0.005 +0.020 +0.119 -0.142 +0.758 -0.068]
                          [-0.005 -0.021 +0.074 -0.006 -0.067 +0.111 -0.068 +0.638]]

------------- Modified linear system Information ------------
Norm of RHS vector:      1.00e+00
Norm of matrix:          5.00e-01
Condition number:        4.00e+00

Norm of difference:      4.65e+00
Norm of residual:        2.80e+00

------------------- Parameters of the QLSA ------------------
HHL method:              2
num_qubits:              8
Is simulator:            True

-------------------- Results of the QLSA --------------------
Quantum solution:        [-0.041 -0.818 -0.405 +0.068 +0.843 +1.172 -1.701 +0.179]
Exact solution:          [+1.967 +1.751 +0.943 +1.063 +0.001 +1.901 +0.784 +1.081]

Norm of difference:      4.65e+00
Norm of residual:        2.80e+00
Is sign changed:         False
Time (s):                1.88e+01
=============================================================
