
--------------- Linear optimization problem characteristics ---------------
Seed:                    32
Number of variables:     7
Number of constraints:   7

Norm of primal sol:      2.55e+00
Norm of dual sol:        1.00e+01
Norm of dual slacks:     5.00e+00

Norm of vector b:        2.00e+00
Norm of vector c:        8.33e+00

Norm of matrix A:        1.00e+00
Condition number:        4.00e+00

----------------------- Linear optimization problem -----------------------
Coeff matrix A:          [[+0.733 +0.082 -0.001 -0.022 +0.152 -0.049 -0.043]
                          [+0.082 +0.723 +0.027 -0.044 -0.025 -0.196 -0.048]
                          [-0.001 +0.027 +0.657 +0.098 -0.090 +0.110 +0.130]
                          [-0.022 -0.044 +0.098 +0.516 +0.144 +0.092 +0.056]
                          [+0.152 -0.025 -0.090 +0.144 +0.576 +0.006 +0.182]
                          [-0.049 -0.196 +0.110 +0.092 +0.006 +0.547 +0.081]
                          [-0.043 -0.048 +0.130 +0.056 +0.182 +0.081 +0.623]]

RHS vector b:            [+0.987 +0.182 +0.706 +0.978 +0.919 +0.688 +0.468]
Obj vector c:            [+6.998 +2.695 +2.292 -0.840 +0.430 +2.453 -1.026]

---------------------------- Optimal solution -----------------------------
Primal variables:         [+1.202 +0.522 +0.777 +1.338 +1.031 +1.143 +0.142]
Dual slacks:              [+2.358 +1.023 +1.524 +2.624 +2.022 +2.241 +0.278]
Dual variables:           [+6.570 +1.673 +1.481 -6.259 -2.374 +2.496 -0.894]

Optimal objective:       +1.35795059e+01
===========================================================================

[F[K 
----------------- Linear system Information -----------------
Norm of RHS vector:      2.00e+00
Norm of matrix:          1.00e+00
Condition number:        4.00e+00

Minimum eigenvalue:      +2.50e-01

RHS vector transpose:    [+0.987 +0.182 +0.706 +0.978 +0.919 +0.688 +0.468]

Coffcient matrix:        [[+0.733 +0.082 -0.001 -0.022 +0.152 -0.049 -0.043]
                          [+0.082 +0.723 +0.027 -0.044 -0.025 -0.196 -0.048]
                          [-0.001 +0.027 +0.657 +0.098 -0.090 +0.110 +0.130]
                          [-0.022 -0.044 +0.098 +0.516 +0.144 +0.092 +0.056]
                          [+0.152 -0.025 -0.090 +0.144 +0.576 +0.006 +0.182]
                          [-0.049 -0.196 +0.110 +0.092 +0.006 +0.547 +0.081]
                          [-0.043 -0.048 +0.130 +0.056 +0.182 +0.081 +0.623]]

------------- Modified linear system Information ------------
Norm of RHS vector:      1.00e+00
Norm of matrix:          5.00e-01
Condition number:        4.00e+00

Norm of difference:      2.45e+00
Norm of residual:        1.98e+00

------------------- Parameters of the QLSA ------------------
HHL method:              2
num_qubits:              8
Is simulator:            True

-------------------- Results of the QLSA --------------------
Quantum solution:        [-0.458 -0.888 +0.769 +0.802 +0.383 +0.964 +0.854]
Exact solution:          [+1.202 +0.522 +0.777 +1.338 +1.031 +1.143 +0.142]

Norm of difference:      2.45e+00
Norm of residual:        1.98e+00
Is sign changed:         True
Time (s):                1.88e+01
=============================================================
