
--------------- Linear optimization problem characteristics ---------------
Seed:                    31
Number of variables:     10
Number of constraints:   10

Norm of primal sol:      4.46e+00
Norm of dual sol:        1.00e+01
Norm of dual slacks:     5.00e+00

Norm of vector b:        2.00e+00
Norm of vector c:        8.44e+00

Norm of matrix A:        1.00e+00
Condition number:        4.00e+00

----------------------- Linear optimization problem -----------------------
Coeff matrix A:          [[+0.627 -0.033 +0.082 -0.062 -0.055 -0.094 -0.145 +0.049 -0.120 -0.067]
                          [-0.033 +0.536 -0.132 -0.142 -0.071 -0.061 +0.112 -0.089 -0.035 -0.012]
                          [+0.082 -0.132 +0.625 +0.003 -0.066 +0.026 -0.086 +0.108 -0.026 -0.001]
                          [-0.062 -0.142 +0.003 +0.540 +0.142 +0.004 -0.030 +0.001 +0.011 -0.004]
                          [-0.055 -0.071 -0.066 +0.142 +0.673 -0.011 -0.156 +0.027 +0.103 +0.039]
                          [-0.094 -0.061 +0.026 +0.004 -0.011 +0.684 +0.029 -0.038 +0.016 +0.092]
                          [-0.145 +0.112 -0.086 -0.030 -0.156 +0.029 +0.562 +0.081 -0.126 +0.014]
                          [+0.049 -0.089 +0.108 +0.001 +0.027 -0.038 +0.081 +0.657 +0.084 -0.011]
                          [-0.120 -0.035 -0.026 +0.011 +0.103 +0.016 -0.126 +0.084 +0.629 -0.109]
                          [-0.067 -0.012 -0.001 -0.004 +0.039 +0.092 +0.014 -0.011 -0.109 +0.717]]

RHS vector b:            [-0.110 +0.750 +0.686 +0.880 +0.076 +0.242 +1.049 +0.305 -0.400 +0.873]
Obj vector c:            [-1.323 +2.713 +2.719 +1.885 -2.546 -0.690 +2.986 -2.966 -1.954 +4.764]

---------------------------- Optimal solution -----------------------------
Primal variables:         [+0.658 +2.204 +1.772 +2.271 +0.479 +0.315 +2.090 +0.158 +0.173 +1.251]
Dual slacks:              [+0.738 +2.470 +1.986 +2.545 +0.537 +0.353 +2.342 +0.177 +0.194 +1.402]
Dual variables:           [-4.214 -1.207 +1.730 -0.727 -4.681 -3.138 -0.547 -4.490 -2.078 +4.553]

Optimal objective:       +2.41642037e+01
===========================================================================

[F[K 
----------------- Linear system Information -----------------
Norm of RHS vector:      2.00e+00
Norm of matrix:          1.00e+00
Condition number:        4.00e+00

Minimum eigenvalue:      +2.50e-01

RHS vector transpose:    [-0.110 +0.750 +0.686 +0.880 +0.076 +0.242 +1.049 +0.305 -0.400 +0.873]

Coffcient matrix:        [[+0.627 -0.033 +0.082 -0.062 -0.055 -0.094 -0.145 +0.049 -0.120 -0.067]
                          [-0.033 +0.536 -0.132 -0.142 -0.071 -0.061 +0.112 -0.089 -0.035 -0.012]
                          [+0.082 -0.132 +0.625 +0.003 -0.066 +0.026 -0.086 +0.108 -0.026 -0.001]
                          [-0.062 -0.142 +0.003 +0.540 +0.142 +0.004 -0.030 +0.001 +0.011 -0.004]
                          [-0.055 -0.071 -0.066 +0.142 +0.673 -0.011 -0.156 +0.027 +0.103 +0.039]
                          [-0.094 -0.061 +0.026 +0.004 -0.011 +0.684 +0.029 -0.038 +0.016 +0.092]
                          [-0.145 +0.112 -0.086 -0.030 -0.156 +0.029 +0.562 +0.081 -0.126 +0.014]
                          [+0.049 -0.089 +0.108 +0.001 +0.027 -0.038 +0.081 +0.657 +0.084 -0.011]
                          [-0.120 -0.035 -0.026 +0.011 +0.103 +0.016 -0.126 +0.084 +0.629 -0.109]
                          [-0.067 -0.012 -0.001 -0.004 +0.039 +0.092 +0.014 -0.011 -0.109 +0.717]]

------------- Modified linear system Information ------------
Norm of RHS vector:      1.00e+00
Norm of matrix:          5.00e-01
Condition number:        4.00e+00

Norm of difference:      4.50e+00
Norm of residual:        2.44e+00

------------------- Parameters of the QLSA ------------------
HHL method:              2
num_qubits:              10
Is simulator:            True

-------------------- Results of the QLSA --------------------
Quantum solution:        [+0.009 +2.927 +2.917 -0.253 +1.369 +1.179 -0.445 +0.009 -0.219 -0.625]
Exact solution:          [+0.658 +2.204 +1.772 +2.271 +0.479 +0.315 +2.090 +0.158 +0.173 +1.251]

Norm of difference:      4.50e+00
Norm of residual:        2.44e+00
Is sign changed:         True
Time (s):                2.02e+02
=============================================================
