
--------------- Linear optimization problem characteristics ---------------
Seed:                    66
Number of variables:     6
Number of constraints:   6

Norm of primal sol:      2.97e+00
Norm of dual sol:        1.00e+01
Norm of dual slacks:     5.00e+00

Norm of vector b:        2.00e+00
Norm of vector c:        7.74e+00

Norm of matrix A:        1.00e+00
Condition number:        4.00e+00

----------------------- Linear optimization problem -----------------------
Coeff matrix A:          [[+0.845 -0.106 -0.014 +0.022 +0.067 -0.115]
                          [-0.106 +0.653 +0.087 +0.030 +0.017 +0.050]
                          [-0.014 +0.087 +0.832 +0.088 -0.143 +0.060]
                          [+0.022 +0.030 +0.088 +0.388 +0.072 +0.112]
                          [+0.067 +0.017 -0.143 +0.072 +0.656 +0.021]
                          [-0.115 +0.050 +0.060 +0.112 +0.021 +0.376]]

RHS vector b:            [+0.383 +0.480 +1.240 +1.195 +0.494 +0.643]
Obj vector c:            [+3.365 +1.116 +3.630 +4.018 -3.090 +2.909]

---------------------------- Optimal solution -----------------------------
Primal variables:         [+0.534 +0.463 +1.256 +2.353 +0.674 +0.870]
Dual slacks:              [+0.900 +0.780 +2.115 +3.960 +1.134 +1.465]
Dual variables:           [+4.368 +0.974 +0.250 -0.544 -6.977 +5.562]

Optimal objective:       +1.67785388e+01
===========================================================================

[F[K 
----------------- Linear system Information -----------------
Norm of RHS vector:      2.00e+00
Norm of matrix:          1.00e+00
Condition number:        4.00e+00

Minimum eigenvalue:      +2.50e-01

RHS vector transpose:    [+0.383 +0.480 +1.240 +1.195 +0.494 +0.643]

Coffcient matrix:        [[+0.845 -0.106 -0.014 +0.022 +0.067 -0.115]
                          [-0.106 +0.653 +0.087 +0.030 +0.017 +0.050]
                          [-0.014 +0.087 +0.832 +0.088 -0.143 +0.060]
                          [+0.022 +0.030 +0.088 +0.388 +0.072 +0.112]
                          [+0.067 +0.017 -0.143 +0.072 +0.656 +0.021]
                          [-0.115 +0.050 +0.060 +0.112 +0.021 +0.376]]

------------- Modified linear system Information ------------
Norm of RHS vector:      1.00e+00
Norm of matrix:          5.00e-01
Condition number:        4.00e+00

Norm of difference:      3.38e+00
Norm of residual:        2.69e+00

------------------- Parameters of the QLSA ------------------
HHL method:              2
num_qubits:              8
Is simulator:            True

-------------------- Results of the QLSA --------------------
Quantum solution:        [+2.030 -0.621 +0.184 +0.109 +0.220 -0.412]
Exact solution:          [+0.534 +0.463 +1.256 +2.353 +0.674 +0.870]

Norm of difference:      3.38e+00
Norm of residual:        2.69e+00
Is sign changed:         True
Time (s):                1.81e+01
=============================================================
