
--------------- Linear optimization problem characteristics ---------------
Seed:                    69
Number of variables:     6
Number of constraints:   6

Norm of primal sol:      2.45e+00
Norm of dual sol:        1.00e+01
Norm of dual slacks:     5.00e+00

Norm of vector b:        2.00e+00
Norm of vector c:        7.73e+00

Norm of matrix A:        1.00e+00
Condition number:        4.00e+00

----------------------- Linear optimization problem -----------------------
Coeff matrix A:          [[+0.426 +0.029 -0.076 -0.108 +0.030 +0.184]
                          [+0.029 +0.503 -0.045 +0.160 +0.133 +0.035]
                          [-0.076 -0.045 +0.667 +0.012 -0.058 +0.042]
                          [-0.108 +0.160 +0.012 +0.536 +0.088 +0.085]
                          [+0.030 +0.133 -0.058 +0.088 +0.705 +0.011]
                          [+0.184 +0.035 +0.042 +0.085 +0.011 +0.914]]

RHS vector b:            [+0.183 +1.093 +0.291 +1.069 +1.012 +0.722]
Obj vector c:            [-1.001 +0.702 +3.504 +4.564 +3.449 +3.630]

---------------------------- Optimal solution -----------------------------
Primal variables:         [+0.531 +1.451 +0.628 +1.416 +1.007 +0.455]
Dual slacks:              [+1.084 +2.960 +1.281 +2.888 +2.054 +0.928]
Dual variables:           [-5.292 -5.915 +2.321 +2.650 +3.118 +3.856]

Optimal objective:       +1.42718997e+01
===========================================================================

[F[K 
----------------- Linear system Information -----------------
Norm of RHS vector:      2.00e+00
Norm of matrix:          1.00e+00
Condition number:        4.00e+00

Minimum eigenvalue:      +2.50e-01

RHS vector transpose:    [+0.183 +1.093 +0.291 +1.069 +1.012 +0.722]

Coffcient matrix:        [[+0.426 +0.029 -0.076 -0.108 +0.030 +0.184]
                          [+0.029 +0.503 -0.045 +0.160 +0.133 +0.035]
                          [-0.076 -0.045 +0.667 +0.012 -0.058 +0.042]
                          [-0.108 +0.160 +0.012 +0.536 +0.088 +0.085]
                          [+0.030 +0.133 -0.058 +0.088 +0.705 +0.011]
                          [+0.184 +0.035 +0.042 +0.085 +0.011 +0.914]]

------------- Modified linear system Information ------------
Norm of RHS vector:      1.00e+00
Norm of matrix:          5.00e-01
Condition number:        4.00e+00

Norm of difference:      3.59e+00
Norm of residual:        2.46e+00

------------------- Parameters of the QLSA ------------------
HHL method:              2
num_qubits:              8
Is simulator:            True

-------------------- Results of the QLSA --------------------
Quantum solution:        [+0.919 +0.345 -2.091 -0.463 +0.405 +0.959]
Exact solution:          [+0.531 +1.451 +0.628 +1.416 +1.007 +0.455]

Norm of difference:      3.59e+00
Norm of residual:        2.46e+00
Is sign changed:         False
Time (s):                1.80e+01
=============================================================
