
--------------- Linear optimization problem characteristics ---------------
Seed:                    74
Number of variables:     7
Number of constraints:   7

Norm of primal sol:      2.76e+00
Norm of dual sol:        1.00e+01
Norm of dual slacks:     5.00e+00

Norm of vector b:        2.00e+00
Norm of vector c:        5.64e+00

Norm of matrix A:        1.00e+00
Condition number:        4.00e+00

----------------------- Linear optimization problem -----------------------
Coeff matrix A:          [[+0.643 +0.268 -0.089 -0.162 +0.053 +0.047 -0.084]
                          [+0.268 +0.699 -0.032 +0.045 -0.008 +0.014 +0.050]
                          [-0.089 -0.032 +0.654 +0.144 +0.022 +0.015 -0.102]
                          [-0.162 +0.045 +0.144 +0.475 +0.034 +0.050 +0.131]
                          [+0.053 -0.008 +0.022 +0.034 +0.576 +0.067 -0.130]
                          [+0.047 +0.014 +0.015 +0.050 +0.067 +0.605 +0.008]
                          [-0.084 +0.050 -0.102 +0.131 -0.130 +0.008 +0.724]]

RHS vector b:            [+0.337 +1.058 +0.852 +0.707 +0.233 +0.937 +0.781]
Obj vector c:            [+2.379 +4.795 +0.233 +1.429 +0.937 -0.444 +0.062]

---------------------------- Optimal solution -----------------------------
Primal variables:         [+0.337 +1.308 +1.435 +0.545 +0.415 +1.351 +1.189]
Dual slacks:              [+0.612 +2.373 +2.603 +0.990 +0.753 +2.452 +2.158]
Dual variables:           [+1.990 +2.597 -4.775 +4.564 -0.291 -5.178 -4.333]

Optimal objective:       +8.04873314e+00
===========================================================================

[F[K 
----------------- Linear system Information -----------------
Norm of RHS vector:      2.00e+00
Norm of matrix:          1.00e+00
Condition number:        4.00e+00

Minimum eigenvalue:      +2.50e-01

RHS vector transpose:    [+0.337 +1.058 +0.852 +0.707 +0.233 +0.937 +0.781]

Coffcient matrix:        [[+0.643 +0.268 -0.089 -0.162 +0.053 +0.047 -0.084]
                          [+0.268 +0.699 -0.032 +0.045 -0.008 +0.014 +0.050]
                          [-0.089 -0.032 +0.654 +0.144 +0.022 +0.015 -0.102]
                          [-0.162 +0.045 +0.144 +0.475 +0.034 +0.050 +0.131]
                          [+0.053 -0.008 +0.022 +0.034 +0.576 +0.067 -0.130]
                          [+0.047 +0.014 +0.015 +0.050 +0.067 +0.605 +0.008]
                          [-0.084 +0.050 -0.102 +0.131 -0.130 +0.008 +0.724]]

------------- Modified linear system Information ------------
Norm of RHS vector:      1.00e+00
Norm of matrix:          5.00e-01
Condition number:        4.00e+00

Norm of difference:      1.18e+00
Norm of residual:        7.91e-01

------------------- Parameters of the QLSA ------------------
HHL method:              2
num_qubits:              8
Is simulator:            True

-------------------- Results of the QLSA --------------------
Quantum solution:        [+0.805 +1.646 +0.822 +0.886 +0.368 +0.968 +0.544]
Exact solution:          [+0.337 +1.308 +1.435 +0.545 +0.415 +1.351 +1.189]

Norm of difference:      1.18e+00
Norm of residual:        7.91e-01
Is sign changed:         True
Time (s):                1.80e+01
=============================================================
