
--------------- Linear optimization problem characteristics ---------------
Seed:                    53
Number of variables:     8
Number of constraints:   8

Norm of primal sol:      3.57e+00
Norm of dual sol:        1.00e+01
Norm of dual slacks:     5.00e+00

Norm of vector b:        2.00e+00
Norm of vector c:        4.58e+00

Norm of matrix A:        1.00e+00
Condition number:        4.00e+00

----------------------- Linear optimization problem -----------------------
Coeff matrix A:          [[+0.680 +0.061 -0.101 +0.039 -0.065 -0.109 -0.018 -0.005]
                          [+0.061 +0.712 -0.050 -0.020 -0.062 +0.111 +0.005 -0.102]
                          [-0.101 -0.050 +0.531 +0.021 -0.035 +0.062 +0.011 +0.162]
                          [+0.039 -0.020 +0.021 +0.657 -0.001 +0.142 -0.049 +0.042]
                          [-0.065 -0.062 -0.035 -0.001 +0.456 -0.125 -0.199 +0.125]
                          [-0.109 +0.111 +0.062 +0.142 -0.125 +0.764 +0.021 -0.055]
                          [-0.018 +0.005 +0.011 -0.049 -0.199 +0.021 +0.679 -0.094]
                          [-0.005 -0.102 +0.162 +0.042 +0.125 -0.055 -0.094 +0.523]]

RHS vector b:            [+1.001 +0.906 +0.430 +0.666 -0.080 +0.833 +0.876 +0.282]
Obj vector c:            [+3.247 +0.549 -1.195 -1.460 -0.267 +0.110 +2.536 -0.135]

---------------------------- Optimal solution -----------------------------
Primal variables:         [+1.824 +1.209 +0.980 +0.759 +1.262 +1.154 +1.782 +0.570]
Dual slacks:              [+2.554 +1.693 +1.372 +1.062 +1.767 +1.616 +2.496 +0.798]
Dual variables:           [-0.322 -2.268 -5.447 -3.577 -6.741 -1.575 -1.913 +0.845]

Optimal objective:       +8.54033505e+00
===========================================================================


----------------- Linear system Information -----------------
Norm of RHS vector:      2.00e+00
Norm of matrix:          1.00e+00
Condition number:        4.00e+00

Minimum eigenvalue:      +2.50e-01

RHS vector transpose:    [+1.001 +0.906 +0.430 +0.666 -0.080 +0.833 +0.876 +0.282]

Coffcient matrix:        [[+0.680 +0.061 -0.101 +0.039 -0.065 -0.109 -0.018 -0.005]
                          [+0.061 +0.712 -0.050 -0.020 -0.062 +0.111 +0.005 -0.102]
                          [-0.101 -0.050 +0.531 +0.021 -0.035 +0.062 +0.011 +0.162]
                          [+0.039 -0.020 +0.021 +0.657 -0.001 +0.142 -0.049 +0.042]
                          [-0.065 -0.062 -0.035 -0.001 +0.456 -0.125 -0.199 +0.125]
                          [-0.109 +0.111 +0.062 +0.142 -0.125 +0.764 +0.021 -0.055]
                          [-0.018 +0.005 +0.011 -0.049 -0.199 +0.021 +0.679 -0.094]
                          [-0.005 -0.102 +0.162 +0.042 +0.125 -0.055 -0.094 +0.523]]

------------- Modified linear system Information ------------
Norm of RHS vector:      1.00e+00
Norm of matrix:          5.00e-01
Condition number:        4.00e+00

Norm of difference:      3.42e+00
Norm of residual:        1.75e+00

------------------- Parameters of the QLSA ------------------
HHL method:              2
num_qubits:              8
Is simulator:            True

-------------------- Results of the QLSA --------------------
Quantum solution:        [-0.053 +0.922 -0.002 +0.259 -0.807 +1.215 +0.737 -0.643]
Exact solution:          [+1.824 +1.209 +0.980 +0.759 +1.262 +1.154 +1.782 +0.570]

Norm of difference:      3.42e+00
Norm of residual:        1.75e+00
Is sign changed:         True
Time (s):                1.82e+01
=============================================================
