
--------------- Linear optimization problem characteristics ---------------
Seed:                    54
Number of variables:     9
Number of constraints:   9

Norm of primal sol:      3.37e+00
Norm of dual sol:        1.00e+01
Norm of dual slacks:     5.00e+00

Norm of vector b:        2.00e+00
Norm of vector c:        7.86e+00

Norm of matrix A:        1.00e+00
Condition number:        4.00e+00

----------------------- Linear optimization problem -----------------------
Coeff matrix A:          [[+0.654 +0.027 -0.131 -0.061 -0.065 +0.099 +0.009 +0.117 +0.006]
                          [+0.027 +0.554 -0.027 +0.056 +0.138 +0.055 +0.133 -0.021 -0.042]
                          [-0.131 -0.027 +0.696 -0.019 -0.027 -0.018 -0.148 +0.067 +0.102]
                          [-0.061 +0.056 -0.019 +0.654 -0.036 -0.058 -0.037 +0.126 -0.136]
                          [-0.065 +0.138 -0.027 -0.036 +0.655 -0.015 +0.045 -0.212 +0.094]
                          [+0.099 +0.055 -0.018 -0.058 -0.015 +0.596 -0.040 -0.099 -0.044]
                          [+0.009 +0.133 -0.148 -0.037 +0.045 -0.040 +0.616 -0.070 +0.045]
                          [+0.117 -0.021 +0.067 +0.126 -0.212 -0.099 -0.070 +0.553 +0.064]
                          [+0.006 -0.042 +0.102 -0.136 +0.094 -0.044 +0.045 +0.064 +0.648]]

RHS vector b:            [+0.795 +0.664 +0.067 +0.465 -0.135 +0.880 +0.821 +0.801 +0.775]
Obj vector c:            [-2.456 +1.328 -0.740 -0.941 +2.843 +3.227 +5.565 -1.589 +0.701]

---------------------------- Optimal solution -----------------------------
Primal variables:         [+0.789 +0.682 +0.347 +0.973 +0.016 +1.819 +1.505 +1.422 +1.261]
Dual slacks:              [+1.171 +1.013 +0.515 +1.445 +0.024 +2.701 +2.234 +2.111 +1.872]
Dual variables:           [-5.636 -1.299 -1.141 -3.719 +3.200 +1.399 +5.107 -2.095 -2.958]

Optimal objective:       +1.07099635e+01
===========================================================================

[F[K 
----------------- Linear system Information -----------------
Norm of RHS vector:      2.00e+00
Norm of matrix:          1.00e+00
Condition number:        4.00e+00

Minimum eigenvalue:      +2.50e-01

RHS vector transpose:    [+0.795 +0.664 +0.067 +0.465 -0.135 +0.880 +0.821 +0.801 +0.775]

Coffcient matrix:        [[+0.654 +0.027 -0.131 -0.061 -0.065 +0.099 +0.009 +0.117 +0.006]
                          [+0.027 +0.554 -0.027 +0.056 +0.138 +0.055 +0.133 -0.021 -0.042]
                          [-0.131 -0.027 +0.696 -0.019 -0.027 -0.018 -0.148 +0.067 +0.102]
                          [-0.061 +0.056 -0.019 +0.654 -0.036 -0.058 -0.037 +0.126 -0.136]
                          [-0.065 +0.138 -0.027 -0.036 +0.655 -0.015 +0.045 -0.212 +0.094]
                          [+0.099 +0.055 -0.018 -0.058 -0.015 +0.596 -0.040 -0.099 -0.044]
                          [+0.009 +0.133 -0.148 -0.037 +0.045 -0.040 +0.616 -0.070 +0.045]
                          [+0.117 -0.021 +0.067 +0.126 -0.212 -0.099 -0.070 +0.553 +0.064]
                          [+0.006 -0.042 +0.102 -0.136 +0.094 -0.044 +0.045 +0.064 +0.648]]

------------- Modified linear system Information ------------
Norm of RHS vector:      1.00e+00
Norm of matrix:          5.00e-01
Condition number:        4.00e+00

Norm of difference:      2.88e+00
Norm of residual:        1.67e+00

------------------- Parameters of the QLSA ------------------
HHL method:              2
num_qubits:              10
Is simulator:            True

-------------------- Results of the QLSA --------------------
Quantum solution:        [+1.281 +0.054 -0.906 -0.078 -0.332 -0.340 +1.222 +1.103 +1.154]
Exact solution:          [+0.789 +0.682 +0.347 +0.973 +0.016 +1.819 +1.505 +1.422 +1.261]

Norm of difference:      2.88e+00
Norm of residual:        1.67e+00
Is sign changed:         False
Time (s):                1.99e+02
=============================================================
