
--------------- Linear optimization problem characteristics ---------------
Seed:                    89
Number of variables:     10
Number of constraints:   10

Norm of primal sol:      4.22e+00
Norm of dual sol:        1.00e+01
Norm of dual slacks:     5.00e+00

Norm of vector b:        2.00e+00
Norm of vector c:        5.49e+00

Norm of matrix A:        1.00e+00
Condition number:        4.00e+00

----------------------- Linear optimization problem -----------------------
Coeff matrix A:          [[+0.581 +0.015 +0.142 +0.003 -0.085 +0.029 -0.206 +0.029 -0.022 -0.095]
                          [+0.015 +0.679 +0.008 -0.060 -0.060 -0.058 +0.113 +0.005 +0.017 -0.063]
                          [+0.142 +0.008 +0.443 +0.083 -0.057 +0.033 -0.053 -0.135 -0.100 -0.056]
                          [+0.003 -0.060 +0.083 +0.670 -0.024 +0.158 -0.028 +0.067 -0.108 -0.017]
                          [-0.085 -0.060 -0.057 -0.024 +0.664 +0.014 -0.064 +0.003 +0.008 +0.026]
                          [+0.029 -0.058 +0.033 +0.158 +0.014 +0.582 +0.049 +0.065 +0.083 -0.025]
                          [-0.206 +0.113 -0.053 -0.028 -0.064 +0.049 +0.753 +0.124 -0.025 -0.033]
                          [+0.029 +0.005 -0.135 +0.067 +0.003 +0.065 +0.124 +0.654 +0.000 -0.140]
                          [-0.022 +0.017 -0.100 -0.108 +0.008 +0.083 -0.025 +0.000 +0.662 +0.021]
                          [-0.095 -0.063 -0.056 -0.017 +0.026 -0.025 -0.033 -0.140 +0.021 +0.563]]

RHS vector b:            [+0.884 +0.542 +0.226 +0.281 +1.194 +0.303 +0.128 +1.045 +0.135 +0.390]
Obj vector c:            [+4.363 +0.833 +0.716 +1.036 -0.360 +0.099 +0.887 +1.292 +2.497 +0.114]

---------------------------- Optimal solution -----------------------------
Primal variables:         [+1.966 +1.007 +1.016 +0.381 +2.220 +0.063 +0.601 +1.890 +0.393 +1.641]
Dual slacks:              [+2.332 +1.195 +1.205 +0.452 +2.633 +0.075 +0.712 +2.242 +0.466 +1.946]
Dual variables:           [+4.213 -1.521 -3.926 +2.166 -4.055 -0.961 +1.686 -3.684 +3.366 -3.838]

Optimal objective:       +1.38906090e+01
===========================================================================

[F[K 
----------------- Linear system Information -----------------
Norm of RHS vector:      2.00e+00
Norm of matrix:          1.00e+00
Condition number:        4.00e+00

Minimum eigenvalue:      +2.50e-01

RHS vector transpose:    [+0.884 +0.542 +0.226 +0.281 +1.194 +0.303 +0.128 +1.045 +0.135 +0.390]

Coffcient matrix:        [[+0.581 +0.015 +0.142 +0.003 -0.085 +0.029 -0.206 +0.029 -0.022 -0.095]
                          [+0.015 +0.679 +0.008 -0.060 -0.060 -0.058 +0.113 +0.005 +0.017 -0.063]
                          [+0.142 +0.008 +0.443 +0.083 -0.057 +0.033 -0.053 -0.135 -0.100 -0.056]
                          [+0.003 -0.060 +0.083 +0.670 -0.024 +0.158 -0.028 +0.067 -0.108 -0.017]
                          [-0.085 -0.060 -0.057 -0.024 +0.664 +0.014 -0.064 +0.003 +0.008 +0.026]
                          [+0.029 -0.058 +0.033 +0.158 +0.014 +0.582 +0.049 +0.065 +0.083 -0.025]
                          [-0.206 +0.113 -0.053 -0.028 -0.064 +0.049 +0.753 +0.124 -0.025 -0.033]
                          [+0.029 +0.005 -0.135 +0.067 +0.003 +0.065 +0.124 +0.654 +0.000 -0.140]
                          [-0.022 +0.017 -0.100 -0.108 +0.008 +0.083 -0.025 +0.000 +0.662 +0.021]
                          [-0.095 -0.063 -0.056 -0.017 +0.026 -0.025 -0.033 -0.140 +0.021 +0.563]]

------------- Modified linear system Information ------------
Norm of RHS vector:      1.00e+00
Norm of matrix:          5.00e-01
Condition number:        4.00e+00

Norm of difference:      4.79e+00
Norm of residual:        2.31e+00

------------------- Parameters of the QLSA ------------------
HHL method:              2
num_qubits:              10
Is simulator:            True

-------------------- Results of the QLSA --------------------
Quantum solution:        [+0.982 -0.190 -1.339 -1.129 +0.332 +0.769 -0.870 +1.007 +1.042 -0.651]
Exact solution:          [+1.966 +1.007 +1.016 +0.381 +2.220 +0.063 +0.601 +1.890 +0.393 +1.641]

Norm of difference:      4.79e+00
Norm of residual:        2.31e+00
Is sign changed:         False
Time (s):                2.06e+02
=============================================================
