
--------------- Linear optimization problem characteristics ---------------
Seed:                    55
Number of variables:     10
Number of constraints:   10

Norm of primal sol:      2.57e+00
Norm of dual sol:        1.00e+01
Norm of dual slacks:     5.00e+00

Norm of vector b:        2.00e+00
Norm of vector c:        1.01e+01

Norm of matrix A:        1.00e+00
Condition number:        4.00e+00

----------------------- Linear optimization problem -----------------------
Coeff matrix A:          [[+0.572 +0.001 -0.141 -0.056 +0.135 +0.166 -0.049 +0.074 -0.108 -0.052]
                          [+0.001 +0.555 +0.120 +0.029 +0.051 +0.106 +0.077 -0.006 -0.020 -0.004]
                          [-0.141 +0.120 +0.480 +0.089 +0.055 -0.078 -0.005 +0.018 -0.048 +0.028]
                          [-0.056 +0.029 +0.089 +0.745 +0.174 -0.057 -0.026 +0.097 +0.013 +0.062]
                          [+0.135 +0.051 +0.055 +0.174 +0.619 +0.026 +0.112 +0.128 +0.002 -0.068]
                          [+0.166 +0.106 -0.078 -0.057 +0.026 +0.605 -0.009 -0.041 +0.050 +0.009]
                          [-0.049 +0.077 -0.005 -0.026 +0.112 -0.009 +0.745 -0.033 -0.019 -0.079]
                          [+0.074 -0.006 +0.018 +0.097 +0.128 -0.041 -0.033 +0.666 -0.014 -0.058]
                          [-0.108 -0.020 -0.048 +0.013 +0.002 +0.050 -0.019 -0.014 +0.584 -0.099]
                          [-0.052 -0.004 +0.028 +0.062 -0.068 +0.009 -0.079 -0.058 -0.099 +0.679]]

RHS vector b:            [+0.001 +1.078 +0.563 +0.528 +0.772 +0.382 +1.040 +0.063 -0.096 +0.636]
Obj vector c:            [-0.756 +4.606 +0.238 +1.796 +3.231 +2.918 +6.281 -0.294 -0.083 +4.284]

---------------------------- Optimal solution -----------------------------
Primal variables:         [+0.139 +1.450 +0.722 +0.362 +0.793 +0.426 +1.287 +0.061 +0.162 +1.145]
Dual slacks:              [+0.271 +2.826 +1.407 +0.705 +1.545 +0.830 +2.509 +0.120 +0.315 +2.231]
Dual variables:           [-4.121 +2.533 -4.509 +1.087 +2.928 +3.662 +4.461 -0.030 -1.357 +3.372]

Optimal objective:       +2.41620440e+01
===========================================================================

[F[K 
----------------- Linear system Information -----------------
Norm of RHS vector:      2.00e+00
Norm of matrix:          1.00e+00
Condition number:        4.00e+00

Minimum eigenvalue:      +2.50e-01

RHS vector transpose:    [+0.001 +1.078 +0.563 +0.528 +0.772 +0.382 +1.040 +0.063 -0.096 +0.636]

Coffcient matrix:        [[+0.572 +0.001 -0.141 -0.056 +0.135 +0.166 -0.049 +0.074 -0.108 -0.052]
                          [+0.001 +0.555 +0.120 +0.029 +0.051 +0.106 +0.077 -0.006 -0.020 -0.004]
                          [-0.141 +0.120 +0.480 +0.089 +0.055 -0.078 -0.005 +0.018 -0.048 +0.028]
                          [-0.056 +0.029 +0.089 +0.745 +0.174 -0.057 -0.026 +0.097 +0.013 +0.062]
                          [+0.135 +0.051 +0.055 +0.174 +0.619 +0.026 +0.112 +0.128 +0.002 -0.068]
                          [+0.166 +0.106 -0.078 -0.057 +0.026 +0.605 -0.009 -0.041 +0.050 +0.009]
                          [-0.049 +0.077 -0.005 -0.026 +0.112 -0.009 +0.745 -0.033 -0.019 -0.079]
                          [+0.074 -0.006 +0.018 +0.097 +0.128 -0.041 -0.033 +0.666 -0.014 -0.058]
                          [-0.108 -0.020 -0.048 +0.013 +0.002 +0.050 -0.019 -0.014 +0.584 -0.099]
                          [-0.052 -0.004 +0.028 +0.062 -0.068 +0.009 -0.079 -0.058 -0.099 +0.679]]

------------- Modified linear system Information ------------
Norm of RHS vector:      1.00e+00
Norm of matrix:          5.00e-01
Condition number:        4.00e+00

Norm of difference:      2.70e+00
Norm of residual:        2.58e+00

------------------- Parameters of the QLSA ------------------
HHL method:              2
num_qubits:              10
Is simulator:            True

-------------------- Results of the QLSA --------------------
Quantum solution:        [-0.138 +0.565 +0.117 -0.982 -0.549 +0.685 +0.525 -1.034 -0.527 +1.479]
Exact solution:          [+0.139 +1.450 +0.722 +0.362 +0.793 +0.426 +1.287 +0.061 +0.162 +1.145]

Norm of difference:      2.70e+00
Norm of residual:        2.58e+00
Is sign changed:         True
Time (s):                1.98e+02
=============================================================
