
--------------- Linear optimization problem characteristics ---------------
Seed:                    13
Number of variables:     8
Number of constraints:   8

Norm of primal sol:      3.24e+00
Norm of dual sol:        1.00e+01
Norm of dual slacks:     5.00e+00

Norm of vector b:        2.00e+00
Norm of vector c:        6.99e+00

Norm of matrix A:        1.00e+00
Condition number:        4.00e+00

----------------------- Linear optimization problem -----------------------
Coeff matrix A:          [[+0.597 +0.074 -0.077 -0.073 -0.014 -0.033 +0.008 -0.065]
                          [+0.074 +0.462 -0.130 +0.051 -0.037 +0.105 -0.182 -0.065]
                          [-0.077 -0.130 +0.560 -0.018 -0.101 +0.032 +0.015 +0.139]
                          [-0.073 +0.051 -0.018 +0.615 -0.177 +0.106 -0.011 +0.095]
                          [-0.014 -0.037 -0.101 -0.177 +0.666 +0.047 -0.072 +0.007]
                          [-0.033 +0.105 +0.032 +0.106 +0.047 +0.609 +0.013 +0.148]
                          [+0.008 -0.182 +0.015 -0.011 -0.072 +0.013 +0.810 +0.037]
                          [-0.065 -0.065 +0.139 +0.095 +0.007 +0.148 +0.037 +0.681]]

RHS vector b:            [+0.425 -0.061 +0.597 +0.736 +0.552 +0.887 +0.652 +1.183]
Obj vector c:            [+3.450 +3.301 -0.640 +2.547 -0.005 +3.526 +0.210 +2.574]

---------------------------- Optimal solution -----------------------------
Primal variables:         [+1.202 +0.367 +1.275 +1.493 +1.504 +0.701 +0.942 +1.199]
Dual slacks:              [+1.854 +0.566 +1.965 +2.303 +2.319 +1.081 +1.452 +1.849]
Dual variables:           [+1.696 +2.659 -5.569 -2.414 -5.288 +4.277 -1.523 +2.154]

Optimal objective:       +1.40974291e+01
===========================================================================


----------------- Linear system Information -----------------
Norm of RHS vector:      2.00e+00
Norm of matrix:          1.00e+00
Condition number:        4.00e+00

Minimum eigenvalue:      +2.50e-01

RHS vector transpose:    [+0.425 -0.061 +0.597 +0.736 +0.552 +0.887 +0.652 +1.183]

Coffcient matrix:        [[+0.597 +0.074 -0.077 -0.073 -0.014 -0.033 +0.008 -0.065]
                          [+0.074 +0.462 -0.130 +0.051 -0.037 +0.105 -0.182 -0.065]
                          [-0.077 -0.130 +0.560 -0.018 -0.101 +0.032 +0.015 +0.139]
                          [-0.073 +0.051 -0.018 +0.615 -0.177 +0.106 -0.011 +0.095]
                          [-0.014 -0.037 -0.101 -0.177 +0.666 +0.047 -0.072 +0.007]
                          [-0.033 +0.105 +0.032 +0.106 +0.047 +0.609 +0.013 +0.148]
                          [+0.008 -0.182 +0.015 -0.011 -0.072 +0.013 +0.810 +0.037]
                          [-0.065 -0.065 +0.139 +0.095 +0.007 +0.148 +0.037 +0.681]]

------------- Modified linear system Information ------------
Norm of RHS vector:      1.00e+00
Norm of matrix:          5.00e-01
Condition number:        4.00e+00

Norm of difference:      3.32e+00
Norm of residual:        2.66e+00

------------------- Parameters of the QLSA ------------------
HHL method:              2
num_qubits:              8
Is simulator:            True

-------------------- Results of the QLSA --------------------
Quantum solution:        [+0.362 +0.653 -0.551 -0.032 +1.798 +1.014 -0.867 +0.126]
Exact solution:          [+1.202 +0.367 +1.275 +1.493 +1.504 +0.701 +0.942 +1.199]

Norm of difference:      3.32e+00
Norm of residual:        2.66e+00
Is sign changed:         True
Time (s):                1.90e+01
=============================================================
