
--------------- Linear optimization problem characteristics ---------------
Seed:                    21
Number of variables:     10
Number of constraints:   10

Norm of primal sol:      2.62e+00
Norm of dual sol:        1.00e+01
Norm of dual slacks:     5.00e+00

Norm of vector b:        2.00e+00
Norm of vector c:        9.24e+00

Norm of matrix A:        1.00e+00
Condition number:        4.00e+00

----------------------- Linear optimization problem -----------------------
Coeff matrix A:          [[+0.630 -0.015 -0.031 +0.023 +0.010 +0.123 -0.131 +0.057 +0.034 +0.069]
                          [-0.015 +0.734 +0.036 -0.064 -0.067 +0.042 -0.054 +0.007 -0.043 +0.057]
                          [-0.031 +0.036 +0.608 +0.008 -0.193 +0.035 +0.085 +0.034 +0.110 +0.037]
                          [+0.023 -0.064 +0.008 +0.566 +0.117 -0.035 -0.053 -0.074 -0.126 -0.059]
                          [+0.010 -0.067 -0.193 +0.117 +0.658 +0.003 +0.126 +0.110 -0.058 +0.027]
                          [+0.123 +0.042 +0.035 -0.035 +0.003 +0.621 -0.099 -0.002 +0.056 +0.152]
                          [-0.131 -0.054 +0.085 -0.053 +0.126 -0.099 +0.565 +0.000 +0.159 +0.004]
                          [+0.057 +0.007 +0.034 -0.074 +0.110 -0.002 +0.000 +0.680 -0.073 +0.009]
                          [+0.034 -0.043 +0.110 -0.126 -0.058 +0.056 +0.159 -0.073 +0.630 +0.088]
                          [+0.069 +0.057 +0.037 -0.059 +0.027 +0.152 +0.004 +0.009 +0.088 +0.559]]

RHS vector b:            [+0.127 +0.478 +1.055 -0.236 +0.183 +0.307 +0.580 +0.997 +0.620 +0.862]
Obj vector c:            [-2.085 +3.770 +1.633 -2.888 +1.477 +1.727 +2.869 +5.412 +2.673 +2.441]

---------------------------- Optimal solution -----------------------------
Primal variables:         [+0.100 +0.594 +1.482 +0.044 +0.423 +0.104 +0.621 +1.365 +0.634 +1.200]
Dual slacks:              [+0.191 +1.136 +2.833 +0.085 +0.809 +0.200 +1.188 +2.609 +1.211 +2.293]
Dual variables:           [-4.181 +3.569 -3.563 -3.127 -0.040 +3.533 +2.515 +4.570 +2.519 -1.124]

Optimal objective:       +1.89219558e+01
===========================================================================

[F[K 
----------------- Linear system Information -----------------
Norm of RHS vector:      2.00e+00
Norm of matrix:          1.00e+00
Condition number:        4.00e+00

Minimum eigenvalue:      +2.50e-01

RHS vector transpose:    [+0.127 +0.478 +1.055 -0.236 +0.183 +0.307 +0.580 +0.997 +0.620 +0.862]

Coffcient matrix:        [[+0.630 -0.015 -0.031 +0.023 +0.010 +0.123 -0.131 +0.057 +0.034 +0.069]
                          [-0.015 +0.734 +0.036 -0.064 -0.067 +0.042 -0.054 +0.007 -0.043 +0.057]
                          [-0.031 +0.036 +0.608 +0.008 -0.193 +0.035 +0.085 +0.034 +0.110 +0.037]
                          [+0.023 -0.064 +0.008 +0.566 +0.117 -0.035 -0.053 -0.074 -0.126 -0.059]
                          [+0.010 -0.067 -0.193 +0.117 +0.658 +0.003 +0.126 +0.110 -0.058 +0.027]
                          [+0.123 +0.042 +0.035 -0.035 +0.003 +0.621 -0.099 -0.002 +0.056 +0.152]
                          [-0.131 -0.054 +0.085 -0.053 +0.126 -0.099 +0.565 +0.000 +0.159 +0.004]
                          [+0.057 +0.007 +0.034 -0.074 +0.110 -0.002 +0.000 +0.680 -0.073 +0.009]
                          [+0.034 -0.043 +0.110 -0.126 -0.058 +0.056 +0.159 -0.073 +0.630 +0.088]
                          [+0.069 +0.057 +0.037 -0.059 +0.027 +0.152 +0.004 +0.009 +0.088 +0.559]]

------------- Modified linear system Information ------------
Norm of RHS vector:      1.00e+00
Norm of matrix:          5.00e-01
Condition number:        4.00e+00

Norm of difference:      2.49e+00
Norm of residual:        1.51e+00

------------------- Parameters of the QLSA ------------------
HHL method:              2
num_qubits:              10
Is simulator:            True

-------------------- Results of the QLSA --------------------
Quantum solution:        [-0.162 +0.453 +1.015 -1.215 -0.762 +0.627 +0.103 +1.531 +0.402 -0.304]
Exact solution:          [+0.100 +0.594 +1.482 +0.044 +0.423 +0.104 +0.621 +1.365 +0.634 +1.200]

Norm of difference:      2.49e+00
Norm of residual:        1.51e+00
Is sign changed:         True
Time (s):                2.01e+02
=============================================================
