
--------------- Linear optimization problem characteristics ---------------
Seed:                    31
Number of variables:     9
Number of constraints:   9

Norm of primal sol:      2.62e+00
Norm of dual sol:        1.00e+01
Norm of dual slacks:     5.00e+00

Norm of vector b:        2.00e+00
Norm of vector c:        6.00e+00

Norm of matrix A:        1.00e+00
Condition number:        4.00e+00

----------------------- Linear optimization problem -----------------------
Coeff matrix A:          [[+0.640 +0.089 +0.124 +0.047 +0.020 +0.049 -0.038 +0.037 +0.036]
                          [+0.089 +0.651 +0.121 +0.142 -0.059 +0.061 -0.018 +0.100 -0.131]
                          [+0.124 +0.121 +0.700 -0.033 +0.075 -0.028 -0.108 -0.092 -0.042]
                          [+0.047 +0.142 -0.033 +0.637 +0.051 -0.058 -0.081 +0.001 -0.116]
                          [+0.020 -0.059 +0.075 +0.051 +0.479 -0.179 +0.040 +0.019 +0.118]
                          [+0.049 +0.061 -0.028 -0.058 -0.179 +0.613 -0.096 -0.018 -0.004]
                          [-0.038 -0.018 -0.108 -0.081 +0.040 -0.096 +0.741 -0.035 -0.139]
                          [+0.037 +0.100 -0.092 +0.001 +0.019 -0.018 -0.035 +0.506 -0.011]
                          [+0.036 -0.131 -0.042 -0.116 +0.118 -0.004 -0.139 -0.011 +0.658]]

RHS vector b:            [+0.553 +1.212 +0.791 +0.950 +0.252 -0.069 +0.655 +0.056 -0.444]
Obj vector c:            [+0.231 -0.029 +1.261 +4.467 +0.656 -2.764 +1.040 -0.211 -2.291]

---------------------------- Optimal solution -----------------------------
Primal variables:         [+0.403 +1.351 +1.086 +1.392 +0.294 +0.193 +1.281 +0.097 +0.106]
Dual slacks:              [+0.768 +2.574 +2.069 +2.651 +0.559 +0.368 +2.440 +0.184 +0.202]
Dual variables:           [+0.515 -4.861 -1.392 +1.996 -0.839 -5.399 -3.620 -0.632 -5.179]

Optimal objective:       +8.36789149e+00
===========================================================================

[F[K 
----------------- Linear system Information -----------------
Norm of RHS vector:      2.00e+00
Norm of matrix:          1.00e+00
Condition number:        4.00e+00

Minimum eigenvalue:      +2.50e-01

RHS vector transpose:    [+0.553 +1.212 +0.791 +0.950 +0.252 -0.069 +0.655 +0.056 -0.444]

Coffcient matrix:        [[+0.640 +0.089 +0.124 +0.047 +0.020 +0.049 -0.038 +0.037 +0.036]
                          [+0.089 +0.651 +0.121 +0.142 -0.059 +0.061 -0.018 +0.100 -0.131]
                          [+0.124 +0.121 +0.700 -0.033 +0.075 -0.028 -0.108 -0.092 -0.042]
                          [+0.047 +0.142 -0.033 +0.637 +0.051 -0.058 -0.081 +0.001 -0.116]
                          [+0.020 -0.059 +0.075 +0.051 +0.479 -0.179 +0.040 +0.019 +0.118]
                          [+0.049 +0.061 -0.028 -0.058 -0.179 +0.613 -0.096 -0.018 -0.004]
                          [-0.038 -0.018 -0.108 -0.081 +0.040 -0.096 +0.741 -0.035 -0.139]
                          [+0.037 +0.100 -0.092 +0.001 +0.019 -0.018 -0.035 +0.506 -0.011]
                          [+0.036 -0.131 -0.042 -0.116 +0.118 -0.004 -0.139 -0.011 +0.658]]

------------- Modified linear system Information ------------
Norm of RHS vector:      1.00e+00
Norm of matrix:          5.00e-01
Condition number:        4.00e+00

Norm of difference:      3.44e+00
Norm of residual:        2.31e+00

------------------- Parameters of the QLSA ------------------
HHL method:              2
num_qubits:              10
Is simulator:            True

-------------------- Results of the QLSA --------------------
Quantum solution:        [-1.410 +2.296 -1.046 +1.151 +0.833 +0.386 +1.259 -0.346 +1.688]
Exact solution:          [+0.403 +1.351 +1.086 +1.392 +0.294 +0.193 +1.281 +0.097 +0.106]

Norm of difference:      3.44e+00
Norm of residual:        2.31e+00
Is sign changed:         False
Time (s):                2.00e+02
=============================================================
