
--------------- Linear optimization problem characteristics ---------------
Seed:                    28
Number of variables:     8
Number of constraints:   8

Norm of primal sol:      3.23e+00
Norm of dual sol:        1.00e+01
Norm of dual slacks:     5.00e+00

Norm of vector b:        2.00e+00
Norm of vector c:        9.21e+00

Norm of matrix A:        1.00e+00
Condition number:        4.00e+00

----------------------- Linear optimization problem -----------------------
Coeff matrix A:          [[+0.674 -0.042 -0.115 +0.007 -0.003 +0.006 +0.133 -0.044]
                          [-0.042 +0.751 -0.031 +0.063 +0.002 -0.049 -0.008 -0.112]
                          [-0.115 -0.031 +0.684 -0.182 +0.043 +0.032 +0.071 +0.086]
                          [+0.007 +0.063 -0.182 +0.514 +0.171 +0.040 +0.043 -0.133]
                          [-0.003 +0.002 +0.043 +0.171 +0.619 +0.056 +0.181 +0.016]
                          [+0.006 -0.049 +0.032 +0.040 +0.056 +0.601 +0.036 -0.031]
                          [+0.133 -0.008 +0.071 +0.043 +0.181 +0.036 +0.719 -0.100]
                          [-0.044 -0.112 +0.086 -0.133 +0.016 -0.031 -0.100 +0.438]]

RHS vector b:            [+0.882 +0.578 +0.096 +0.537 +1.252 +0.652 +0.645 +0.428]
Obj vector c:            [+5.286 +4.700 -2.309 +3.149 +2.094 -1.014 +2.807 +2.513]

---------------------------- Optimal solution -----------------------------
Primal variables:         [+1.447 +1.114 +0.248 +0.789 +1.551 +1.014 +0.363 +1.694]
Dual slacks:              [+2.238 +1.723 +0.384 +1.220 +2.398 +1.568 +0.561 +2.620]
Dual variables:           [+3.809 +4.050 -2.570 +3.938 -2.218 -3.962 +3.731 +3.527]

Optimal objective:       +2.22900118e+01
===========================================================================


----------------- Linear system Information -----------------
Norm of RHS vector:      2.00e+00
Norm of matrix:          1.00e+00
Condition number:        4.00e+00

Minimum eigenvalue:      +2.50e-01

RHS vector transpose:    [+0.882 +0.578 +0.096 +0.537 +1.252 +0.652 +0.645 +0.428]

Coffcient matrix:        [[+0.674 -0.042 -0.115 +0.007 -0.003 +0.006 +0.133 -0.044]
                          [-0.042 +0.751 -0.031 +0.063 +0.002 -0.049 -0.008 -0.112]
                          [-0.115 -0.031 +0.684 -0.182 +0.043 +0.032 +0.071 +0.086]
                          [+0.007 +0.063 -0.182 +0.514 +0.171 +0.040 +0.043 -0.133]
                          [-0.003 +0.002 +0.043 +0.171 +0.619 +0.056 +0.181 +0.016]
                          [+0.006 -0.049 +0.032 +0.040 +0.056 +0.601 +0.036 -0.031]
                          [+0.133 -0.008 +0.071 +0.043 +0.181 +0.036 +0.719 -0.100]
                          [-0.044 -0.112 +0.086 -0.133 +0.016 -0.031 -0.100 +0.438]]

------------- Modified linear system Information ------------
Norm of RHS vector:      1.00e+00
Norm of matrix:          5.00e-01
Condition number:        4.00e+00

Norm of difference:      3.40e+00
Norm of residual:        1.72e+00

------------------- Parameters of the QLSA ------------------
HHL method:              2
num_qubits:              8
Is simulator:            True

-------------------- Results of the QLSA --------------------
Quantum solution:        [+0.384 +0.229 -0.684 +1.050 +0.434 +0.231 +1.333 -0.735]
Exact solution:          [+1.447 +1.114 +0.248 +0.789 +1.551 +1.014 +0.363 +1.694]

Norm of difference:      3.40e+00
Norm of residual:        1.72e+00
Is sign changed:         True
Time (s):                1.81e+01
=============================================================
