
--------------- Linear optimization problem characteristics ---------------
Seed:                    6
Number of variables:     5
Number of constraints:   5

Norm of primal sol:      3.17e+00
Norm of dual sol:        1.00e+01
Norm of dual slacks:     5.00e+00

Norm of vector b:        2.00e+00
Norm of vector c:        8.48e+00

Norm of matrix A:        1.00e+00
Condition number:        4.00e+00

----------------------- Linear optimization problem -----------------------
Coeff matrix A:          [[+0.558 -0.029 +0.004 +0.201 +0.218]
                          [-0.029 +0.693 +0.040 -0.148 +0.130]
                          [+0.004 +0.040 +0.620 -0.068 -0.151]
                          [+0.201 -0.148 -0.068 +0.716 +0.083]
                          [+0.218 +0.130 -0.151 +0.083 +0.538]]

RHS vector b:            [+1.316 +0.615 +1.272 +0.283 +0.440]
Obj vector c:            [+5.415 +3.587 +0.939 -3.448 +4.108]

---------------------------- Optimal solution -----------------------------
Primal variables:         [+2.242 +0.834 +2.062 +0.105 +0.270]
Dual slacks:              [+3.535 +1.314 +3.251 +0.165 +0.426]
Dual variables:           [+3.926 +1.232 -3.354 -6.798 +5.060]

Optimal objective:       +1.78146271e+01
===========================================================================

[F[K 
----------------- Linear system Information -----------------
Norm of RHS vector:      2.00e+00
Norm of matrix:          1.00e+00
Condition number:        4.00e+00

Minimum eigenvalue:      +2.50e-01

RHS vector transpose:    [+1.316 +0.615 +1.272 +0.283 +0.440]

Coffcient matrix:        [[+0.558 -0.029 +0.004 +0.201 +0.218]
                          [-0.029 +0.693 +0.040 -0.148 +0.130]
                          [+0.004 +0.040 +0.620 -0.068 -0.151]
                          [+0.201 -0.148 -0.068 +0.716 +0.083]
                          [+0.218 +0.130 -0.151 +0.083 +0.538]]

------------- Modified linear system Information ------------
Norm of RHS vector:      1.00e+00
Norm of matrix:          5.00e-01
Condition number:        4.00e+00

Norm of difference:      2.95e+00
Norm of residual:        2.02e+00

------------------- Parameters of the QLSA ------------------
HHL method:              2
num_qubits:              8
Is simulator:            True

-------------------- Results of the QLSA --------------------
Quantum solution:        [+1.457 +0.728 -0.533 +0.427 +1.378]
Exact solution:          [+2.242 +0.834 +2.062 +0.105 +0.270]

Norm of difference:      2.95e+00
Norm of residual:        2.02e+00
Is sign changed:         False
Time (s):                1.82e+01
=============================================================
