
--------------- Linear optimization problem characteristics ---------------
Seed:                    24
Number of variables:     8
Number of constraints:   8

Norm of primal sol:      2.79e+00
Norm of dual sol:        1.00e+01
Norm of dual slacks:     5.00e+00

Norm of vector b:        2.00e+00
Norm of vector c:        6.32e+00

Norm of matrix A:        1.00e+00
Condition number:        4.00e+00

----------------------- Linear optimization problem -----------------------
Coeff matrix A:          [[+0.512 -0.191 -0.016 +0.048 -0.049 +0.012 +0.127 +0.191]
                          [-0.191 +0.825 +0.087 -0.076 +0.046 +0.097 +0.012 +0.080]
                          [-0.016 +0.087 +0.521 -0.028 +0.030 +0.130 +0.027 -0.004]
                          [+0.048 -0.076 -0.028 +0.565 +0.076 +0.018 -0.081 +0.044]
                          [-0.049 +0.046 +0.030 +0.076 +0.641 -0.034 +0.019 +0.087]
                          [+0.012 +0.097 +0.130 +0.018 -0.034 +0.551 -0.169 -0.000]
                          [+0.127 +0.012 +0.027 -0.081 +0.019 -0.169 +0.665 +0.042]
                          [+0.191 +0.080 -0.004 +0.044 +0.087 -0.000 +0.042 +0.721]]

RHS vector b:            [+0.720 +0.799 +0.941 +0.086 +0.386 +0.598 +0.946 +0.741]
Obj vector c:            [-0.848 +1.659 +1.934 -0.492 +2.294 +4.241 +1.056 -2.852]

---------------------------- Optimal solution -----------------------------
Primal variables:         [+1.303 +0.949 +1.357 +0.299 +0.490 +1.004 +1.352 +0.429]
Dual slacks:              [+2.334 +1.701 +2.431 +0.535 +0.878 +1.799 +2.423 +0.769]
Dual variables:           [-5.332 -1.702 -2.633 -1.960 +3.075 +5.870 +0.500 -3.707]

Optimal objective:       +8.53231083e+00
===========================================================================


----------------- Linear system Information -----------------
Norm of RHS vector:      2.00e+00
Norm of matrix:          1.00e+00
Condition number:        4.00e+00

Minimum eigenvalue:      +2.50e-01

RHS vector transpose:    [+0.720 +0.799 +0.941 +0.086 +0.386 +0.598 +0.946 +0.741]

Coffcient matrix:        [[+0.512 -0.191 -0.016 +0.048 -0.049 +0.012 +0.127 +0.191]
                          [-0.191 +0.825 +0.087 -0.076 +0.046 +0.097 +0.012 +0.080]
                          [-0.016 +0.087 +0.521 -0.028 +0.030 +0.130 +0.027 -0.004]
                          [+0.048 -0.076 -0.028 +0.565 +0.076 +0.018 -0.081 +0.044]
                          [-0.049 +0.046 +0.030 +0.076 +0.641 -0.034 +0.019 +0.087]
                          [+0.012 +0.097 +0.130 +0.018 -0.034 +0.551 -0.169 -0.000]
                          [+0.127 +0.012 +0.027 -0.081 +0.019 -0.169 +0.665 +0.042]
                          [+0.191 +0.080 -0.004 +0.044 +0.087 -0.000 +0.042 +0.721]]

------------- Modified linear system Information ------------
Norm of RHS vector:      1.00e+00
Norm of matrix:          5.00e-01
Condition number:        4.00e+00

Norm of difference:      2.21e+00
Norm of residual:        1.38e+00

------------------- Parameters of the QLSA ------------------
HHL method:              2
num_qubits:              8
Is simulator:            True

-------------------- Results of the QLSA --------------------
Quantum solution:        [+0.948 +0.605 +0.132 -0.104 +0.189 -0.037 +0.945 +1.713]
Exact solution:          [+1.303 +0.949 +1.357 +0.299 +0.490 +1.004 +1.352 +0.429]

Norm of difference:      2.21e+00
Norm of residual:        1.38e+00
Is sign changed:         True
Time (s):                1.83e+01
=============================================================
