
--------------- Linear optimization problem characteristics ---------------
Seed:                    18
Number of variables:     8
Number of constraints:   8

Norm of primal sol:      2.97e+00
Norm of dual sol:        1.00e+01
Norm of dual slacks:     5.00e+00

Norm of vector b:        2.00e+00
Norm of vector c:        6.60e+00

Norm of matrix A:        1.00e+00
Condition number:        4.00e+00

----------------------- Linear optimization problem -----------------------
Coeff matrix A:          [[+0.626 -0.039 +0.105 -0.009 -0.029 +0.070 -0.098 +0.053]
                          [-0.039 +0.581 +0.129 -0.047 +0.140 +0.004 -0.055 +0.042]
                          [+0.105 +0.129 +0.599 -0.021 -0.025 +0.108 +0.020 -0.026]
                          [-0.009 -0.047 -0.021 +0.754 +0.078 -0.163 -0.129 -0.155]
                          [-0.029 +0.140 -0.025 +0.078 +0.721 -0.019 +0.152 -0.082]
                          [+0.070 +0.004 +0.108 -0.163 -0.019 +0.524 -0.042 +0.006]
                          [-0.098 -0.055 +0.020 -0.129 +0.152 -0.042 +0.632 -0.164]
                          [+0.053 +0.042 -0.026 -0.155 -0.082 +0.006 -0.164 +0.565]]

RHS vector b:            [+0.715 +0.723 +1.018 -0.298 +0.962 +0.677 +0.376 +0.562]
Obj vector c:            [+0.154 -1.077 +1.381 +5.311 +3.151 -1.346 +0.058 +0.696]

---------------------------- Optimal solution -----------------------------
Primal variables:         [+0.942 +0.732 +1.272 +0.263 +1.234 +1.086 +0.965 +1.431]
Dual slacks:              [+1.588 +1.234 +2.146 +0.444 +2.081 +1.832 +1.627 +2.412]
Dual variables:           [-2.565 -4.978 +1.432 +3.666 +2.493 -5.057 -4.099 -2.135]

Optimal objective:       +5.99000247e+00
===========================================================================


----------------- Linear system Information -----------------
Norm of RHS vector:      2.00e+00
Norm of matrix:          1.00e+00
Condition number:        4.00e+00

Minimum eigenvalue:      +2.50e-01

RHS vector transpose:    [+0.715 +0.723 +1.018 -0.298 +0.962 +0.677 +0.376 +0.562]

Coffcient matrix:        [[+0.626 -0.039 +0.105 -0.009 -0.029 +0.070 -0.098 +0.053]
                          [-0.039 +0.581 +0.129 -0.047 +0.140 +0.004 -0.055 +0.042]
                          [+0.105 +0.129 +0.599 -0.021 -0.025 +0.108 +0.020 -0.026]
                          [-0.009 -0.047 -0.021 +0.754 +0.078 -0.163 -0.129 -0.155]
                          [-0.029 +0.140 -0.025 +0.078 +0.721 -0.019 +0.152 -0.082]
                          [+0.070 +0.004 +0.108 -0.163 -0.019 +0.524 -0.042 +0.006]
                          [-0.098 -0.055 +0.020 -0.129 +0.152 -0.042 +0.632 -0.164]
                          [+0.053 +0.042 -0.026 -0.155 -0.082 +0.006 -0.164 +0.565]]

------------- Modified linear system Information ------------
Norm of RHS vector:      1.00e+00
Norm of matrix:          5.00e-01
Condition number:        4.00e+00

Norm of difference:      1.94e+00
Norm of residual:        9.02e-01

------------------- Parameters of the QLSA ------------------
HHL method:              2
num_qubits:              8
Is simulator:            True

-------------------- Results of the QLSA --------------------
Quantum solution:        [+0.368 +1.026 +1.354 -0.936 +0.801 +0.773 +0.341 +0.325]
Exact solution:          [+0.942 +0.732 +1.272 +0.263 +1.234 +1.086 +0.965 +1.431]

Norm of difference:      1.94e+00
Norm of residual:        9.02e-01
Is sign changed:         True
Time (s):                1.87e+01
=============================================================
