
--------------- Linear optimization problem characteristics ---------------
Seed:                    5
Number of variables:     8
Number of constraints:   8

Norm of primal sol:      3.84e+00
Norm of dual sol:        1.00e+01
Norm of dual slacks:     5.00e+00

Norm of vector b:        2.00e+00
Norm of vector c:        7.43e+00

Norm of matrix A:        1.00e+00
Condition number:        4.00e+00

----------------------- Linear optimization problem -----------------------
Coeff matrix A:          [[+0.576 +0.088 -0.034 -0.110 -0.009 -0.100 +0.003 -0.039]
                          [+0.088 +0.629 -0.198 -0.146 +0.078 -0.104 -0.075 -0.074]
                          [-0.034 -0.198 +0.669 +0.049 +0.023 -0.111 -0.102 -0.013]
                          [-0.110 -0.146 +0.049 +0.549 +0.138 +0.028 -0.091 +0.027]
                          [-0.009 +0.078 +0.023 +0.138 +0.704 -0.125 +0.051 +0.057]
                          [-0.100 -0.104 -0.111 +0.028 -0.125 +0.645 -0.061 +0.178]
                          [+0.003 -0.075 -0.102 -0.091 +0.051 -0.061 +0.610 +0.009]
                          [-0.039 -0.074 -0.013 +0.027 +0.057 +0.178 +0.009 +0.618]]

RHS vector b:            [+0.027 +0.585 -0.299 +0.847 +1.152 +0.581 +0.627 +0.891]
Obj vector c:            [-0.727 +0.675 -1.822 +4.033 +1.473 -0.337 +5.677 -0.441]

---------------------------- Optimal solution -----------------------------
Primal variables:         [+0.479 +1.880 +0.446 +1.984 +1.055 +1.321 +1.654 +1.119]
Dual slacks:              [+0.624 +2.448 +0.581 +2.583 +1.373 +1.720 +2.154 +1.458]
Dual variables:           [-2.452 -3.768 -5.058 +2.877 -0.708 -4.122 +4.584 -2.726]

Optimal objective:       +1.81111947e+01
===========================================================================


----------------- Linear system Information -----------------
Norm of RHS vector:      2.00e+00
Norm of matrix:          1.00e+00
Condition number:        4.00e+00

Minimum eigenvalue:      +2.50e-01

RHS vector transpose:    [+0.027 +0.585 -0.299 +0.847 +1.152 +0.581 +0.627 +0.891]

Coffcient matrix:        [[+0.576 +0.088 -0.034 -0.110 -0.009 -0.100 +0.003 -0.039]
                          [+0.088 +0.629 -0.198 -0.146 +0.078 -0.104 -0.075 -0.074]
                          [-0.034 -0.198 +0.669 +0.049 +0.023 -0.111 -0.102 -0.013]
                          [-0.110 -0.146 +0.049 +0.549 +0.138 +0.028 -0.091 +0.027]
                          [-0.009 +0.078 +0.023 +0.138 +0.704 -0.125 +0.051 +0.057]
                          [-0.100 -0.104 -0.111 +0.028 -0.125 +0.645 -0.061 +0.178]
                          [+0.003 -0.075 -0.102 -0.091 +0.051 -0.061 +0.610 +0.009]
                          [-0.039 -0.074 -0.013 +0.027 +0.057 +0.178 +0.009 +0.618]]

------------- Modified linear system Information ------------
Norm of RHS vector:      1.00e+00
Norm of matrix:          5.00e-01
Condition number:        4.00e+00

Norm of difference:      2.61e+00
Norm of residual:        1.10e+00

------------------- Parameters of the QLSA ------------------
HHL method:              2
num_qubits:              8
Is simulator:            True

-------------------- Results of the QLSA --------------------
Quantum solution:        [+0.954 +1.135 -0.116 +0.301 +1.363 +0.322 +0.636 +1.990]
Exact solution:          [+0.479 +1.880 +0.446 +1.984 +1.055 +1.321 +1.654 +1.119]

Norm of difference:      2.61e+00
Norm of residual:        1.10e+00
Is sign changed:         False
Time (s):                1.83e+01
=============================================================
