
--------------- Linear optimization problem characteristics ---------------
Seed:                    31
Number of variables:     7
Number of constraints:   7

Norm of primal sol:      3.03e+00
Norm of dual sol:        1.00e+01
Norm of dual slacks:     5.00e+00

Norm of vector b:        2.00e+00
Norm of vector c:        3.79e+00

Norm of matrix A:        1.00e+00
Condition number:        4.00e+00

----------------------- Linear optimization problem -----------------------
Coeff matrix A:          [[+0.583 -0.047 -0.024 -0.171 +0.171 +0.072 -0.073]
                          [-0.047 +0.715 +0.106 -0.048 +0.105 -0.011 +0.087]
                          [-0.024 +0.106 +0.536 -0.078 +0.103 -0.071 -0.187]
                          [-0.171 -0.048 -0.078 +0.661 -0.050 -0.051 +0.040]
                          [+0.171 +0.105 +0.103 -0.050 +0.762 +0.015 +0.076]
                          [+0.072 -0.011 -0.071 -0.051 +0.015 +0.447 -0.097]
                          [-0.073 +0.087 -0.187 +0.040 +0.076 -0.097 +0.673]]

RHS vector b:            [-0.141 +1.312 +0.444 +0.842 +0.667 -0.195 +0.932]
Obj vector c:            [-1.389 -1.075 +2.199 +0.217 -1.868 +1.314 +1.098]

---------------------------- Optimal solution -----------------------------
Primal variables:         [+0.467 +1.563 +1.257 +1.610 +0.340 +0.223 +1.482]
Dual slacks:              [+0.770 +2.578 +2.072 +2.655 +0.560 +0.368 +2.444]
Dual variables:           [-5.644 -5.556 +0.570 -5.372 -1.539 +2.205 -0.927]

Optimal objective:       +2.06826316e+00
===========================================================================

[F[K 
----------------- Linear system Information -----------------
Norm of RHS vector:      2.00e+00
Norm of matrix:          1.00e+00
Condition number:        4.00e+00

Minimum eigenvalue:      +2.50e-01

RHS vector transpose:    [-0.141 +1.312 +0.444 +0.842 +0.667 -0.195 +0.932]

Coffcient matrix:        [[+0.583 -0.047 -0.024 -0.171 +0.171 +0.072 -0.073]
                          [-0.047 +0.715 +0.106 -0.048 +0.105 -0.011 +0.087]
                          [-0.024 +0.106 +0.536 -0.078 +0.103 -0.071 -0.187]
                          [-0.171 -0.048 -0.078 +0.661 -0.050 -0.051 +0.040]
                          [+0.171 +0.105 +0.103 -0.050 +0.762 +0.015 +0.076]
                          [+0.072 -0.011 -0.071 -0.051 +0.015 +0.447 -0.097]
                          [-0.073 +0.087 -0.187 +0.040 +0.076 -0.097 +0.673]]

------------- Modified linear system Information ------------
Norm of RHS vector:      1.00e+00
Norm of matrix:          5.00e-01
Condition number:        4.00e+00

Norm of difference:      2.94e+00
Norm of residual:        1.33e+00

------------------- Parameters of the QLSA ------------------
HHL method:              2
num_qubits:              8
Is simulator:            True

-------------------- Results of the QLSA --------------------
Quantum solution:        [-1.451 +0.294 +0.520 +0.304 +1.019 +0.747 +2.115]
Exact solution:          [+0.467 +1.563 +1.257 +1.610 +0.340 +0.223 +1.482]

Norm of difference:      2.94e+00
Norm of residual:        1.33e+00
Is sign changed:         True
Time (s):                1.81e+01
=============================================================
