
--------------- Linear optimization problem characteristics ---------------
Seed:                    63
Number of variables:     7
Number of constraints:   7

Norm of primal sol:      2.70e+00
Norm of dual sol:        1.00e+01
Norm of dual slacks:     5.00e+00

Norm of vector b:        2.00e+00
Norm of vector c:        9.41e+00

Norm of matrix A:        1.00e+00
Condition number:        4.00e+00

----------------------- Linear optimization problem -----------------------
Coeff matrix A:          [[+0.690 +0.088 -0.131 -0.116 +0.098 -0.003 -0.013]
                          [+0.088 +0.628 -0.103 -0.031 +0.151 -0.033 +0.106]
                          [-0.131 -0.103 +0.453 +0.004 -0.113 +0.084 +0.079]
                          [-0.116 -0.031 +0.004 +0.611 +0.068 -0.055 -0.037]
                          [+0.098 +0.151 -0.113 +0.068 +0.507 +0.104 +0.186]
                          [-0.003 -0.033 +0.084 -0.055 +0.104 +0.778 +0.065]
                          [-0.013 +0.106 +0.079 -0.037 +0.186 +0.065 +0.708]]

RHS vector b:            [+0.935 +0.805 -0.115 +0.566 +0.836 +0.991 +0.680]
Obj vector c:            [+4.494 +3.208 -1.335 -2.209 +1.609 +6.039 +3.504]

---------------------------- Optimal solution -----------------------------
Primal variables:         [+1.438 +1.028 +0.125 +1.364 +0.397 +1.298 +0.665]
Dual slacks:              [+2.663 +1.905 +0.231 +2.527 +0.736 +2.404 +1.231]
Dual variables:           [+0.720 +0.806 -4.581 -6.862 -0.804 +4.567 +3.042]

Optimal objective:       +1.73826685e+01
===========================================================================

[F[K 
----------------- Linear system Information -----------------
Norm of RHS vector:      2.00e+00
Norm of matrix:          1.00e+00
Condition number:        4.00e+00

Minimum eigenvalue:      +2.50e-01

RHS vector transpose:    [+0.935 +0.805 -0.115 +0.566 +0.836 +0.991 +0.680]

Coffcient matrix:        [[+0.690 +0.088 -0.131 -0.116 +0.098 -0.003 -0.013]
                          [+0.088 +0.628 -0.103 -0.031 +0.151 -0.033 +0.106]
                          [-0.131 -0.103 +0.453 +0.004 -0.113 +0.084 +0.079]
                          [-0.116 -0.031 +0.004 +0.611 +0.068 -0.055 -0.037]
                          [+0.098 +0.151 -0.113 +0.068 +0.507 +0.104 +0.186]
                          [-0.003 -0.033 +0.084 -0.055 +0.104 +0.778 +0.065]
                          [-0.013 +0.106 +0.079 -0.037 +0.186 +0.065 +0.708]]

------------- Modified linear system Information ------------
Norm of RHS vector:      1.00e+00
Norm of matrix:          5.00e-01
Condition number:        4.00e+00

Norm of difference:      3.03e+00
Norm of residual:        2.21e+00

------------------- Parameters of the QLSA ------------------
HHL method:              2
num_qubits:              8
Is simulator:            True

-------------------- Results of the QLSA --------------------
Quantum solution:        [+0.230 +0.042 -0.855 +2.193 +0.981 +1.175 -1.516]
Exact solution:          [+1.438 +1.028 +0.125 +1.364 +0.397 +1.298 +0.665]

Norm of difference:      3.03e+00
Norm of residual:        2.21e+00
Is sign changed:         True
Time (s):                1.80e+01
=============================================================
