
--------------- Linear optimization problem characteristics ---------------
Seed:                    3
Number of variables:     10
Number of constraints:   10

Norm of primal sol:      2.83e+00
Norm of dual sol:        1.00e+01
Norm of dual slacks:     5.00e+00

Norm of vector b:        2.00e+00
Norm of vector c:        7.41e+00

Norm of matrix A:        1.00e+00
Condition number:        4.00e+00

----------------------- Linear optimization problem -----------------------
Coeff matrix A:          [[+0.640 -0.027 +0.060 +0.032 +0.023 -0.047 -0.075 +0.045 -0.022 +0.092]
                          [-0.027 +0.554 +0.076 -0.102 -0.021 -0.220 -0.009 -0.105 +0.037 +0.016]
                          [+0.060 +0.076 +0.668 +0.112 +0.124 -0.037 -0.025 +0.046 +0.084 -0.002]
                          [+0.032 -0.102 +0.112 +0.569 +0.002 +0.065 +0.088 +0.008 +0.075 -0.048]
                          [+0.023 -0.021 +0.124 +0.002 +0.638 +0.058 -0.017 -0.038 -0.044 +0.237]
                          [-0.047 -0.220 -0.037 +0.065 +0.058 +0.677 +0.023 +0.004 +0.015 -0.063]
                          [-0.075 -0.009 -0.025 +0.088 -0.017 +0.023 +0.670 -0.078 -0.056 -0.001]
                          [+0.045 -0.105 +0.046 +0.008 -0.038 +0.004 -0.078 +0.622 -0.103 +0.158]
                          [-0.022 +0.037 +0.084 +0.075 -0.044 +0.015 -0.056 -0.103 +0.582 -0.059]
                          [+0.092 +0.016 -0.002 -0.048 +0.237 -0.063 -0.001 +0.158 -0.059 +0.630]]

RHS vector b:            [+0.627 +0.192 +0.694 +0.529 +1.222 +0.777 +0.099 +0.197 +0.043 +0.814]
Obj vector c:            [-1.716 +1.876 +1.551 -0.663 +4.112 +3.525 -3.398 +1.449 -1.314 +0.933]

---------------------------- Optimal solution -----------------------------
Primal variables:         [+0.898 +1.154 +0.474 +0.833 +1.456 +1.461 +0.205 +0.338 +0.084 +0.719]
Dual slacks:              [+1.588 +2.042 +0.839 +1.473 +2.575 +2.584 +0.362 +0.598 +0.148 +1.271]
Dual variables:           [-5.929 -0.544 +1.881 -2.794 +2.223 +1.146 -6.003 +0.742 -3.036 -1.071]

Optimal objective:       +1.22974019e+01
===========================================================================

[F[K 
----------------- Linear system Information -----------------
Norm of RHS vector:      2.00e+00
Norm of matrix:          1.00e+00
Condition number:        4.00e+00

Minimum eigenvalue:      +2.50e-01

RHS vector transpose:    [+0.627 +0.192 +0.694 +0.529 +1.222 +0.777 +0.099 +0.197 +0.043 +0.814]

Coffcient matrix:        [[+0.640 -0.027 +0.060 +0.032 +0.023 -0.047 -0.075 +0.045 -0.022 +0.092]
                          [-0.027 +0.554 +0.076 -0.102 -0.021 -0.220 -0.009 -0.105 +0.037 +0.016]
                          [+0.060 +0.076 +0.668 +0.112 +0.124 -0.037 -0.025 +0.046 +0.084 -0.002]
                          [+0.032 -0.102 +0.112 +0.569 +0.002 +0.065 +0.088 +0.008 +0.075 -0.048]
                          [+0.023 -0.021 +0.124 +0.002 +0.638 +0.058 -0.017 -0.038 -0.044 +0.237]
                          [-0.047 -0.220 -0.037 +0.065 +0.058 +0.677 +0.023 +0.004 +0.015 -0.063]
                          [-0.075 -0.009 -0.025 +0.088 -0.017 +0.023 +0.670 -0.078 -0.056 -0.001]
                          [+0.045 -0.105 +0.046 +0.008 -0.038 +0.004 -0.078 +0.622 -0.103 +0.158]
                          [-0.022 +0.037 +0.084 +0.075 -0.044 +0.015 -0.056 -0.103 +0.582 -0.059]
                          [+0.092 +0.016 -0.002 -0.048 +0.237 -0.063 -0.001 +0.158 -0.059 +0.630]]

------------- Modified linear system Information ------------
Norm of RHS vector:      1.00e+00
Norm of matrix:          5.00e-01
Condition number:        4.00e+00

Norm of difference:      2.34e+00
Norm of residual:        1.30e+00

------------------- Parameters of the QLSA ------------------
HHL method:              2
num_qubits:              10
Is simulator:            True

-------------------- Results of the QLSA --------------------
Quantum solution:        [+0.640 -0.428 +0.505 +0.136 +0.955 +0.318 -0.313 +0.773 -0.365 +1.191]
Exact solution:          [+0.898 +1.154 +0.474 +0.833 +1.456 +1.461 +0.205 +0.338 +0.084 +0.719]

Norm of difference:      2.34e+00
Norm of residual:        1.30e+00
Is sign changed:         True
Time (s):                2.13e+02
=============================================================
