
--------------- Linear optimization problem characteristics ---------------
Seed:                    14
Number of variables:     5
Number of constraints:   5

Norm of primal sol:      2.31e+00
Norm of dual sol:        1.00e+01
Norm of dual slacks:     5.00e+00

Norm of vector b:        2.00e+00
Norm of vector c:        9.17e+00

Norm of matrix A:        1.00e+00
Condition number:        4.00e+00

----------------------- Linear optimization problem -----------------------
Coeff matrix A:          [[+0.523 +0.146 +0.091 -0.092 -0.225]
                          [+0.146 +0.726 +0.159 -0.175 -0.048]
                          [+0.091 +0.159 +0.599 +0.012 +0.077]
                          [-0.092 -0.175 +0.012 +0.635 -0.108]
                          [-0.225 -0.048 +0.077 -0.108 +0.642]]

RHS vector b:            [+0.687 +1.335 +1.258 -0.353 +0.197]
Obj vector c:            [+6.968 +3.901 +1.806 +0.176 -4.121]

---------------------------- Optimal solution -----------------------------
Primal variables:         [+0.905 +1.361 +1.532 +0.014 +0.545]
Dual slacks:              [+1.962 +2.951 +3.323 +0.031 +1.182]
Dual variables:           [+8.066 +0.231 -3.203 +0.691 -4.914]

Optimal objective:       +1.21347547e+01
===========================================================================

[F[K 
----------------- Linear system Information -----------------
Norm of RHS vector:      2.00e+00
Norm of matrix:          1.00e+00
Condition number:        4.00e+00

Minimum eigenvalue:      +2.50e-01

RHS vector transpose:    [+0.687 +1.335 +1.258 -0.353 +0.197]

Coffcient matrix:        [[+0.523 +0.146 +0.091 -0.092 -0.225]
                          [+0.146 +0.726 +0.159 -0.175 -0.048]
                          [+0.091 +0.159 +0.599 +0.012 +0.077]
                          [-0.092 -0.175 +0.012 +0.635 -0.108]
                          [-0.225 -0.048 +0.077 -0.108 +0.642]]

------------- Modified linear system Information ------------
Norm of RHS vector:      1.00e+00
Norm of matrix:          5.00e-01
Condition number:        4.00e+00

Norm of difference:      9.37e-01
Norm of residual:        6.76e-01

------------------- Parameters of the QLSA ------------------
HHL method:              2
num_qubits:              8
Is simulator:            True

-------------------- Results of the QLSA --------------------
Quantum solution:        [+1.050 +1.320 +1.198 -0.199 -0.291]
Exact solution:          [+0.905 +1.361 +1.532 +0.014 +0.545]

Norm of difference:      9.37e-01
Norm of residual:        6.76e-01
Is sign changed:         False
Time (s):                1.83e+01
=============================================================
