
--------------- Linear optimization problem characteristics ---------------
Seed:                    96
Number of variables:     9
Number of constraints:   9

Norm of primal sol:      3.71e+00
Norm of dual sol:        1.00e+01
Norm of dual slacks:     5.00e+00

Norm of vector b:        2.00e+00
Norm of vector c:        5.46e+00

Norm of matrix A:        1.00e+00
Condition number:        4.00e+00

----------------------- Linear optimization problem -----------------------
Coeff matrix A:          [[+0.733 -0.022 -0.040 +0.078 -0.003 -0.020 -0.102 -0.037 -0.055]
                          [-0.022 +0.478 -0.068 +0.015 +0.032 -0.114 +0.101 -0.128 -0.087]
                          [-0.040 -0.068 +0.651 +0.138 -0.050 +0.028 +0.025 +0.077 +0.031]
                          [+0.078 +0.015 +0.138 +0.671 -0.146 +0.066 -0.061 -0.075 +0.045]
                          [-0.003 +0.032 -0.050 -0.146 +0.510 +0.059 +0.034 -0.016 -0.192]
                          [-0.020 -0.114 +0.028 +0.066 +0.059 +0.571 +0.030 -0.130 -0.153]
                          [-0.102 +0.101 +0.025 -0.061 +0.034 +0.030 +0.706 -0.017 -0.028]
                          [-0.037 -0.128 +0.077 -0.075 -0.016 -0.130 -0.017 +0.657 +0.079]
                          [-0.055 -0.087 +0.031 +0.045 -0.192 -0.153 -0.028 +0.079 +0.648]]

RHS vector b:            [+0.216 +0.562 +1.223 +1.250 +0.211 -0.147 +0.203 +0.509 +0.462]
Obj vector c:            [-2.516 +2.303 +0.428 +2.499 +0.792 -0.096 -2.477 -1.522 +1.639]

---------------------------- Optimal solution -----------------------------
Primal variables:         [+0.425 +1.800 +1.617 +1.789 +1.399 +0.234 +0.183 +1.112 +1.131]
Dual slacks:              [+0.572 +2.423 +2.177 +2.408 +1.883 +0.315 +0.246 +1.497 +1.522]
Dual variables:           [-5.449 -2.050 -2.472 +0.125 -2.318 -2.319 -4.217 -5.480 -1.191]

Optimal objective:       +9.03272660e+00
===========================================================================

[F[K 
----------------- Linear system Information -----------------
Norm of RHS vector:      2.00e+00
Norm of matrix:          1.00e+00
Condition number:        4.00e+00

Minimum eigenvalue:      +2.50e-01

RHS vector transpose:    [+0.216 +0.562 +1.223 +1.250 +0.211 -0.147 +0.203 +0.509 +0.462]

Coffcient matrix:        [[+0.733 -0.022 -0.040 +0.078 -0.003 -0.020 -0.102 -0.037 -0.055]
                          [-0.022 +0.478 -0.068 +0.015 +0.032 -0.114 +0.101 -0.128 -0.087]
                          [-0.040 -0.068 +0.651 +0.138 -0.050 +0.028 +0.025 +0.077 +0.031]
                          [+0.078 +0.015 +0.138 +0.671 -0.146 +0.066 -0.061 -0.075 +0.045]
                          [-0.003 +0.032 -0.050 -0.146 +0.510 +0.059 +0.034 -0.016 -0.192]
                          [-0.020 -0.114 +0.028 +0.066 +0.059 +0.571 +0.030 -0.130 -0.153]
                          [-0.102 +0.101 +0.025 -0.061 +0.034 +0.030 +0.706 -0.017 -0.028]
                          [-0.037 -0.128 +0.077 -0.075 -0.016 -0.130 -0.017 +0.657 +0.079]
                          [-0.055 -0.087 +0.031 +0.045 -0.192 -0.153 -0.028 +0.079 +0.648]]

------------- Modified linear system Information ------------
Norm of RHS vector:      1.00e+00
Norm of matrix:          5.00e-01
Condition number:        4.00e+00

Norm of difference:      3.26e+00
Norm of residual:        1.99e+00

------------------- Parameters of the QLSA ------------------
HHL method:              2
num_qubits:              10
Is simulator:            True

-------------------- Results of the QLSA --------------------
Quantum solution:        [+0.095 +1.068 +0.770 -0.023 -0.227 +1.086 +1.617 +1.615 +1.655]
Exact solution:          [+0.425 +1.800 +1.617 +1.789 +1.399 +0.234 +0.183 +1.112 +1.131]

Norm of difference:      3.26e+00
Norm of residual:        1.99e+00
Is sign changed:         True
Time (s):                2.01e+02
=============================================================
