
--------------- Linear optimization problem characteristics ---------------
Seed:                    1
Number of variables:     7
Number of constraints:   7

Norm of primal sol:      3.68e+00
Norm of dual sol:        1.00e+01
Norm of dual slacks:     5.00e+00

Norm of vector b:        2.00e+00
Norm of vector c:        6.90e+00

Norm of matrix A:        1.00e+00
Condition number:        4.00e+00

----------------------- Linear optimization problem -----------------------
Coeff matrix A:          [[+0.617 -0.134 -0.103 -0.162 -0.101 -0.016 +0.083]
                          [-0.134 +0.744 -0.030 -0.013 +0.076 -0.027 -0.125]
                          [-0.103 -0.030 +0.605 +0.001 +0.129 -0.169 -0.112]
                          [-0.162 -0.013 +0.001 +0.640 -0.095 -0.152 -0.059]
                          [-0.101 +0.076 +0.129 -0.095 +0.700 +0.081 +0.060]
                          [-0.016 -0.027 -0.169 -0.152 +0.081 +0.530 +0.040]
                          [+0.083 -0.125 -0.112 -0.059 +0.060 +0.040 +0.539]]

RHS vector b:            [+0.445 +1.843 -0.326 +0.310 +0.420 -0.016 +0.158]
Obj vector c:            [+1.269 +2.437 +1.337 +1.278 +3.484 -1.582 +4.687]

---------------------------- Optimal solution -----------------------------
Primal variables:         [+1.667 +2.879 +0.000 +1.208 +0.587 +0.369 +0.744]
Dual slacks:              [+2.263 +3.909 +0.001 +1.641 +0.796 +0.501 +1.011]
Dual variables:           [-2.787 -1.863 +0.700 -1.458 +3.342 -5.333 +6.822]

Optimal objective:       +1.56257168e+01
===========================================================================

[F[K 
----------------- Linear system Information -----------------
Norm of RHS vector:      2.00e+00
Norm of matrix:          1.00e+00
Condition number:        4.00e+00

Minimum eigenvalue:      +2.50e-01

RHS vector transpose:    [+0.445 +1.843 -0.326 +0.310 +0.420 -0.016 +0.158]

Coffcient matrix:        [[+0.617 -0.134 -0.103 -0.162 -0.101 -0.016 +0.083]
                          [-0.134 +0.744 -0.030 -0.013 +0.076 -0.027 -0.125]
                          [-0.103 -0.030 +0.605 +0.001 +0.129 -0.169 -0.112]
                          [-0.162 -0.013 +0.001 +0.640 -0.095 -0.152 -0.059]
                          [-0.101 +0.076 +0.129 -0.095 +0.700 +0.081 +0.060]
                          [-0.016 -0.027 -0.169 -0.152 +0.081 +0.530 +0.040]
                          [+0.083 -0.125 -0.112 -0.059 +0.060 +0.040 +0.539]]

------------- Modified linear system Information ------------
Norm of RHS vector:      1.00e+00
Norm of matrix:          5.00e-01
Condition number:        4.00e+00

Norm of difference:      4.83e+00
Norm of residual:        1.87e+00

------------------- Parameters of the QLSA ------------------
HHL method:              2
num_qubits:              8
Is simulator:            True

-------------------- Results of the QLSA --------------------
Quantum solution:        [-0.542 +1.265 -2.834 -0.714 -0.431 -1.331 +0.295]
Exact solution:          [+1.667 +2.879 +0.000 +1.208 +0.587 +0.369 +0.744]

Norm of difference:      4.83e+00
Norm of residual:        1.87e+00
Is sign changed:         False
Time (s):                2.29e+01
=============================================================
