
--------------- Linear optimization problem characteristics ---------------
Seed:                    87
Number of variables:     6
Number of constraints:   6

Norm of primal sol:      2.49e+00
Norm of dual sol:        1.00e+01
Norm of dual slacks:     5.00e+00

Norm of vector b:        2.00e+00
Norm of vector c:        1.29e+01

Norm of matrix A:        1.00e+00
Condition number:        4.00e+00

----------------------- Linear optimization problem -----------------------
Coeff matrix A:          [[+0.469 +0.018 +0.086 +0.103 +0.151 +0.045]
                          [+0.018 +0.607 +0.219 -0.017 -0.029 -0.055]
                          [+0.086 +0.219 +0.686 +0.069 +0.046 -0.049]
                          [+0.103 -0.017 +0.069 +0.649 -0.019 +0.006]
                          [+0.151 -0.029 +0.046 -0.019 +0.517 -0.230]
                          [+0.045 -0.055 -0.049 +0.006 -0.230 +0.822]]

RHS vector b:            [+0.698 +1.056 +1.280 +0.257 +0.055 +0.832]
Obj vector c:            [+3.547 +6.892 +9.459 +2.141 +3.282 -1.270]

---------------------------- Optimal solution -----------------------------
Primal variables:         [+0.926 +1.348 +1.371 +0.138 +0.340 +1.226]
Dual slacks:              [+1.862 +2.709 +2.754 +0.278 +0.683 +2.464]
Dual variables:           [+0.865 +3.997 +7.764 +2.135 +3.043 -3.029]

Optimal objective:       +2.53956700e+01
===========================================================================

[F[K 
----------------- Linear system Information -----------------
Norm of RHS vector:      2.00e+00
Norm of matrix:          1.00e+00
Condition number:        4.00e+00

Minimum eigenvalue:      +2.50e-01

RHS vector transpose:    [+0.698 +1.056 +1.280 +0.257 +0.055 +0.832]

Coffcient matrix:        [[+0.469 +0.018 +0.086 +0.103 +0.151 +0.045]
                          [+0.018 +0.607 +0.219 -0.017 -0.029 -0.055]
                          [+0.086 +0.219 +0.686 +0.069 +0.046 -0.049]
                          [+0.103 -0.017 +0.069 +0.649 -0.019 +0.006]
                          [+0.151 -0.029 +0.046 -0.019 +0.517 -0.230]
                          [+0.045 -0.055 -0.049 +0.006 -0.230 +0.822]]

------------- Modified linear system Information ------------
Norm of RHS vector:      1.00e+00
Norm of matrix:          5.00e-01
Condition number:        4.00e+00

Norm of difference:      4.21e+00
Norm of residual:        2.42e+00

------------------- Parameters of the QLSA ------------------
HHL method:              2
num_qubits:              8
Is simulator:            True

-------------------- Results of the QLSA --------------------
Quantum solution:        [-1.278 +1.043 +0.335 +2.116 -1.878 -0.475]
Exact solution:          [+0.926 +1.348 +1.371 +0.138 +0.340 +1.226]

Norm of difference:      4.21e+00
Norm of residual:        2.42e+00
Is sign changed:         False
Time (s):                1.83e+01
=============================================================
