
--------------- Linear optimization problem characteristics ---------------
Seed:                    69
Number of variables:     5
Number of constraints:   5

Norm of primal sol:      2.45e+00
Norm of dual sol:        1.00e+01
Norm of dual slacks:     5.00e+00

Norm of vector b:        2.00e+00
Norm of vector c:        6.88e+00

Norm of matrix A:        1.00e+00
Condition number:        4.00e+00

----------------------- Linear optimization problem -----------------------
Coeff matrix A:          [[+0.635 +0.202 -0.093 -0.148 -0.123]
                          [+0.202 +0.513 +0.059 -0.021 +0.170]
                          [-0.093 +0.059 +0.584 +0.032 +0.169]
                          [-0.148 -0.021 +0.032 +0.751 +0.109]
                          [-0.123 +0.170 +0.169 +0.109 +0.641]]

RHS vector b:            [+0.243 +1.048 +0.630 +1.105 +1.107]
Obj vector c:            [-2.433 -0.566 -1.858 +5.570 +2.584]

---------------------------- Optimal solution -----------------------------
Primal variables:         [+0.541 +1.478 +0.640 +1.442 +1.025]
Dual slacks:              [+1.103 +3.012 +1.304 +2.939 +2.090]
Dual variables:           [-3.553 -5.696 -6.367 +2.499 +2.853]

Optimal objective:       +7.34096510e+00
===========================================================================

[F[K 
----------------- Linear system Information -----------------
Norm of RHS vector:      2.00e+00
Norm of matrix:          1.00e+00
Condition number:        4.00e+00

Minimum eigenvalue:      +2.50e-01

RHS vector transpose:    [+0.243 +1.048 +0.630 +1.105 +1.107]

Coffcient matrix:        [[+0.635 +0.202 -0.093 -0.148 -0.123]
                          [+0.202 +0.513 +0.059 -0.021 +0.170]
                          [-0.093 +0.059 +0.584 +0.032 +0.169]
                          [-0.148 -0.021 +0.032 +0.751 +0.109]
                          [-0.123 +0.170 +0.169 +0.109 +0.641]]

------------- Modified linear system Information ------------
Norm of RHS vector:      1.00e+00
Norm of matrix:          5.00e-01
Condition number:        4.00e+00

Norm of difference:      8.84e-01
Norm of residual:        6.71e-01

------------------- Parameters of the QLSA ------------------
HHL method:              2
num_qubits:              8
Is simulator:            True

-------------------- Results of the QLSA --------------------
Quantum solution:        [+0.106 +0.914 +0.252 +1.749 +1.197]
Exact solution:          [+0.541 +1.478 +0.640 +1.442 +1.025]

Norm of difference:      8.84e-01
Norm of residual:        6.71e-01
Is sign changed:         True
Time (s):                1.81e+01
=============================================================
