
--------------- Linear optimization problem characteristics ---------------
Seed:                    8
Number of variables:     10
Number of constraints:   10

Norm of primal sol:      2.47e+00
Norm of dual sol:        1.00e+01
Norm of dual slacks:     5.00e+00

Norm of vector b:        2.00e+00
Norm of vector c:        9.11e+00

Norm of matrix A:        1.00e+00
Condition number:        4.00e+00

----------------------- Linear optimization problem -----------------------
Coeff matrix A:          [[+0.698 -0.075 +0.048 -0.044 -0.010 -0.030 +0.125 +0.052 +0.109 -0.054]
                          [-0.075 +0.603 +0.003 -0.034 -0.085 -0.041 +0.056 +0.055 +0.194 +0.055]
                          [+0.048 +0.003 +0.724 +0.038 +0.085 -0.063 -0.000 -0.026 -0.043 -0.006]
                          [-0.044 -0.034 +0.038 +0.694 -0.126 +0.025 +0.068 -0.094 -0.037 +0.039]
                          [-0.010 -0.085 +0.085 -0.126 +0.430 -0.008 -0.036 +0.118 +0.035 -0.003]
                          [-0.030 -0.041 -0.063 +0.025 -0.008 +0.553 +0.008 -0.108 +0.068 -0.064]
                          [+0.125 +0.056 -0.000 +0.068 -0.036 +0.008 +0.621 -0.055 +0.079 -0.092]
                          [+0.052 +0.055 -0.026 -0.094 +0.118 -0.108 -0.055 +0.738 +0.034 +0.135]
                          [+0.109 +0.194 -0.043 -0.037 +0.035 +0.068 +0.079 +0.034 +0.717 +0.098]
                          [-0.054 +0.055 -0.006 +0.039 -0.003 -0.064 -0.092 +0.135 +0.098 +0.472]]

RHS vector b:            [+0.854 +0.853 +0.878 +0.379 +0.083 -0.180 +0.562 +0.528 +0.912 +0.404]
Obj vector c:            [+2.776 +2.187 +5.225 +2.409 +2.029 -1.397 -0.628 +5.490 -0.759 +0.482]

---------------------------- Optimal solution -----------------------------
Primal variables:         [+1.133 +1.256 +1.127 +0.688 +0.302 +0.015 +0.558 +0.522 +0.678 +0.620]
Dual slacks:              [+2.288 +2.538 +2.277 +1.391 +0.610 +0.030 +1.128 +1.054 +1.369 +1.253]
Dual variables:           [+0.772 +0.605 +3.640 +2.963 +1.670 -1.031 -2.943 +6.612 -2.319 -3.924]

Optimal objective:       +1.63277446e+01
===========================================================================

[F[K 
----------------- Linear system Information -----------------
Norm of RHS vector:      2.00e+00
Norm of matrix:          1.00e+00
Condition number:        4.00e+00

Minimum eigenvalue:      +2.50e-01

RHS vector transpose:    [+0.854 +0.853 +0.878 +0.379 +0.083 -0.180 +0.562 +0.528 +0.912 +0.404]

Coffcient matrix:        [[+0.698 -0.075 +0.048 -0.044 -0.010 -0.030 +0.125 +0.052 +0.109 -0.054]
                          [-0.075 +0.603 +0.003 -0.034 -0.085 -0.041 +0.056 +0.055 +0.194 +0.055]
                          [+0.048 +0.003 +0.724 +0.038 +0.085 -0.063 -0.000 -0.026 -0.043 -0.006]
                          [-0.044 -0.034 +0.038 +0.694 -0.126 +0.025 +0.068 -0.094 -0.037 +0.039]
                          [-0.010 -0.085 +0.085 -0.126 +0.430 -0.008 -0.036 +0.118 +0.035 -0.003]
                          [-0.030 -0.041 -0.063 +0.025 -0.008 +0.553 +0.008 -0.108 +0.068 -0.064]
                          [+0.125 +0.056 -0.000 +0.068 -0.036 +0.008 +0.621 -0.055 +0.079 -0.092]
                          [+0.052 +0.055 -0.026 -0.094 +0.118 -0.108 -0.055 +0.738 +0.034 +0.135]
                          [+0.109 +0.194 -0.043 -0.037 +0.035 +0.068 +0.079 +0.034 +0.717 +0.098]
                          [-0.054 +0.055 -0.006 +0.039 -0.003 -0.064 -0.092 +0.135 +0.098 +0.472]]

------------- Modified linear system Information ------------
Norm of RHS vector:      1.00e+00
Norm of matrix:          5.00e-01
Condition number:        4.00e+00

Norm of difference:      2.35e+00
Norm of residual:        1.99e+00

------------------- Parameters of the QLSA ------------------
HHL method:              2
num_qubits:              10
Is simulator:            True

-------------------- Results of the QLSA --------------------
Quantum solution:        [+0.059 +0.448 +2.020 +1.120 -0.173 -1.001 +0.258 -0.045 -0.323 +0.330]
Exact solution:          [+1.133 +1.256 +1.127 +0.688 +0.302 +0.015 +0.558 +0.522 +0.678 +0.620]

Norm of difference:      2.35e+00
Norm of residual:        1.99e+00
Is sign changed:         True
Time (s):                2.02e+02
=============================================================
