
--------------- Linear optimization problem characteristics ---------------
Seed:                    13
Number of variables:     6
Number of constraints:   6

Norm of primal sol:      2.47e+00
Norm of dual sol:        1.00e+01
Norm of dual slacks:     5.00e+00

Norm of vector b:        2.00e+00
Norm of vector c:        6.99e+00

Norm of matrix A:        1.00e+00
Condition number:        4.00e+00

----------------------- Linear optimization problem -----------------------
Coeff matrix A:          [[+0.635 -0.081 -0.028 +0.175 +0.173 -0.121]
                          [-0.081 +0.543 -0.134 -0.100 -0.081 -0.145]
                          [-0.028 -0.134 +0.714 +0.020 +0.051 +0.060]
                          [+0.175 -0.100 +0.020 +0.668 -0.015 +0.121]
                          [+0.173 -0.081 +0.051 -0.015 +0.442 +0.069]
                          [-0.121 -0.145 +0.060 +0.121 +0.069 +0.746]]

RHS vector b:            [+0.980 -0.382 +0.842 +1.088 +0.807 +0.592]
Obj vector c:            [+2.505 +3.229 +2.690 +4.553 -0.778 -1.888]

---------------------------- Optimal solution -----------------------------
Primal variables:         [+1.039 +0.317 +1.101 +1.290 +1.299 +0.606]
Dual slacks:              [+2.101 +0.642 +2.227 +2.609 +2.628 +1.225]
Dual variables:           [+1.695 +4.282 +2.201 +3.451 -7.227 -3.133]

Optimal objective:       +1.03067480e+01
===========================================================================

[F[K 
----------------- Linear system Information -----------------
Norm of RHS vector:      2.00e+00
Norm of matrix:          1.00e+00
Condition number:        4.00e+00

Minimum eigenvalue:      +2.50e-01

RHS vector transpose:    [+0.980 -0.382 +0.842 +1.088 +0.807 +0.592]

Coffcient matrix:        [[+0.635 -0.081 -0.028 +0.175 +0.173 -0.121]
                          [-0.081 +0.543 -0.134 -0.100 -0.081 -0.145]
                          [-0.028 -0.134 +0.714 +0.020 +0.051 +0.060]
                          [+0.175 -0.100 +0.020 +0.668 -0.015 +0.121]
                          [+0.173 -0.081 +0.051 -0.015 +0.442 +0.069]
                          [-0.121 -0.145 +0.060 +0.121 +0.069 +0.746]]

------------- Modified linear system Information ------------
Norm of RHS vector:      1.00e+00
Norm of matrix:          5.00e-01
Condition number:        4.00e+00

Norm of difference:      1.99e+00
Norm of residual:        1.74e+00

------------------- Parameters of the QLSA ------------------
HHL method:              2
num_qubits:              8
Is simulator:            True

-------------------- Results of the QLSA --------------------
Quantum solution:        [+2.050 +0.674 +0.026 +0.653 +1.179 -0.497]
Exact solution:          [+1.039 +0.317 +1.101 +1.290 +1.299 +0.606]

Norm of difference:      1.99e+00
Norm of residual:        1.74e+00
Is sign changed:         False
Time (s):                1.82e+01
=============================================================
