
--------------- Linear optimization problem characteristics ---------------
Seed:                    79
Number of variables:     7
Number of constraints:   7

Norm of primal sol:      2.49e+00
Norm of dual sol:        1.00e+01
Norm of dual slacks:     5.00e+00

Norm of vector b:        2.00e+00
Norm of vector c:        8.18e+00

Norm of matrix A:        1.00e+00
Condition number:        4.00e+00

----------------------- Linear optimization problem -----------------------
Coeff matrix A:          [[+0.698 +0.057 +0.015 +0.179 +0.021 -0.103 +0.118]
                          [+0.057 +0.747 -0.013 -0.058 +0.006 +0.045 +0.152]
                          [+0.015 -0.013 +0.519 -0.030 -0.065 +0.031 +0.106]
                          [+0.179 -0.058 -0.030 +0.581 -0.132 -0.072 -0.108]
                          [+0.021 +0.006 -0.065 -0.132 +0.654 -0.041 -0.029]
                          [-0.103 +0.045 +0.031 -0.072 -0.041 +0.565 +0.237]
                          [+0.118 +0.152 +0.106 -0.108 -0.029 +0.237 +0.611]]

RHS vector b:            [+0.830 +0.856 +0.505 -0.140 +0.788 +0.523 +1.187]
Obj vector c:            [+4.235 -2.621 -0.145 +2.413 +5.202 +2.015 +2.284]

---------------------------- Optimal solution -----------------------------
Primal variables:         [+0.854 +0.799 +0.855 +0.255 +1.400 +0.548 +1.330]
Dual slacks:              [+1.717 +1.605 +1.717 +0.512 +2.813 +1.102 +2.672]
Dual variables:           [+3.930 -6.051 -3.398 +2.641 +4.005 +3.658 -0.060]

Optimal objective:       +1.34380358e+01
===========================================================================

[F[K 
----------------- Linear system Information -----------------
Norm of RHS vector:      2.00e+00
Norm of matrix:          1.00e+00
Condition number:        4.00e+00

Minimum eigenvalue:      +2.50e-01

RHS vector transpose:    [+0.830 +0.856 +0.505 -0.140 +0.788 +0.523 +1.187]

Coffcient matrix:        [[+0.698 +0.057 +0.015 +0.179 +0.021 -0.103 +0.118]
                          [+0.057 +0.747 -0.013 -0.058 +0.006 +0.045 +0.152]
                          [+0.015 -0.013 +0.519 -0.030 -0.065 +0.031 +0.106]
                          [+0.179 -0.058 -0.030 +0.581 -0.132 -0.072 -0.108]
                          [+0.021 +0.006 -0.065 -0.132 +0.654 -0.041 -0.029]
                          [-0.103 +0.045 +0.031 -0.072 -0.041 +0.565 +0.237]
                          [+0.118 +0.152 +0.106 -0.108 -0.029 +0.237 +0.611]]

------------- Modified linear system Information ------------
Norm of RHS vector:      1.00e+00
Norm of matrix:          5.00e-01
Condition number:        4.00e+00

Norm of difference:      2.08e+00
Norm of residual:        1.40e+00

------------------- Parameters of the QLSA ------------------
HHL method:              2
num_qubits:              8
Is simulator:            True

-------------------- Results of the QLSA --------------------
Quantum solution:        [+1.508 -0.367 +0.457 +0.425 -0.054 +0.998 +1.543]
Exact solution:          [+0.854 +0.799 +0.855 +0.255 +1.400 +0.548 +1.330]

Norm of difference:      2.08e+00
Norm of residual:        1.40e+00
Is sign changed:         False
Time (s):                1.80e+01
=============================================================
