
--------------- Linear optimization problem characteristics ---------------
Seed:                    34
Number of variables:     6
Number of constraints:   6

Norm of primal sol:      2.42e+00
Norm of dual sol:        1.00e+01
Norm of dual slacks:     5.00e+00

Norm of vector b:        2.00e+00
Norm of vector c:        6.33e+00

Norm of matrix A:        1.00e+00
Condition number:        4.00e+00

----------------------- Linear optimization problem -----------------------
Coeff matrix A:          [[+0.599 +0.052 -0.204 +0.029 -0.001 +0.032]
                          [+0.052 +0.762 +0.028 +0.065 -0.134 -0.084]
                          [-0.204 +0.028 +0.593 +0.143 -0.010 +0.207]
                          [+0.029 +0.065 +0.143 +0.659 -0.023 +0.166]
                          [-0.001 -0.134 -0.010 -0.023 +0.526 -0.115]
                          [+0.032 -0.084 +0.207 +0.166 -0.115 +0.610]]

RHS vector b:            [+0.164 +0.983 +0.619 +1.119 -0.387 +1.105]
Obj vector c:            [+0.276 +0.492 -1.988 +1.034 -3.535 +4.720]

---------------------------- Optimal solution -----------------------------
Primal variables:         [+0.068 +1.368 +0.163 +1.110 +0.024 +1.642]
Dual slacks:              [+0.140 +2.833 +0.337 +2.298 +0.050 +3.400]
Dual variables:           [-1.122 -3.772 -4.736 -1.301 -7.433 +2.268]

Optimal objective:       +9.17913307e+00
===========================================================================

[F[K 
----------------- Linear system Information -----------------
Norm of RHS vector:      2.00e+00
Norm of matrix:          1.00e+00
Condition number:        4.00e+00

Minimum eigenvalue:      +2.50e-01

RHS vector transpose:    [+0.164 +0.983 +0.619 +1.119 -0.387 +1.105]

Coffcient matrix:        [[+0.599 +0.052 -0.204 +0.029 -0.001 +0.032]
                          [+0.052 +0.762 +0.028 +0.065 -0.134 -0.084]
                          [-0.204 +0.028 +0.593 +0.143 -0.010 +0.207]
                          [+0.029 +0.065 +0.143 +0.659 -0.023 +0.166]
                          [-0.001 -0.134 -0.010 -0.023 +0.526 -0.115]
                          [+0.032 -0.084 +0.207 +0.166 -0.115 +0.610]]

------------- Modified linear system Information ------------
Norm of RHS vector:      1.00e+00
Norm of matrix:          5.00e-01
Condition number:        4.00e+00

Norm of difference:      3.60e+00
Norm of residual:        1.31e+00

------------------- Parameters of the QLSA ------------------
HHL method:              2
num_qubits:              8
Is simulator:            True

-------------------- Results of the QLSA --------------------
Quantum solution:        [+0.652 -0.130 +2.644 +0.859 -0.867 -0.183]
Exact solution:          [+0.068 +1.368 +0.163 +1.110 +0.024 +1.642]

Norm of difference:      3.60e+00
Norm of residual:        1.31e+00
Is sign changed:         False
Time (s):                1.84e+01
=============================================================
