
--------------- Linear optimization problem characteristics ---------------
Seed:                    7
Number of variables:     5
Number of constraints:   5

Norm of primal sol:      3.12e+00
Norm of dual sol:        1.00e+01
Norm of dual slacks:     5.00e+00

Norm of vector b:        2.00e+00
Norm of vector c:        7.84e+00

Norm of matrix A:        1.00e+00
Condition number:        4.00e+00

----------------------- Linear optimization problem -----------------------
Coeff matrix A:          [[+0.615 -0.102 -0.227 -0.091 +0.028]
                          [-0.102 +0.792 -0.208 +0.034 +0.139]
                          [-0.227 -0.208 +0.563 -0.026 -0.103]
                          [-0.091 +0.034 -0.026 +0.539 -0.099]
                          [+0.028 +0.139 -0.103 -0.099 +0.616]]

RHS vector b:            [-0.353 +1.402 -0.108 +0.621 +1.230]
Obj vector c:            [+3.158 +4.184 -3.548 -0.006 +4.630]

---------------------------- Optimal solution -----------------------------
Primal variables:         [+0.158 +1.611 +0.905 +1.494 +2.020]
Dual slacks:              [+0.252 +2.579 +1.450 +2.392 +3.234]
Dual variables:           [+0.789 +0.023 -8.768 -4.744 -0.002]

Optimal objective:       +1.33660735e+01
===========================================================================

[F[K 
----------------- Linear system Information -----------------
Norm of RHS vector:      2.00e+00
Norm of matrix:          1.00e+00
Condition number:        4.00e+00

Minimum eigenvalue:      +2.50e-01

RHS vector transpose:    [-0.353 +1.402 -0.108 +0.621 +1.230]

Coffcient matrix:        [[+0.615 -0.102 -0.227 -0.091 +0.028]
                          [-0.102 +0.792 -0.208 +0.034 +0.139]
                          [-0.227 -0.208 +0.563 -0.026 -0.103]
                          [-0.091 +0.034 -0.026 +0.539 -0.099]
                          [+0.028 +0.139 -0.103 -0.099 +0.616]]

------------- Modified linear system Information ------------
Norm of RHS vector:      1.00e+00
Norm of matrix:          5.00e-01
Condition number:        4.00e+00

Norm of difference:      4.35e+00
Norm of residual:        1.75e+00

------------------- Parameters of the QLSA ------------------
HHL method:              2
num_qubits:              8
Is simulator:            True

-------------------- Results of the QLSA --------------------
Quantum solution:        [-1.780 +0.202 -0.785 -1.712 +1.947]
Exact solution:          [+0.158 +1.611 +0.905 +1.494 +2.020]

Norm of difference:      4.35e+00
Norm of residual:        1.75e+00
Is sign changed:         False
Time (s):                1.85e+01
=============================================================
