
--------------- Linear optimization problem characteristics ---------------
Seed:                    67
Number of variables:     9
Number of constraints:   9

Norm of primal sol:      3.01e+00
Norm of dual sol:        1.00e+01
Norm of dual slacks:     5.00e+00

Norm of vector b:        2.00e+00
Norm of vector c:        6.62e+00

Norm of matrix A:        1.00e+00
Condition number:        4.00e+00

----------------------- Linear optimization problem -----------------------
Coeff matrix A:          [[+0.553 +0.017 +0.058 +0.072 +0.063 -0.001 +0.096 -0.118 -0.044]
                          [+0.017 +0.735 +0.011 -0.017 +0.006 +0.004 +0.102 -0.182 +0.117]
                          [+0.058 +0.011 +0.557 -0.063 -0.071 -0.072 -0.112 -0.077 +0.042]
                          [+0.072 -0.017 -0.063 +0.663 -0.121 +0.149 -0.049 -0.009 +0.110]
                          [+0.063 +0.006 -0.071 -0.121 +0.634 -0.101 +0.096 -0.010 +0.093]
                          [-0.001 +0.004 -0.072 +0.149 -0.101 +0.618 -0.100 -0.015 +0.098]
                          [+0.096 +0.102 -0.112 -0.049 +0.096 -0.100 +0.614 -0.030 -0.039]
                          [-0.118 -0.182 -0.077 -0.009 -0.010 -0.015 -0.030 +0.616 +0.139]
                          [-0.044 +0.117 +0.042 +0.110 +0.093 +0.098 -0.039 +0.139 +0.634]]

RHS vector b:            [+0.441 +0.978 +0.513 +0.524 +0.048 +0.456 +0.148 +0.648 +1.288]
Obj vector c:            [-1.038 +4.630 +2.955 -2.113 -1.436 -1.614 -0.069 +0.229 -1.839]

---------------------------- Optimal solution -----------------------------
Primal variables:         [+0.918 +1.445 +1.154 +0.558 +0.101 +0.650 +0.359 +1.569 +1.216]
Dual slacks:              [+1.524 +2.398 +1.915 +0.926 +0.168 +1.079 +0.595 +2.604 +2.018]
Dual variables:           [-4.972 +3.526 +1.008 -2.721 -2.029 -3.426 -1.643 -2.664 -5.365]

Optimal objective:       +4.87085189e+00
===========================================================================

[F[K 
----------------- Linear system Information -----------------
Norm of RHS vector:      2.00e+00
Norm of matrix:          1.00e+00
Condition number:        4.00e+00

Minimum eigenvalue:      +2.50e-01

RHS vector transpose:    [+0.441 +0.978 +0.513 +0.524 +0.048 +0.456 +0.148 +0.648 +1.288]

Coffcient matrix:        [[+0.553 +0.017 +0.058 +0.072 +0.063 -0.001 +0.096 -0.118 -0.044]
                          [+0.017 +0.735 +0.011 -0.017 +0.006 +0.004 +0.102 -0.182 +0.117]
                          [+0.058 +0.011 +0.557 -0.063 -0.071 -0.072 -0.112 -0.077 +0.042]
                          [+0.072 -0.017 -0.063 +0.663 -0.121 +0.149 -0.049 -0.009 +0.110]
                          [+0.063 +0.006 -0.071 -0.121 +0.634 -0.101 +0.096 -0.010 +0.093]
                          [-0.001 +0.004 -0.072 +0.149 -0.101 +0.618 -0.100 -0.015 +0.098]
                          [+0.096 +0.102 -0.112 -0.049 +0.096 -0.100 +0.614 -0.030 -0.039]
                          [-0.118 -0.182 -0.077 -0.009 -0.010 -0.015 -0.030 +0.616 +0.139]
                          [-0.044 +0.117 +0.042 +0.110 +0.093 +0.098 -0.039 +0.139 +0.634]]

------------- Modified linear system Information ------------
Norm of RHS vector:      1.00e+00
Norm of matrix:          5.00e-01
Condition number:        4.00e+00

Norm of difference:      3.30e+00
Norm of residual:        2.44e+00

------------------- Parameters of the QLSA ------------------
HHL method:              2
num_qubits:              10
Is simulator:            True

-------------------- Results of the QLSA --------------------
Quantum solution:        [+0.622 +1.414 +0.163 -0.077 +0.416 +0.191 +0.729 -1.167 +0.009]
Exact solution:          [+0.918 +1.445 +1.154 +0.558 +0.101 +0.650 +0.359 +1.569 +1.216]

Norm of difference:      3.30e+00
Norm of residual:        2.44e+00
Is sign changed:         True
Time (s):                2.08e+02
=============================================================
