
--------------- Linear optimization problem characteristics ---------------
Seed:                    16
Number of variables:     9
Number of constraints:   9

Norm of primal sol:      4.06e+00
Norm of dual sol:        1.00e+01
Norm of dual slacks:     5.00e+00

Norm of vector b:        2.00e+00
Norm of vector c:        7.49e+00

Norm of matrix A:        1.00e+00
Condition number:        4.00e+00

----------------------- Linear optimization problem -----------------------
Coeff matrix A:          [[+0.592 +0.065 -0.132 -0.019 -0.092 +0.020 -0.023 +0.107 -0.048]
                          [+0.065 +0.572 -0.161 -0.032 +0.004 +0.135 +0.033 -0.096 +0.030]
                          [-0.132 -0.161 +0.579 +0.031 +0.072 -0.041 -0.146 +0.004 -0.115]
                          [-0.019 -0.032 +0.031 +0.583 +0.045 -0.064 +0.071 -0.096 -0.069]
                          [-0.092 +0.004 +0.072 +0.045 +0.694 +0.047 -0.054 +0.034 -0.012]
                          [+0.020 +0.135 -0.041 -0.064 +0.047 +0.554 -0.044 +0.185 -0.098]
                          [-0.023 +0.033 -0.146 +0.071 -0.054 -0.044 +0.603 +0.003 +0.088]
                          [+0.107 -0.096 +0.004 -0.096 +0.034 +0.185 +0.003 +0.733 +0.126]
                          [-0.048 +0.030 -0.115 -0.069 -0.012 -0.098 +0.088 +0.126 +0.716]]

RHS vector b:            [+0.219 +0.932 +0.408 +0.186 +0.889 +0.647 +1.159 +0.553 +0.157]
Obj vector c:            [+5.441 +3.057 -1.041 +1.116 -1.936 -0.054 +2.665 +1.908 +0.586]

---------------------------- Optimal solution -----------------------------
Primal variables:         [+0.790 +1.851 +1.949 +0.161 +1.276 +0.789 +2.437 +0.579 +0.249]
Dual slacks:              [+0.974 +2.281 +2.401 +0.199 +1.573 +0.973 +3.003 +0.714 +0.307]
Dual variables:           [+5.318 +0.768 -5.088 +2.685 -4.118 -3.011 -2.490 +2.371 -0.431]

Optimal objective:       +1.33407378e+01
===========================================================================

[F[K 
----------------- Linear system Information -----------------
Norm of RHS vector:      2.00e+00
Norm of matrix:          1.00e+00
Condition number:        4.00e+00

Minimum eigenvalue:      +2.50e-01

RHS vector transpose:    [+0.219 +0.932 +0.408 +0.186 +0.889 +0.647 +1.159 +0.553 +0.157]

Coffcient matrix:        [[+0.592 +0.065 -0.132 -0.019 -0.092 +0.020 -0.023 +0.107 -0.048]
                          [+0.065 +0.572 -0.161 -0.032 +0.004 +0.135 +0.033 -0.096 +0.030]
                          [-0.132 -0.161 +0.579 +0.031 +0.072 -0.041 -0.146 +0.004 -0.115]
                          [-0.019 -0.032 +0.031 +0.583 +0.045 -0.064 +0.071 -0.096 -0.069]
                          [-0.092 +0.004 +0.072 +0.045 +0.694 +0.047 -0.054 +0.034 -0.012]
                          [+0.020 +0.135 -0.041 -0.064 +0.047 +0.554 -0.044 +0.185 -0.098]
                          [-0.023 +0.033 -0.146 +0.071 -0.054 -0.044 +0.603 +0.003 +0.088]
                          [+0.107 -0.096 +0.004 -0.096 +0.034 +0.185 +0.003 +0.733 +0.126]
                          [-0.048 +0.030 -0.115 -0.069 -0.012 -0.098 +0.088 +0.126 +0.716]]

------------- Modified linear system Information ------------
Norm of RHS vector:      1.00e+00
Norm of matrix:          5.00e-01
Condition number:        4.00e+00

Norm of difference:      3.82e+00
Norm of residual:        2.18e+00

------------------- Parameters of the QLSA ------------------
HHL method:              2
num_qubits:              10
Is simulator:            True

-------------------- Results of the QLSA --------------------
Quantum solution:        [+0.808 +0.232 -0.124 -0.357 -0.037 +0.444 +0.428 +1.809 +0.465]
Exact solution:          [+0.790 +1.851 +1.949 +0.161 +1.276 +0.789 +2.437 +0.579 +0.249]

Norm of difference:      3.82e+00
Norm of residual:        2.18e+00
Is sign changed:         True
Time (s):                1.98e+02
=============================================================
