
--------------- Linear optimization problem characteristics ---------------
Seed:                    12
Number of variables:     8
Number of constraints:   8

Norm of primal sol:      2.70e+00
Norm of dual sol:        1.00e+01
Norm of dual slacks:     5.00e+00

Norm of vector b:        2.00e+00
Norm of vector c:        8.80e+00

Norm of matrix A:        1.00e+00
Condition number:        4.00e+00

----------------------- Linear optimization problem -----------------------
Coeff matrix A:          [[+0.682 +0.015 +0.050 +0.061 +0.152 -0.024 +0.121 +0.021]
                          [+0.015 +0.656 +0.170 -0.058 -0.062 +0.040 +0.071 +0.030]
                          [+0.050 +0.170 +0.596 +0.021 -0.071 +0.050 +0.241 +0.030]
                          [+0.061 -0.058 +0.021 +0.585 -0.003 +0.056 -0.028 -0.176]
                          [+0.152 -0.062 -0.071 -0.003 +0.690 -0.016 -0.098 -0.047]
                          [-0.024 +0.040 +0.050 +0.056 -0.016 +0.590 -0.101 +0.118]
                          [+0.121 +0.071 +0.241 -0.028 -0.098 -0.101 +0.569 -0.080]
                          [+0.021 +0.030 +0.030 -0.176 -0.047 +0.118 -0.080 +0.632]]

RHS vector b:            [+0.423 +1.012 +0.948 +0.512 -0.230 +0.881 +0.899 -0.007]
Obj vector c:            [+3.540 -0.973 -2.216 +3.035 +4.675 +5.133 -1.157 +0.593]

---------------------------- Optimal solution -----------------------------
Primal variables:         [+0.259 +1.243 +0.442 +0.896 +0.024 +1.543 +1.512 +0.056]
Dual slacks:              [+0.480 +2.303 +0.819 +1.661 +0.045 +2.859 +2.803 +0.104]
Dual variables:           [+4.644 -3.687 -2.197 +1.078 +4.514 +3.585 -5.058 +0.216]

Optimal objective:       +7.76515505e+00
===========================================================================


----------------- Linear system Information -----------------
Norm of RHS vector:      2.00e+00
Norm of matrix:          1.00e+00
Condition number:        4.00e+00

Minimum eigenvalue:      +2.50e-01

RHS vector transpose:    [+0.423 +1.012 +0.948 +0.512 -0.230 +0.881 +0.899 -0.007]

Coffcient matrix:        [[+0.682 +0.015 +0.050 +0.061 +0.152 -0.024 +0.121 +0.021]
                          [+0.015 +0.656 +0.170 -0.058 -0.062 +0.040 +0.071 +0.030]
                          [+0.050 +0.170 +0.596 +0.021 -0.071 +0.050 +0.241 +0.030]
                          [+0.061 -0.058 +0.021 +0.585 -0.003 +0.056 -0.028 -0.176]
                          [+0.152 -0.062 -0.071 -0.003 +0.690 -0.016 -0.098 -0.047]
                          [-0.024 +0.040 +0.050 +0.056 -0.016 +0.590 -0.101 +0.118]
                          [+0.121 +0.071 +0.241 -0.028 -0.098 -0.101 +0.569 -0.080]
                          [+0.021 +0.030 +0.030 -0.176 -0.047 +0.118 -0.080 +0.632]]

------------- Modified linear system Information ------------
Norm of RHS vector:      1.00e+00
Norm of matrix:          5.00e-01
Condition number:        4.00e+00

Norm of difference:      2.45e+00
Norm of residual:        1.46e+00

------------------- Parameters of the QLSA ------------------
HHL method:              2
num_qubits:              8
Is simulator:            True

-------------------- Results of the QLSA --------------------
Quantum solution:        [-0.091 +0.933 +1.143 -0.201 -0.963 -0.127 +0.949 +0.128]
Exact solution:          [+0.259 +1.243 +0.442 +0.896 +0.024 +1.543 +1.512 +0.056]

Norm of difference:      2.45e+00
Norm of residual:        1.46e+00
Is sign changed:         True
Time (s):                1.81e+01
=============================================================
