
--------------- Linear optimization problem characteristics ---------------
Seed:                    97
Number of variables:     9
Number of constraints:   9

Norm of primal sol:      3.26e+00
Norm of dual sol:        1.00e+01
Norm of dual slacks:     5.00e+00

Norm of vector b:        2.00e+00
Norm of vector c:        5.26e+00

Norm of matrix A:        1.00e+00
Condition number:        4.00e+00

----------------------- Linear optimization problem -----------------------
Coeff matrix A:          [[+0.542 -0.010 +0.030 -0.106 +0.034 +0.012 +0.034 +0.079 -0.002]
                          [-0.010 +0.816 -0.081 +0.067 +0.094 -0.046 +0.065 -0.083 +0.031]
                          [+0.030 -0.081 +0.631 -0.091 -0.006 -0.055 -0.031 -0.074 +0.006]
                          [-0.106 +0.067 -0.091 +0.662 -0.146 +0.046 -0.167 -0.004 -0.151]
                          [+0.034 +0.094 -0.006 -0.146 +0.606 +0.085 -0.072 +0.029 -0.085]
                          [+0.012 -0.046 -0.055 +0.046 +0.085 +0.545 -0.132 -0.034 -0.200]
                          [+0.034 +0.065 -0.031 -0.167 -0.072 -0.132 +0.604 -0.081 +0.017]
                          [+0.079 -0.083 -0.074 -0.004 +0.029 -0.034 -0.081 +0.582 +0.060]
                          [-0.002 +0.031 +0.006 -0.151 -0.085 -0.200 +0.017 +0.060 +0.636]]

RHS vector b:            [+0.869 +1.261 +0.128 -0.264 +0.783 -0.031 +0.699 +0.675 +0.101]
Obj vector c:            [+0.910 +0.369 +0.574 +0.081 +4.616 +0.501 +0.815 +0.610 -1.932]

---------------------------- Optimal solution -----------------------------
Primal variables:         [+1.290 +1.495 +0.689 +0.439 +1.188 +0.461 +1.505 +1.432 +0.315]
Dual slacks:              [+1.980 +2.296 +1.058 +0.673 +1.825 +0.707 +2.310 +2.199 +0.484]
Dual variables:           [-1.699 -3.155 -2.206 -1.715 +4.497 -3.997 -3.348 -3.721 -4.254]

Optimal objective:       +9.36311481e+00
===========================================================================

[F[K 
----------------- Linear system Information -----------------
Norm of RHS vector:      2.00e+00
Norm of matrix:          1.00e+00
Condition number:        4.00e+00

Minimum eigenvalue:      +2.50e-01

RHS vector transpose:    [+0.869 +1.261 +0.128 -0.264 +0.783 -0.031 +0.699 +0.675 +0.101]

Coffcient matrix:        [[+0.542 -0.010 +0.030 -0.106 +0.034 +0.012 +0.034 +0.079 -0.002]
                          [-0.010 +0.816 -0.081 +0.067 +0.094 -0.046 +0.065 -0.083 +0.031]
                          [+0.030 -0.081 +0.631 -0.091 -0.006 -0.055 -0.031 -0.074 +0.006]
                          [-0.106 +0.067 -0.091 +0.662 -0.146 +0.046 -0.167 -0.004 -0.151]
                          [+0.034 +0.094 -0.006 -0.146 +0.606 +0.085 -0.072 +0.029 -0.085]
                          [+0.012 -0.046 -0.055 +0.046 +0.085 +0.545 -0.132 -0.034 -0.200]
                          [+0.034 +0.065 -0.031 -0.167 -0.072 -0.132 +0.604 -0.081 +0.017]
                          [+0.079 -0.083 -0.074 -0.004 +0.029 -0.034 -0.081 +0.582 +0.060]
                          [-0.002 +0.031 +0.006 -0.151 -0.085 -0.200 +0.017 +0.060 +0.636]]

------------- Modified linear system Information ------------
Norm of RHS vector:      1.00e+00
Norm of matrix:          5.00e-01
Condition number:        4.00e+00

Norm of difference:      3.51e+00
Norm of residual:        2.37e+00

------------------- Parameters of the QLSA ------------------
HHL method:              2
num_qubits:              10
Is simulator:            True

-------------------- Results of the QLSA --------------------
Quantum solution:        [+0.363 +1.107 +1.328 +1.349 -1.125 -1.080 +0.772 +2.256 -0.744]
Exact solution:          [+1.290 +1.495 +0.689 +0.439 +1.188 +0.461 +1.505 +1.432 +0.315]

Norm of difference:      3.51e+00
Norm of residual:        2.37e+00
Is sign changed:         False
Time (s):                2.08e+02
=============================================================
