
--------------- Linear optimization problem characteristics ---------------
Seed:                    72
Number of variables:     10
Number of constraints:   10

Norm of primal sol:      2.52e+00
Norm of dual sol:        1.00e+01
Norm of dual slacks:     5.00e+00

Norm of vector b:        2.00e+00
Norm of vector c:        1.03e+01

Norm of matrix A:        1.00e+00
Condition number:        4.00e+00

----------------------- Linear optimization problem -----------------------
Coeff matrix A:          [[+0.523 +0.023 +0.076 -0.130 -0.077 +0.022 +0.009 -0.049 +0.055 -0.048]
                          [+0.023 +0.720 +0.061 +0.071 -0.028 -0.072 -0.025 -0.003 +0.106 -0.035]
                          [+0.076 +0.061 +0.660 -0.031 +0.106 +0.002 +0.086 -0.001 +0.095 -0.011]
                          [-0.130 +0.071 -0.031 +0.566 -0.190 +0.093 +0.004 +0.077 -0.103 -0.063]
                          [-0.077 -0.028 +0.106 -0.190 +0.693 -0.134 +0.055 -0.016 -0.005 -0.053]
                          [+0.022 -0.072 +0.002 +0.093 -0.134 +0.545 +0.173 +0.004 -0.029 +0.099]
                          [+0.009 -0.025 +0.086 +0.004 +0.055 +0.173 +0.603 +0.019 +0.043 +0.096]
                          [-0.049 -0.003 -0.001 +0.077 -0.016 +0.004 +0.019 +0.681 +0.060 +0.131]
                          [+0.055 +0.106 +0.095 -0.103 -0.005 -0.029 +0.043 +0.060 +0.522 +0.004]
                          [-0.048 -0.035 -0.011 -0.063 -0.053 +0.099 +0.096 +0.131 +0.004 +0.738]]

RHS vector b:            [+0.040 +0.799 +0.846 +0.308 +0.299 +0.723 +1.087 +0.370 +0.255 +0.744]
Obj vector c:            [+0.344 +6.857 +1.510 +0.202 +0.464 +2.801 +3.502 +3.704 +2.392 +4.191]

---------------------------- Optimal solution -----------------------------
Primal variables:         [+0.181 +1.161 +0.907 +0.626 +0.700 +0.997 +1.215 +0.294 +0.113 +0.849]
Dual slacks:              [+0.359 +2.299 +1.797 +1.240 +1.386 +1.974 +2.405 +0.582 +0.224 +1.682]
Dual variables:           [-1.049 +6.903 -1.294 -3.903 -1.481 +2.075 +1.294 +4.360 +1.806 +1.975]

Optimal objective:       +2.18078665e+01
===========================================================================

[F[K 
----------------- Linear system Information -----------------
Norm of RHS vector:      2.00e+00
Norm of matrix:          1.00e+00
Condition number:        4.00e+00

Minimum eigenvalue:      +2.50e-01

RHS vector transpose:    [+0.040 +0.799 +0.846 +0.308 +0.299 +0.723 +1.087 +0.370 +0.255 +0.744]

Coffcient matrix:        [[+0.523 +0.023 +0.076 -0.130 -0.077 +0.022 +0.009 -0.049 +0.055 -0.048]
                          [+0.023 +0.720 +0.061 +0.071 -0.028 -0.072 -0.025 -0.003 +0.106 -0.035]
                          [+0.076 +0.061 +0.660 -0.031 +0.106 +0.002 +0.086 -0.001 +0.095 -0.011]
                          [-0.130 +0.071 -0.031 +0.566 -0.190 +0.093 +0.004 +0.077 -0.103 -0.063]
                          [-0.077 -0.028 +0.106 -0.190 +0.693 -0.134 +0.055 -0.016 -0.005 -0.053]
                          [+0.022 -0.072 +0.002 +0.093 -0.134 +0.545 +0.173 +0.004 -0.029 +0.099]
                          [+0.009 -0.025 +0.086 +0.004 +0.055 +0.173 +0.603 +0.019 +0.043 +0.096]
                          [-0.049 -0.003 -0.001 +0.077 -0.016 +0.004 +0.019 +0.681 +0.060 +0.131]
                          [+0.055 +0.106 +0.095 -0.103 -0.005 -0.029 +0.043 +0.060 +0.522 +0.004]
                          [-0.048 -0.035 -0.011 -0.063 -0.053 +0.099 +0.096 +0.131 +0.004 +0.738]]

------------- Modified linear system Information ------------
Norm of RHS vector:      1.00e+00
Norm of matrix:          5.00e-01
Condition number:        4.00e+00

Norm of difference:      4.62e+00
Norm of residual:        2.28e+00

------------------- Parameters of the QLSA ------------------
HHL method:              2
num_qubits:              10
Is simulator:            True

-------------------- Results of the QLSA --------------------
Quantum solution:        [-1.395 +0.192 +0.583 -0.002 -0.928 -1.211 +0.536 -1.034 +2.874 +1.023]
Exact solution:          [+0.181 +1.161 +0.907 +0.626 +0.700 +0.997 +1.215 +0.294 +0.113 +0.849]

Norm of difference:      4.62e+00
Norm of residual:        2.28e+00
Is sign changed:         True
Time (s):                2.00e+02
=============================================================
