
--------------- Linear optimization problem characteristics ---------------
Seed:                    30
Number of variables:     9
Number of constraints:   9

Norm of primal sol:      2.85e+00
Norm of dual sol:        1.00e+01
Norm of dual slacks:     5.00e+00

Norm of vector b:        2.00e+00
Norm of vector c:        8.23e+00

Norm of matrix A:        1.00e+00
Condition number:        4.00e+00

----------------------- Linear optimization problem -----------------------
Coeff matrix A:          [[+0.687 -0.058 +0.044 -0.042 +0.203 +0.091 -0.071 -0.011 -0.013]
                          [-0.058 +0.726 +0.003 -0.063 +0.011 +0.140 -0.141 +0.137 -0.069]
                          [+0.044 +0.003 +0.617 +0.065 +0.060 +0.091 -0.021 -0.039 +0.123]
                          [-0.042 -0.063 +0.065 +0.591 +0.003 -0.086 -0.134 +0.120 +0.004]
                          [+0.203 +0.011 +0.060 +0.003 +0.556 -0.016 +0.031 -0.115 -0.030]
                          [+0.091 +0.140 +0.091 -0.086 -0.016 +0.695 +0.040 +0.153 -0.014]
                          [-0.071 -0.141 -0.021 -0.134 +0.031 +0.040 +0.596 -0.046 -0.047]
                          [-0.011 +0.137 -0.039 +0.120 -0.115 +0.153 -0.046 +0.602 +0.034]
                          [-0.013 -0.069 +0.123 +0.004 -0.030 -0.014 -0.047 +0.034 +0.555]]

RHS vector b:            [+0.904 +0.217 +0.890 -0.062 +1.060 +0.693 +0.707 +0.149 +0.462]
Obj vector c:            [+2.553 -1.217 +3.464 +0.703 +3.943 +2.721 +0.847 -1.052 +4.732]

---------------------------- Optimal solution -----------------------------
Primal variables:         [+0.989 +0.584 +1.018 +0.251 +1.477 +0.532 +1.522 +0.361 +0.899]
Dual slacks:              [+1.733 +1.024 +1.784 +0.440 +2.589 +0.933 +2.668 +0.632 +1.576]
Dual variables:           [-0.979 -3.818 +0.463 +0.191 +2.801 +4.553 -4.306 -3.193 +5.187]

Optimal objective:       +1.79501598e+01
===========================================================================

[F[K 
----------------- Linear system Information -----------------
Norm of RHS vector:      2.00e+00
Norm of matrix:          1.00e+00
Condition number:        4.00e+00

Minimum eigenvalue:      +2.50e-01

RHS vector transpose:    [+0.904 +0.217 +0.890 -0.062 +1.060 +0.693 +0.707 +0.149 +0.462]

Coffcient matrix:        [[+0.687 -0.058 +0.044 -0.042 +0.203 +0.091 -0.071 -0.011 -0.013]
                          [-0.058 +0.726 +0.003 -0.063 +0.011 +0.140 -0.141 +0.137 -0.069]
                          [+0.044 +0.003 +0.617 +0.065 +0.060 +0.091 -0.021 -0.039 +0.123]
                          [-0.042 -0.063 +0.065 +0.591 +0.003 -0.086 -0.134 +0.120 +0.004]
                          [+0.203 +0.011 +0.060 +0.003 +0.556 -0.016 +0.031 -0.115 -0.030]
                          [+0.091 +0.140 +0.091 -0.086 -0.016 +0.695 +0.040 +0.153 -0.014]
                          [-0.071 -0.141 -0.021 -0.134 +0.031 +0.040 +0.596 -0.046 -0.047]
                          [-0.011 +0.137 -0.039 +0.120 -0.115 +0.153 -0.046 +0.602 +0.034]
                          [-0.013 -0.069 +0.123 +0.004 -0.030 -0.014 -0.047 +0.034 +0.555]]

------------- Modified linear system Information ------------
Norm of RHS vector:      1.00e+00
Norm of matrix:          5.00e-01
Condition number:        4.00e+00

Norm of difference:      3.75e+00
Norm of residual:        2.62e+00

------------------- Parameters of the QLSA ------------------
HHL method:              2
num_qubits:              10
Is simulator:            True

-------------------- Results of the QLSA --------------------
Quantum solution:        [-1.083 -1.004 +1.154 -0.198 -0.855 +1.265 +1.469 -0.180 +0.047]
Exact solution:          [+0.989 +0.584 +1.018 +0.251 +1.477 +0.532 +1.522 +0.361 +0.899]

Norm of difference:      3.75e+00
Norm of residual:        2.62e+00
Is sign changed:         False
Time (s):                1.99e+02
=============================================================
