
--------------- Linear optimization problem characteristics ---------------
Seed:                    62
Number of variables:     10
Number of constraints:   10

Norm of primal sol:      3.32e+00
Norm of dual sol:        1.00e+01
Norm of dual slacks:     5.00e+00

Norm of vector b:        2.00e+00
Norm of vector c:        8.29e+00

Norm of matrix A:        1.00e+00
Condition number:        4.00e+00

----------------------- Linear optimization problem -----------------------
Coeff matrix A:          [[+0.654 +0.032 +0.008 -0.034 -0.022 -0.034 -0.038 +0.091 +0.013 +0.061]
                          [+0.032 +0.502 +0.013 -0.045 -0.041 -0.133 -0.004 -0.038 +0.183 +0.154]
                          [+0.008 +0.013 +0.621 -0.084 +0.024 +0.115 +0.040 -0.063 +0.011 -0.012]
                          [-0.034 -0.045 -0.084 +0.579 +0.076 +0.054 +0.007 +0.015 -0.128 +0.047]
                          [-0.022 -0.041 +0.024 +0.076 +0.623 -0.048 +0.129 +0.086 -0.033 -0.070]
                          [-0.034 -0.133 +0.115 +0.054 -0.048 +0.583 -0.118 +0.050 +0.031 -0.067]
                          [-0.038 -0.004 +0.040 +0.007 +0.129 -0.118 +0.755 +0.071 -0.059 -0.124]
                          [+0.091 -0.038 -0.063 +0.015 +0.086 +0.050 +0.071 +0.655 +0.117 -0.114]
                          [+0.013 +0.183 +0.011 -0.128 -0.033 +0.031 -0.059 +0.117 +0.681 -0.094]
                          [+0.061 +0.154 -0.012 +0.047 -0.070 -0.067 -0.124 -0.114 -0.094 +0.597]]

RHS vector b:            [+0.133 +0.690 +1.059 +0.445 +0.827 +0.161 +0.728 +0.221 +0.203 +0.925]
Obj vector c:            [+0.980 -2.003 +4.675 +2.506 +3.966 +2.185 +1.020 +3.596 -1.077 -0.235]

---------------------------- Optimal solution -----------------------------
Primal variables:         [+0.066 +0.951 +1.645 +0.800 +1.228 +0.566 +1.056 +0.444 +0.467 +1.854]
Dual slacks:              [+0.099 +1.431 +2.475 +1.203 +1.847 +0.851 +1.588 +0.667 +0.703 +2.789]
Dual variables:           [+1.334 -4.412 +4.540 +2.152 +2.031 -0.819 -2.711 +4.229 -2.521 -4.138]

Optimal objective:       +1.56959758e+01
===========================================================================

[F[K 
----------------- Linear system Information -----------------
Norm of RHS vector:      2.00e+00
Norm of matrix:          1.00e+00
Condition number:        4.00e+00

Minimum eigenvalue:      +2.50e-01

RHS vector transpose:    [+0.133 +0.690 +1.059 +0.445 +0.827 +0.161 +0.728 +0.221 +0.203 +0.925]

Coffcient matrix:        [[+0.654 +0.032 +0.008 -0.034 -0.022 -0.034 -0.038 +0.091 +0.013 +0.061]
                          [+0.032 +0.502 +0.013 -0.045 -0.041 -0.133 -0.004 -0.038 +0.183 +0.154]
                          [+0.008 +0.013 +0.621 -0.084 +0.024 +0.115 +0.040 -0.063 +0.011 -0.012]
                          [-0.034 -0.045 -0.084 +0.579 +0.076 +0.054 +0.007 +0.015 -0.128 +0.047]
                          [-0.022 -0.041 +0.024 +0.076 +0.623 -0.048 +0.129 +0.086 -0.033 -0.070]
                          [-0.034 -0.133 +0.115 +0.054 -0.048 +0.583 -0.118 +0.050 +0.031 -0.067]
                          [-0.038 -0.004 +0.040 +0.007 +0.129 -0.118 +0.755 +0.071 -0.059 -0.124]
                          [+0.091 -0.038 -0.063 +0.015 +0.086 +0.050 +0.071 +0.655 +0.117 -0.114]
                          [+0.013 +0.183 +0.011 -0.128 -0.033 +0.031 -0.059 +0.117 +0.681 -0.094]
                          [+0.061 +0.154 -0.012 +0.047 -0.070 -0.067 -0.124 -0.114 -0.094 +0.597]]

------------- Modified linear system Information ------------
Norm of RHS vector:      1.00e+00
Norm of matrix:          5.00e-01
Condition number:        4.00e+00

Norm of difference:      2.60e+00
Norm of residual:        1.65e+00

------------------- Parameters of the QLSA ------------------
HHL method:              2
num_qubits:              10
Is simulator:            True

-------------------- Results of the QLSA --------------------
Quantum solution:        [+0.597 +0.248 +0.978 +1.023 +2.316 +0.738 -0.881 -0.038 +0.803 +1.408]
Exact solution:          [+0.066 +0.951 +1.645 +0.800 +1.228 +0.566 +1.056 +0.444 +0.467 +1.854]

Norm of difference:      2.60e+00
Norm of residual:        1.65e+00
Is sign changed:         False
Time (s):                1.99e+02
=============================================================
