
--------------- Linear optimization problem characteristics ---------------
Seed:                    79
Number of variables:     10
Number of constraints:   10

Norm of primal sol:      2.82e+00
Norm of dual sol:        1.00e+01
Norm of dual slacks:     5.00e+00

Norm of vector b:        2.00e+00
Norm of vector c:        7.77e+00

Norm of matrix A:        1.00e+00
Condition number:        4.00e+00

----------------------- Linear optimization problem -----------------------
Coeff matrix A:          [[+0.700 -0.069 -0.054 +0.102 +0.004 -0.047 +0.189 -0.055 -0.026 -0.008]
                          [-0.069 +0.573 +0.022 -0.055 +0.098 +0.083 +0.081 -0.072 -0.016 -0.030]
                          [-0.054 +0.022 +0.682 -0.031 -0.136 -0.032 +0.048 -0.129 +0.090 +0.030]
                          [+0.102 -0.055 -0.031 +0.710 +0.110 +0.018 +0.073 +0.012 +0.107 -0.074]
                          [+0.004 +0.098 -0.136 +0.110 +0.669 -0.101 +0.094 +0.006 -0.039 -0.058]
                          [-0.047 +0.083 -0.032 +0.018 -0.101 +0.489 +0.029 +0.126 +0.172 -0.015]
                          [+0.189 +0.081 +0.048 +0.073 +0.094 +0.029 +0.613 -0.021 -0.014 +0.044]
                          [-0.055 -0.072 -0.129 +0.012 +0.006 +0.126 -0.021 +0.635 +0.042 -0.101]
                          [-0.026 -0.016 +0.090 +0.107 -0.039 +0.172 -0.014 +0.042 +0.543 -0.050]
                          [-0.008 -0.030 +0.030 -0.074 -0.058 -0.015 +0.044 -0.101 -0.050 +0.636]]

RHS vector b:            [+0.661 +0.571 +0.233 +0.441 +0.966 +0.337 +1.213 +0.669 +0.140 +0.049]
Obj vector c:            [+2.839 +4.307 +4.370 +0.140 +2.862 +0.057 +1.635 -1.222 -0.980 -1.166]

---------------------------- Optimal solution -----------------------------
Primal variables:         [+0.839 +0.784 +0.839 +0.250 +1.374 +0.538 +1.305 +1.366 +0.025 +0.381]
Dual slacks:              [+1.485 +1.388 +1.485 +0.442 +2.433 +0.953 +2.311 +2.417 +0.044 +0.675]
Dual variables:           [+3.120 +4.732 +4.323 -0.071 +0.893 +0.220 -3.139 -4.597 -2.343 -3.444]

Optimal objective:       +1.34200305e+01
===========================================================================

[F[K 
----------------- Linear system Information -----------------
Norm of RHS vector:      2.00e+00
Norm of matrix:          1.00e+00
Condition number:        4.00e+00

Minimum eigenvalue:      +2.50e-01

RHS vector transpose:    [+0.661 +0.571 +0.233 +0.441 +0.966 +0.337 +1.213 +0.669 +0.140 +0.049]

Coffcient matrix:        [[+0.700 -0.069 -0.054 +0.102 +0.004 -0.047 +0.189 -0.055 -0.026 -0.008]
                          [-0.069 +0.573 +0.022 -0.055 +0.098 +0.083 +0.081 -0.072 -0.016 -0.030]
                          [-0.054 +0.022 +0.682 -0.031 -0.136 -0.032 +0.048 -0.129 +0.090 +0.030]
                          [+0.102 -0.055 -0.031 +0.710 +0.110 +0.018 +0.073 +0.012 +0.107 -0.074]
                          [+0.004 +0.098 -0.136 +0.110 +0.669 -0.101 +0.094 +0.006 -0.039 -0.058]
                          [-0.047 +0.083 -0.032 +0.018 -0.101 +0.489 +0.029 +0.126 +0.172 -0.015]
                          [+0.189 +0.081 +0.048 +0.073 +0.094 +0.029 +0.613 -0.021 -0.014 +0.044]
                          [-0.055 -0.072 -0.129 +0.012 +0.006 +0.126 -0.021 +0.635 +0.042 -0.101]
                          [-0.026 -0.016 +0.090 +0.107 -0.039 +0.172 -0.014 +0.042 +0.543 -0.050]
                          [-0.008 -0.030 +0.030 -0.074 -0.058 -0.015 +0.044 -0.101 -0.050 +0.636]]

------------- Modified linear system Information ------------
Norm of RHS vector:      1.00e+00
Norm of matrix:          5.00e-01
Condition number:        4.00e+00

Norm of difference:      2.78e+00
Norm of residual:        1.60e+00

------------------- Parameters of the QLSA ------------------
HHL method:              2
num_qubits:              10
Is simulator:            True

-------------------- Results of the QLSA --------------------
Quantum solution:        [+1.173 +0.481 -1.057 +0.786 +0.731 +0.150 +0.685 -0.147 -0.089 -0.262]
Exact solution:          [+0.839 +0.784 +0.839 +0.250 +1.374 +0.538 +1.305 +1.366 +0.025 +0.381]

Norm of difference:      2.78e+00
Norm of residual:        1.60e+00
Is sign changed:         True
Time (s):                2.00e+02
=============================================================
