
--------------- Linear optimization problem characteristics ---------------
Seed:                    23
Number of variables:     10
Number of constraints:   10

Norm of primal sol:      3.44e+00
Norm of dual sol:        1.00e+01
Norm of dual slacks:     5.00e+00

Norm of vector b:        2.00e+00
Norm of vector c:        8.56e+00

Norm of matrix A:        1.00e+00
Condition number:        4.00e+00

----------------------- Linear optimization problem -----------------------
Coeff matrix A:          [[+0.507 +0.103 -0.125 +0.011 +0.208 -0.075 -0.008 -0.001 -0.081 +0.068]
                          [+0.103 +0.754 +0.048 -0.039 +0.016 -0.135 -0.078 +0.041 +0.029 -0.050]
                          [-0.125 +0.048 +0.698 -0.107 -0.130 -0.027 +0.029 -0.025 +0.019 +0.085]
                          [+0.011 -0.039 -0.107 +0.586 -0.085 +0.046 -0.011 +0.038 -0.082 -0.076]
                          [+0.208 +0.016 -0.130 -0.085 +0.669 +0.111 -0.072 -0.025 -0.056 -0.049]
                          [-0.075 -0.135 -0.027 +0.046 +0.111 +0.494 +0.028 -0.019 -0.008 -0.049]
                          [-0.008 -0.078 +0.029 -0.011 -0.072 +0.028 +0.573 +0.022 -0.169 -0.006]
                          [-0.001 +0.041 -0.025 +0.038 -0.025 -0.019 +0.022 +0.641 -0.053 -0.050]
                          [-0.081 +0.029 +0.019 -0.082 -0.056 -0.008 -0.169 -0.053 +0.560 +0.031]
                          [+0.068 -0.050 +0.085 -0.076 -0.049 -0.049 -0.006 -0.050 +0.031 +0.769]]

RHS vector b:            [+0.465 +1.380 +0.941 -0.008 +0.286 +0.314 -0.114 +0.416 +0.527 +0.591]
Obj vector c:            [-1.068 +4.158 +5.314 -0.576 +0.540 +4.153 +2.455 -1.259 +0.945 -0.484]

---------------------------- Optimal solution -----------------------------
Primal variables:         [+1.014 +1.856 +1.500 +0.554 +0.433 +1.345 +0.328 +0.769 +1.212 +0.807]
Dual slacks:              [+1.473 +2.696 +2.180 +0.804 +0.629 +1.954 +0.476 +1.117 +1.760 +1.173]
Dual variables:           [-4.513 +3.484 +3.492 -1.810 +0.813 +4.340 +3.130 -3.945 -1.862 -1.924]

Optimal objective:       +2.06998801e+01
===========================================================================

[F[K 
----------------- Linear system Information -----------------
Norm of RHS vector:      2.00e+00
Norm of matrix:          1.00e+00
Condition number:        4.00e+00

Minimum eigenvalue:      +2.50e-01

RHS vector transpose:    [+0.465 +1.380 +0.941 -0.008 +0.286 +0.314 -0.114 +0.416 +0.527 +0.591]

Coffcient matrix:        [[+0.507 +0.103 -0.125 +0.011 +0.208 -0.075 -0.008 -0.001 -0.081 +0.068]
                          [+0.103 +0.754 +0.048 -0.039 +0.016 -0.135 -0.078 +0.041 +0.029 -0.050]
                          [-0.125 +0.048 +0.698 -0.107 -0.130 -0.027 +0.029 -0.025 +0.019 +0.085]
                          [+0.011 -0.039 -0.107 +0.586 -0.085 +0.046 -0.011 +0.038 -0.082 -0.076]
                          [+0.208 +0.016 -0.130 -0.085 +0.669 +0.111 -0.072 -0.025 -0.056 -0.049]
                          [-0.075 -0.135 -0.027 +0.046 +0.111 +0.494 +0.028 -0.019 -0.008 -0.049]
                          [-0.008 -0.078 +0.029 -0.011 -0.072 +0.028 +0.573 +0.022 -0.169 -0.006]
                          [-0.001 +0.041 -0.025 +0.038 -0.025 -0.019 +0.022 +0.641 -0.053 -0.050]
                          [-0.081 +0.029 +0.019 -0.082 -0.056 -0.008 -0.169 -0.053 +0.560 +0.031]
                          [+0.068 -0.050 +0.085 -0.076 -0.049 -0.049 -0.006 -0.050 +0.031 +0.769]]

------------- Modified linear system Information ------------
Norm of RHS vector:      1.00e+00
Norm of matrix:          5.00e-01
Condition number:        4.00e+00

Norm of difference:      3.83e+00
Norm of residual:        1.71e+00

------------------- Parameters of the QLSA ------------------
HHL method:              2
num_qubits:              10
Is simulator:            True

-------------------- Results of the QLSA --------------------
Quantum solution:        [+0.288 +1.094 +0.235 -0.883 +0.485 -0.851 -1.548 +0.392 +0.059 +0.497]
Exact solution:          [+1.014 +1.856 +1.500 +0.554 +0.433 +1.345 +0.328 +0.769 +1.212 +0.807]

Norm of difference:      3.83e+00
Norm of residual:        1.71e+00
Is sign changed:         True
Time (s):                1.99e+02
=============================================================
