
--------------- Linear optimization problem characteristics ---------------
Seed:                    15
Number of variables:     8
Number of constraints:   8

Norm of primal sol:      3.44e+00
Norm of dual sol:        1.00e+01
Norm of dual slacks:     5.00e+00

Norm of vector b:        2.00e+00
Norm of vector c:        6.91e+00

Norm of matrix A:        1.00e+00
Condition number:        4.00e+00

----------------------- Linear optimization problem -----------------------
Coeff matrix A:          [[+0.677 -0.110 +0.141 -0.022 -0.047 +0.039 -0.058 -0.001]
                          [-0.110 +0.533 +0.036 -0.138 -0.072 +0.041 +0.079 -0.112]
                          [+0.141 +0.036 +0.577 -0.160 +0.039 -0.076 -0.098 -0.057]
                          [-0.022 -0.138 -0.160 +0.559 +0.043 -0.017 -0.152 +0.173]
                          [-0.047 -0.072 +0.039 +0.043 +0.733 -0.012 +0.056 +0.080]
                          [+0.039 +0.041 -0.076 -0.017 -0.012 +0.572 -0.126 -0.101]
                          [-0.058 +0.079 -0.098 -0.152 +0.056 -0.126 +0.671 -0.005]
                          [-0.001 -0.112 -0.057 +0.173 +0.080 -0.101 -0.005 +0.679]]

RHS vector b:            [+1.568 -0.155 +0.065 +0.459 +0.582 +0.751 +0.163 +0.611]
Obj vector c:            [+1.485 +0.895 +2.264 -1.269 +3.293 +3.823 +3.190 -1.557]

---------------------------- Optimal solution -----------------------------
Primal variables:         [+2.446 +0.515 +0.157 +1.042 +0.793 +1.527 +0.881 +0.877]
Dual slacks:              [+3.550 +0.748 +0.227 +1.512 +1.152 +2.217 +1.279 +1.273]
Dual variables:           [-4.334 -2.792 +4.662 -2.633 +2.431 +4.082 +3.428 -3.231]

Optimal objective:       +1.30216049e+01
===========================================================================


----------------- Linear system Information -----------------
Norm of RHS vector:      2.00e+00
Norm of matrix:          1.00e+00
Condition number:        4.00e+00

Minimum eigenvalue:      +2.50e-01

RHS vector transpose:    [+1.568 -0.155 +0.065 +0.459 +0.582 +0.751 +0.163 +0.611]

Coffcient matrix:        [[+0.677 -0.110 +0.141 -0.022 -0.047 +0.039 -0.058 -0.001]
                          [-0.110 +0.533 +0.036 -0.138 -0.072 +0.041 +0.079 -0.112]
                          [+0.141 +0.036 +0.577 -0.160 +0.039 -0.076 -0.098 -0.057]
                          [-0.022 -0.138 -0.160 +0.559 +0.043 -0.017 -0.152 +0.173]
                          [-0.047 -0.072 +0.039 +0.043 +0.733 -0.012 +0.056 +0.080]
                          [+0.039 +0.041 -0.076 -0.017 -0.012 +0.572 -0.126 -0.101]
                          [-0.058 +0.079 -0.098 -0.152 +0.056 -0.126 +0.671 -0.005]
                          [-0.001 -0.112 -0.057 +0.173 +0.080 -0.101 -0.005 +0.679]]

------------- Modified linear system Information ------------
Norm of RHS vector:      1.00e+00
Norm of matrix:          5.00e-01
Condition number:        4.00e+00

Norm of difference:      4.11e+00
Norm of residual:        2.33e+00

------------------- Parameters of the QLSA ------------------
HHL method:              2
num_qubits:              8
Is simulator:            True

-------------------- Results of the QLSA --------------------
Quantum solution:        [+1.103 -0.074 +1.802 +0.030 +0.782 -1.126 -0.767 -0.253]
Exact solution:          [+2.446 +0.515 +0.157 +1.042 +0.793 +1.527 +0.881 +0.877]

Norm of difference:      4.11e+00
Norm of residual:        2.33e+00
Is sign changed:         True
Time (s):                1.88e+01
=============================================================
