
--------------- Linear optimization problem characteristics ---------------
Seed:                    21
Number of variables:     7
Number of constraints:   7

Norm of primal sol:      3.68e+00
Norm of dual sol:        1.00e+01
Norm of dual slacks:     5.00e+00

Norm of vector b:        2.00e+00
Norm of vector c:        9.82e+00

Norm of matrix A:        1.00e+00
Condition number:        4.00e+00

----------------------- Linear optimization problem -----------------------
Coeff matrix A:          [[+0.685 +0.073 +0.071 -0.045 -0.063 -0.147 +0.118]
                          [+0.073 +0.593 +0.026 -0.058 -0.230 -0.016 -0.094]
                          [+0.071 +0.026 +0.641 -0.004 -0.115 -0.010 -0.077]
                          [-0.045 -0.058 -0.004 +0.732 -0.095 +0.077 +0.033]
                          [-0.063 -0.230 -0.115 -0.095 +0.715 -0.182 -0.002]
                          [-0.147 -0.016 -0.010 +0.077 -0.182 +0.467 -0.064]
                          [+0.118 -0.094 -0.077 +0.033 -0.002 -0.064 +0.543]]

RHS vector b:            [+0.513 +0.496 +1.818 -0.049 -0.074 -0.216 +0.361]
Obj vector c:            [+1.754 +0.128 +4.785 -4.730 +6.177 -3.144 +0.049]

---------------------------- Optimal solution -----------------------------
Primal variables:         [+0.208 +1.235 +3.080 +0.092 +0.880 +0.217 +1.291]
Dual slacks:              [+0.283 +1.678 +4.183 +0.125 +1.195 +0.295 +1.754]
Dual variables:           [+2.067 -2.419 +1.054 -5.427 +4.632 -4.624 -4.058]

Optimal objective:       +1.96390861e+01
===========================================================================

[F[K 
----------------- Linear system Information -----------------
Norm of RHS vector:      2.00e+00
Norm of matrix:          1.00e+00
Condition number:        4.00e+00

Minimum eigenvalue:      +2.50e-01

RHS vector transpose:    [+0.513 +0.496 +1.818 -0.049 -0.074 -0.216 +0.361]

Coffcient matrix:        [[+0.685 +0.073 +0.071 -0.045 -0.063 -0.147 +0.118]
                          [+0.073 +0.593 +0.026 -0.058 -0.230 -0.016 -0.094]
                          [+0.071 +0.026 +0.641 -0.004 -0.115 -0.010 -0.077]
                          [-0.045 -0.058 -0.004 +0.732 -0.095 +0.077 +0.033]
                          [-0.063 -0.230 -0.115 -0.095 +0.715 -0.182 -0.002]
                          [-0.147 -0.016 -0.010 +0.077 -0.182 +0.467 -0.064]
                          [+0.118 -0.094 -0.077 +0.033 -0.002 -0.064 +0.543]]

------------- Modified linear system Information ------------
Norm of RHS vector:      1.00e+00
Norm of matrix:          5.00e-01
Condition number:        4.00e+00

Norm of difference:      4.30e+00
Norm of residual:        2.10e+00

------------------- Parameters of the QLSA ------------------
HHL method:              2
num_qubits:              8
Is simulator:            True

-------------------- Results of the QLSA --------------------
Quantum solution:        [+1.198 +0.777 +0.208 +1.135 -1.336 -0.832 -0.107]
Exact solution:          [+0.208 +1.235 +3.080 +0.092 +0.880 +0.217 +1.291]

Norm of difference:      4.30e+00
Norm of residual:        2.10e+00
Is sign changed:         True
Time (s):                1.87e+01
=============================================================
