
--------------- Linear optimization problem characteristics ---------------
Seed:                    82
Number of variables:     9
Number of constraints:   9

Norm of primal sol:      3.09e+00
Norm of dual sol:        1.00e+01
Norm of dual slacks:     5.00e+00

Norm of vector b:        2.00e+00
Norm of vector c:        8.15e+00

Norm of matrix A:        1.00e+00
Condition number:        4.00e+00

----------------------- Linear optimization problem -----------------------
Coeff matrix A:          [[+0.576 +0.021 -0.055 -0.052 -0.132 -0.119 +0.046 +0.058 -0.059]
                          [+0.021 +0.664 +0.060 -0.001 -0.018 +0.122 +0.045 +0.005 +0.162]
                          [-0.055 +0.060 +0.736 +0.015 -0.031 -0.007 -0.020 -0.108 -0.122]
                          [-0.052 -0.001 +0.015 +0.623 -0.030 -0.010 +0.088 -0.035 +0.071]
                          [-0.132 -0.018 -0.031 -0.030 +0.532 +0.114 -0.225 -0.030 +0.059]
                          [-0.119 +0.122 -0.007 -0.010 +0.114 +0.694 -0.053 +0.022 +0.100]
                          [+0.046 +0.045 -0.020 +0.088 -0.225 -0.053 +0.494 -0.079 -0.033]
                          [+0.058 +0.005 -0.108 -0.035 -0.030 +0.022 -0.079 +0.769 +0.013]
                          [-0.059 +0.162 -0.122 +0.071 +0.059 +0.100 -0.033 +0.013 +0.537]]

RHS vector b:            [+0.003 +0.974 +0.500 +0.781 +0.053 +1.095 +0.532 +0.733 +0.412]
Obj vector c:            [-2.581 +2.408 +2.214 +3.468 +3.901 +2.140 +2.866 +2.702 +1.341]

---------------------------- Optimal solution -----------------------------
Primal variables:         [+0.407 +0.946 +0.924 +1.152 +0.708 +1.420 +1.477 +1.233 +0.302]
Dual slacks:              [+0.659 +1.531 +1.494 +1.864 +1.145 +2.297 +2.389 +1.994 +0.488]
Dual variables:           [-4.853 +1.525 +1.233 +1.920 +6.481 -2.186 +4.091 +2.267 +0.506]

Optimal objective:       +2.10333720e+01
===========================================================================

[F[K 
----------------- Linear system Information -----------------
Norm of RHS vector:      2.00e+00
Norm of matrix:          1.00e+00
Condition number:        4.00e+00

Minimum eigenvalue:      +2.50e-01

RHS vector transpose:    [+0.003 +0.974 +0.500 +0.781 +0.053 +1.095 +0.532 +0.733 +0.412]

Coffcient matrix:        [[+0.576 +0.021 -0.055 -0.052 -0.132 -0.119 +0.046 +0.058 -0.059]
                          [+0.021 +0.664 +0.060 -0.001 -0.018 +0.122 +0.045 +0.005 +0.162]
                          [-0.055 +0.060 +0.736 +0.015 -0.031 -0.007 -0.020 -0.108 -0.122]
                          [-0.052 -0.001 +0.015 +0.623 -0.030 -0.010 +0.088 -0.035 +0.071]
                          [-0.132 -0.018 -0.031 -0.030 +0.532 +0.114 -0.225 -0.030 +0.059]
                          [-0.119 +0.122 -0.007 -0.010 +0.114 +0.694 -0.053 +0.022 +0.100]
                          [+0.046 +0.045 -0.020 +0.088 -0.225 -0.053 +0.494 -0.079 -0.033]
                          [+0.058 +0.005 -0.108 -0.035 -0.030 +0.022 -0.079 +0.769 +0.013]
                          [-0.059 +0.162 -0.122 +0.071 +0.059 +0.100 -0.033 +0.013 +0.537]]

------------- Modified linear system Information ------------
Norm of RHS vector:      1.00e+00
Norm of matrix:          5.00e-01
Condition number:        4.00e+00

Norm of difference:      5.45e+00
Norm of residual:        1.85e+00

------------------- Parameters of the QLSA ------------------
HHL method:              2
num_qubits:              10
Is simulator:            True

-------------------- Results of the QLSA --------------------
Quantum solution:        [-1.455 +1.366 -0.938 +1.063 -1.853 +1.068 -2.285 -0.083 +0.201]
Exact solution:          [+0.407 +0.946 +0.924 +1.152 +0.708 +1.420 +1.477 +1.233 +0.302]

Norm of difference:      5.45e+00
Norm of residual:        1.85e+00
Is sign changed:         False
Time (s):                2.02e+02
=============================================================
