
--------------- Linear optimization problem characteristics ---------------
Seed:                    42
Number of variables:     8
Number of constraints:   8

Norm of primal sol:      3.20e+00
Norm of dual sol:        1.00e+01
Norm of dual slacks:     5.00e+00

Norm of vector b:        2.00e+00
Norm of vector c:        8.54e+00

Norm of matrix A:        1.00e+00
Condition number:        4.00e+00

----------------------- Linear optimization problem -----------------------
Coeff matrix A:          [[+0.680 +0.059 -0.006 -0.093 -0.071 -0.041 +0.073 -0.114]
                          [+0.059 +0.716 -0.016 -0.067 +0.077 -0.012 -0.004 +0.040]
                          [-0.006 -0.016 +0.672 -0.096 -0.123 -0.091 +0.049 +0.032]
                          [-0.093 -0.067 -0.096 +0.592 +0.136 -0.070 +0.171 -0.011]
                          [-0.071 +0.077 -0.123 +0.136 +0.563 -0.102 +0.022 +0.019]
                          [-0.041 -0.012 -0.091 -0.070 -0.102 +0.518 -0.075 +0.207]
                          [+0.073 -0.004 +0.049 +0.171 +0.022 -0.075 +0.643 -0.166]
                          [-0.114 +0.040 +0.032 -0.011 +0.019 +0.207 -0.166 +0.614]]

RHS vector b:            [+0.268 +1.347 +0.801 +0.382 +0.247 +0.203 +0.090 +1.102]
Obj vector c:            [+1.571 +4.437 -2.127 +5.140 +4.011 -1.858 -0.455 +0.313]

---------------------------- Optimal solution -----------------------------
Primal variables:         [+0.725 +1.840 +1.417 +1.159 +0.302 +0.302 +0.112 +1.676]
Dual slacks:              [+1.131 +2.871 +2.211 +1.808 +0.471 +0.471 +0.175 +2.616]
Dual variables:           [+1.066 +2.195 -5.057 +4.956 +3.506 -3.034 -3.356 -3.339]

Optimal objective:       +1.33673178e+01
===========================================================================


----------------- Linear system Information -----------------
Norm of RHS vector:      2.00e+00
Norm of matrix:          1.00e+00
Condition number:        4.00e+00

Minimum eigenvalue:      +2.50e-01

RHS vector transpose:    [+0.268 +1.347 +0.801 +0.382 +0.247 +0.203 +0.090 +1.102]

Coffcient matrix:        [[+0.680 +0.059 -0.006 -0.093 -0.071 -0.041 +0.073 -0.114]
                          [+0.059 +0.716 -0.016 -0.067 +0.077 -0.012 -0.004 +0.040]
                          [-0.006 -0.016 +0.672 -0.096 -0.123 -0.091 +0.049 +0.032]
                          [-0.093 -0.067 -0.096 +0.592 +0.136 -0.070 +0.171 -0.011]
                          [-0.071 +0.077 -0.123 +0.136 +0.563 -0.102 +0.022 +0.019]
                          [-0.041 -0.012 -0.091 -0.070 -0.102 +0.518 -0.075 +0.207]
                          [+0.073 -0.004 +0.049 +0.171 +0.022 -0.075 +0.643 -0.166]
                          [-0.114 +0.040 +0.032 -0.011 +0.019 +0.207 -0.166 +0.614]]

------------- Modified linear system Information ------------
Norm of RHS vector:      1.00e+00
Norm of matrix:          5.00e-01
Condition number:        4.00e+00

Norm of difference:      6.49e-01
Norm of residual:        3.85e-01

------------------- Parameters of the QLSA ------------------
HHL method:              2
num_qubits:              8
Is simulator:            True

-------------------- Results of the QLSA --------------------
Quantum solution:        [+0.803 +1.659 +1.389 +1.236 +0.175 +0.692 +0.558 +1.772]
Exact solution:          [+0.725 +1.840 +1.417 +1.159 +0.302 +0.302 +0.112 +1.676]

Norm of difference:      6.49e-01
Norm of residual:        3.85e-01
Is sign changed:         True
Time (s):                1.81e+01
=============================================================
