
--------------- Linear optimization problem characteristics ---------------
Seed:                    70
Number of variables:     6
Number of constraints:   6

Norm of primal sol:      2.39e+00
Norm of dual sol:        1.00e+01
Norm of dual slacks:     5.00e+00

Norm of vector b:        2.00e+00
Norm of vector c:        9.04e+00

Norm of matrix A:        1.00e+00
Condition number:        4.00e+00

----------------------- Linear optimization problem -----------------------
Coeff matrix A:          [[+0.540 -0.102 +0.011 +0.144 -0.043 -0.085]
                          [-0.102 +0.781 +0.018 +0.193 +0.151 -0.163]
                          [+0.011 +0.018 +0.493 -0.038 +0.067 -0.099]
                          [+0.144 +0.193 -0.038 +0.695 +0.062 +0.135]
                          [-0.043 +0.151 +0.067 +0.062 +0.570 +0.048]
                          [-0.085 -0.163 -0.099 +0.135 +0.048 +0.672]]

RHS vector b:            [+0.734 +1.116 +0.402 +1.331 +0.527 -0.060]
Obj vector c:            [+7.508 +0.824 +2.060 +1.916 -1.640 -3.744]

---------------------------- Optimal solution -----------------------------
Primal variables:         [+1.303 +1.225 +0.821 +1.271 +0.445 +0.208]
Dual slacks:              [+2.721 +2.559 +1.715 +2.655 +0.929 +0.434]
Dual variables:           [+7.824 -1.443 -0.141 -1.032 -2.978 -5.173]

Optimal objective:       +1.34104735e+01
===========================================================================

[F[K 
----------------- Linear system Information -----------------
Norm of RHS vector:      2.00e+00
Norm of matrix:          1.00e+00
Condition number:        4.00e+00

Minimum eigenvalue:      +2.50e-01

RHS vector transpose:    [+0.734 +1.116 +0.402 +1.331 +0.527 -0.060]

Coffcient matrix:        [[+0.540 -0.102 +0.011 +0.144 -0.043 -0.085]
                          [-0.102 +0.781 +0.018 +0.193 +0.151 -0.163]
                          [+0.011 +0.018 +0.493 -0.038 +0.067 -0.099]
                          [+0.144 +0.193 -0.038 +0.695 +0.062 +0.135]
                          [-0.043 +0.151 +0.067 +0.062 +0.570 +0.048]
                          [-0.085 -0.163 -0.099 +0.135 +0.048 +0.672]]

------------- Modified linear system Information ------------
Norm of RHS vector:      1.00e+00
Norm of matrix:          5.00e-01
Condition number:        4.00e+00

Norm of difference:      2.17e+00
Norm of residual:        1.55e+00

------------------- Parameters of the QLSA ------------------
HHL method:              2
num_qubits:              8
Is simulator:            True

-------------------- Results of the QLSA --------------------
Quantum solution:        [-0.177 +1.614 +0.362 +0.411 +0.566 -0.983]
Exact solution:          [+1.303 +1.225 +0.821 +1.271 +0.445 +0.208]

Norm of difference:      2.17e+00
Norm of residual:        1.55e+00
Is sign changed:         False
Time (s):                1.81e+01
=============================================================
