
--------------- Linear optimization problem characteristics ---------------
Seed:                    62
Number of variables:     8
Number of constraints:   8

Norm of primal sol:      4.10e+00
Norm of dual sol:        1.00e+01
Norm of dual slacks:     5.00e+00

Norm of vector b:        2.00e+00
Norm of vector c:        8.85e+00

Norm of matrix A:        1.00e+00
Condition number:        4.00e+00

----------------------- Linear optimization problem -----------------------
Coeff matrix A:          [[+0.588 -0.162 +0.119 +0.188 +0.026 +0.042 +0.070 -0.013]
                          [-0.162 +0.639 -0.128 +0.064 -0.005 +0.006 -0.067 -0.095]
                          [+0.119 -0.128 +0.594 +0.108 -0.098 -0.174 +0.032 -0.043]
                          [+0.188 +0.064 +0.108 +0.563 -0.138 +0.019 +0.018 -0.001]
                          [+0.026 -0.005 -0.098 -0.138 +0.445 +0.032 +0.022 -0.011]
                          [+0.042 +0.006 -0.174 +0.019 +0.032 +0.790 -0.010 +0.046]
                          [+0.070 -0.067 +0.032 +0.018 +0.022 -0.010 +0.603 +0.029]
                          [-0.013 -0.095 -0.043 -0.001 -0.011 +0.046 +0.029 +0.778]]

RHS vector b:            [+0.533 +0.484 +1.124 +0.846 +0.462 +0.354 +1.023 +0.343]
Obj vector c:            [-2.647 +4.670 +1.609 -2.098 +5.205 +2.664 +2.868 -0.279]

---------------------------- Optimal solution -----------------------------
Primal variables:         [+0.099 +1.433 +2.479 +1.205 +1.850 +0.852 +1.590 +0.668]
Dual slacks:              [+0.121 +1.749 +3.025 +1.471 +2.258 +1.040 +1.941 +0.816]
Dual variables:           [-2.760 +4.819 +1.549 -5.124 +5.272 +2.499 +2.359 -0.951]

Optimal objective:       +2.41624237e+01
===========================================================================


----------------- Linear system Information -----------------
Norm of RHS vector:      2.00e+00
Norm of matrix:          1.00e+00
Condition number:        4.00e+00

Minimum eigenvalue:      +2.50e-01

RHS vector transpose:    [+0.533 +0.484 +1.124 +0.846 +0.462 +0.354 +1.023 +0.343]

Coffcient matrix:        [[+0.588 -0.162 +0.119 +0.188 +0.026 +0.042 +0.070 -0.013]
                          [-0.162 +0.639 -0.128 +0.064 -0.005 +0.006 -0.067 -0.095]
                          [+0.119 -0.128 +0.594 +0.108 -0.098 -0.174 +0.032 -0.043]
                          [+0.188 +0.064 +0.108 +0.563 -0.138 +0.019 +0.018 -0.001]
                          [+0.026 -0.005 -0.098 -0.138 +0.445 +0.032 +0.022 -0.011]
                          [+0.042 +0.006 -0.174 +0.019 +0.032 +0.790 -0.010 +0.046]
                          [+0.070 -0.067 +0.032 +0.018 +0.022 -0.010 +0.603 +0.029]
                          [-0.013 -0.095 -0.043 -0.001 -0.011 +0.046 +0.029 +0.778]]

------------- Modified linear system Information ------------
Norm of RHS vector:      1.00e+00
Norm of matrix:          5.00e-01
Condition number:        4.00e+00

Norm of difference:      5.44e+00
Norm of residual:        2.78e+00

------------------- Parameters of the QLSA ------------------
HHL method:              2
num_qubits:              8
Is simulator:            True

-------------------- Results of the QLSA --------------------
Quantum solution:        [+0.984 -1.723 +0.739 -0.016 -0.100 +1.016 -1.643 +0.362]
Exact solution:          [+0.099 +1.433 +2.479 +1.205 +1.850 +0.852 +1.590 +0.668]

Norm of difference:      5.44e+00
Norm of residual:        2.78e+00
Is sign changed:         False
Time (s):                1.79e+01
=============================================================
