
--------------- Linear optimization problem characteristics ---------------
Seed:                    8
Number of variables:     7
Number of constraints:   7

Norm of primal sol:      2.39e+00
Norm of dual sol:        1.00e+01
Norm of dual slacks:     5.00e+00

Norm of vector b:        2.00e+00
Norm of vector c:        8.70e+00

Norm of matrix A:        1.00e+00
Condition number:        4.00e+00

----------------------- Linear optimization problem -----------------------
Coeff matrix A:          [[+0.716 -0.012 -0.113 -0.026 +0.038 -0.051 +0.146]
                          [-0.012 +0.541 +0.064 +0.151 -0.071 +0.055 +0.198]
                          [-0.113 +0.064 +0.571 +0.207 +0.102 -0.034 +0.066]
                          [-0.026 +0.151 +0.207 +0.765 +0.028 -0.088 -0.111]
                          [+0.038 -0.071 +0.102 +0.028 +0.570 -0.063 +0.003]
                          [-0.051 +0.055 -0.034 -0.088 -0.063 +0.571 +0.001]
                          [+0.146 +0.198 +0.066 -0.111 +0.003 +0.001 +0.641]]

RHS vector b:            [+0.795 +0.998 +0.862 +0.927 +0.279 -0.106 +0.824]
Obj vector c:            [+1.139 +4.863 +3.103 +1.496 +0.752 +4.172 +4.570]

---------------------------- Optimal solution -----------------------------
Primal variables:         [+1.212 +1.344 +1.206 +0.737 +0.323 +0.016 +0.597]
Dual slacks:              [+2.531 +2.806 +2.518 +1.538 +0.674 +0.033 +1.247]
Dual variables:           [-2.723 +0.632 -0.602 +1.543 +1.210 +7.274 +5.921]

Optimal objective:       +1.57967559e+01
===========================================================================

[F[K 
----------------- Linear system Information -----------------
Norm of RHS vector:      2.00e+00
Norm of matrix:          1.00e+00
Condition number:        4.00e+00

Minimum eigenvalue:      +2.50e-01

RHS vector transpose:    [+0.795 +0.998 +0.862 +0.927 +0.279 -0.106 +0.824]

Coffcient matrix:        [[+0.716 -0.012 -0.113 -0.026 +0.038 -0.051 +0.146]
                          [-0.012 +0.541 +0.064 +0.151 -0.071 +0.055 +0.198]
                          [-0.113 +0.064 +0.571 +0.207 +0.102 -0.034 +0.066]
                          [-0.026 +0.151 +0.207 +0.765 +0.028 -0.088 -0.111]
                          [+0.038 -0.071 +0.102 +0.028 +0.570 -0.063 +0.003]
                          [-0.051 +0.055 -0.034 -0.088 -0.063 +0.571 +0.001]
                          [+0.146 +0.198 +0.066 -0.111 +0.003 +0.001 +0.641]]

------------- Modified linear system Information ------------
Norm of RHS vector:      1.00e+00
Norm of matrix:          5.00e-01
Condition number:        4.00e+00

Norm of difference:      2.42e+00
Norm of residual:        1.60e+00

------------------- Parameters of the QLSA ------------------
HHL method:              2
num_qubits:              8
Is simulator:            True

-------------------- Results of the QLSA --------------------
Quantum solution:        [-0.665 +0.359 +1.477 +0.610 +1.174 -0.661 +0.905]
Exact solution:          [+1.212 +1.344 +1.206 +0.737 +0.323 +0.016 +0.597]

Norm of difference:      2.42e+00
Norm of residual:        1.60e+00
Is sign changed:         True
Time (s):                1.80e+01
=============================================================
