
--------------- Linear optimization problem characteristics ---------------
Seed:                    98
Number of variables:     10
Number of constraints:   10

Norm of primal sol:      3.22e+00
Norm of dual sol:        1.00e+01
Norm of dual slacks:     5.00e+00

Norm of vector b:        2.00e+00
Norm of vector c:        1.01e+01

Norm of matrix A:        1.00e+00
Condition number:        4.00e+00

----------------------- Linear optimization problem -----------------------
Coeff matrix A:          [[+0.601 +0.024 -0.128 -0.145 +0.020 +0.041 -0.084 +0.018 -0.072 -0.178]
                          [+0.024 +0.678 +0.038 -0.012 +0.011 -0.055 -0.107 +0.005 +0.145 -0.003]
                          [-0.128 +0.038 +0.698 +0.046 -0.001 +0.028 -0.012 +0.007 +0.073 -0.028]
                          [-0.145 -0.012 +0.046 +0.617 +0.070 -0.003 +0.026 +0.024 +0.028 +0.062]
                          [+0.020 +0.011 -0.001 +0.070 +0.503 -0.068 -0.085 +0.033 -0.033 -0.179]
                          [+0.041 -0.055 +0.028 -0.003 -0.068 +0.577 +0.097 +0.086 +0.099 -0.083]
                          [-0.084 -0.107 -0.012 +0.026 -0.085 +0.097 +0.724 +0.013 -0.037 +0.005]
                          [+0.018 +0.005 +0.007 +0.024 +0.033 +0.086 +0.013 +0.678 +0.187 +0.081]
                          [-0.072 +0.145 +0.073 +0.028 -0.033 +0.099 -0.037 +0.187 +0.567 +0.027]
                          [-0.178 -0.003 -0.028 +0.062 -0.179 -0.083 +0.005 +0.081 +0.027 +0.606]]

RHS vector b:            [+0.541 +0.887 +0.424 +0.970 +0.583 +0.297 +0.296 +0.872 +0.691 -0.212]
Obj vector c:            [+1.443 +1.977 +4.831 +2.027 +3.027 +3.936 +0.795 +4.121 +4.967 -0.912]

---------------------------- Optimal solution -----------------------------
Primal variables:         [+1.574 +1.219 +0.647 +1.677 +1.070 +0.256 +0.835 +0.848 +0.725 +0.177]
Dual slacks:              [+2.442 +1.892 +1.005 +2.603 +1.661 +0.397 +1.296 +1.316 +1.126 +0.275]
Dual variables:           [-1.443 -0.975 +4.638 -2.227 +3.625 +5.237 -0.907 +2.110 +4.923 -0.653]

Optimal objective:       +2.30524969e+01
===========================================================================

[F[K 
----------------- Linear system Information -----------------
Norm of RHS vector:      2.00e+00
Norm of matrix:          1.00e+00
Condition number:        4.00e+00

Minimum eigenvalue:      +2.50e-01

RHS vector transpose:    [+0.541 +0.887 +0.424 +0.970 +0.583 +0.297 +0.296 +0.872 +0.691 -0.212]

Coffcient matrix:        [[+0.601 +0.024 -0.128 -0.145 +0.020 +0.041 -0.084 +0.018 -0.072 -0.178]
                          [+0.024 +0.678 +0.038 -0.012 +0.011 -0.055 -0.107 +0.005 +0.145 -0.003]
                          [-0.128 +0.038 +0.698 +0.046 -0.001 +0.028 -0.012 +0.007 +0.073 -0.028]
                          [-0.145 -0.012 +0.046 +0.617 +0.070 -0.003 +0.026 +0.024 +0.028 +0.062]
                          [+0.020 +0.011 -0.001 +0.070 +0.503 -0.068 -0.085 +0.033 -0.033 -0.179]
                          [+0.041 -0.055 +0.028 -0.003 -0.068 +0.577 +0.097 +0.086 +0.099 -0.083]
                          [-0.084 -0.107 -0.012 +0.026 -0.085 +0.097 +0.724 +0.013 -0.037 +0.005]
                          [+0.018 +0.005 +0.007 +0.024 +0.033 +0.086 +0.013 +0.678 +0.187 +0.081]
                          [-0.072 +0.145 +0.073 +0.028 -0.033 +0.099 -0.037 +0.187 +0.567 +0.027]
                          [-0.178 -0.003 -0.028 +0.062 -0.179 -0.083 +0.005 +0.081 +0.027 +0.606]]

------------- Modified linear system Information ------------
Norm of RHS vector:      1.00e+00
Norm of matrix:          5.00e-01
Condition number:        4.00e+00

Norm of difference:      2.56e+00
Norm of residual:        1.67e+00

------------------- Parameters of the QLSA ------------------
HHL method:              2
num_qubits:              10
Is simulator:            True

-------------------- Results of the QLSA --------------------
Quantum solution:        [+1.652 +1.211 +1.219 +1.974 +0.043 -0.184 -0.928 +0.364 -0.485 -0.129]
Exact solution:          [+1.574 +1.219 +0.647 +1.677 +1.070 +0.256 +0.835 +0.848 +0.725 +0.177]

Norm of difference:      2.56e+00
Norm of residual:        1.67e+00
Is sign changed:         True
Time (s):                2.00e+02
=============================================================
