
--------------- Linear optimization problem characteristics ---------------
Seed:                    3
Number of variables:     6
Number of constraints:   6

Norm of primal sol:      3.32e+00
Norm of dual sol:        1.00e+01
Norm of dual slacks:     5.00e+00

Norm of vector b:        2.00e+00
Norm of vector c:        4.74e+00

Norm of matrix A:        1.00e+00
Condition number:        4.00e+00

----------------------- Linear optimization problem -----------------------
Coeff matrix A:          [[+0.654 -0.014 -0.019 -0.081 +0.000 +0.214]
                          [-0.014 +0.489 -0.044 +0.085 +0.018 -0.202]
                          [-0.019 -0.044 +0.814 -0.155 -0.054 +0.035]
                          [-0.081 +0.085 -0.155 +0.500 -0.141 -0.055]
                          [+0.000 +0.018 -0.054 -0.141 +0.658 +0.081]
                          [+0.214 -0.202 +0.035 -0.055 +0.081 +0.635]]

RHS vector b:            [+0.990 +0.408 +0.200 +0.102 +1.170 +1.197]
Obj vector c:            [-1.269 +0.615 -2.987 +2.949 -0.843 +1.475]

---------------------------- Optimal solution -----------------------------
Primal variables:         [+1.101 +1.415 +0.581 +1.021 +1.785 +1.791]
Dual slacks:              [+1.660 +2.135 +0.877 +1.540 +2.692 +2.702]
Dual variables:           [-4.632 -3.622 -5.549 -0.732 -5.816 -0.534]

Optimal objective:       +1.88382725e+00
===========================================================================

[F[K 
----------------- Linear system Information -----------------
Norm of RHS vector:      2.00e+00
Norm of matrix:          1.00e+00
Condition number:        4.00e+00

Minimum eigenvalue:      +2.50e-01

RHS vector transpose:    [+0.990 +0.408 +0.200 +0.102 +1.170 +1.197]

Coffcient matrix:        [[+0.654 -0.014 -0.019 -0.081 +0.000 +0.214]
                          [-0.014 +0.489 -0.044 +0.085 +0.018 -0.202]
                          [-0.019 -0.044 +0.814 -0.155 -0.054 +0.035]
                          [-0.081 +0.085 -0.155 +0.500 -0.141 -0.055]
                          [+0.000 +0.018 -0.054 -0.141 +0.658 +0.081]
                          [+0.214 -0.202 +0.035 -0.055 +0.081 +0.635]]

------------- Modified linear system Information ------------
Norm of RHS vector:      1.00e+00
Norm of matrix:          5.00e-01
Condition number:        4.00e+00

Norm of difference:      3.79e+00
Norm of residual:        2.59e+00

------------------- Parameters of the QLSA ------------------
HHL method:              2
num_qubits:              8
Is simulator:            True

-------------------- Results of the QLSA --------------------
Quantum solution:        [+2.089 +1.031 -0.401 +1.171 -1.420 +0.375]
Exact solution:          [+1.101 +1.415 +0.581 +1.021 +1.785 +1.791]

Norm of difference:      3.79e+00
Norm of residual:        2.59e+00
Is sign changed:         False
Time (s):                1.96e+01
=============================================================
