
--------------- Linear optimization problem characteristics ---------------
Seed:                    79
Number of variables:     8
Number of constraints:   8

Norm of primal sol:      2.61e+00
Norm of dual sol:        1.00e+01
Norm of dual slacks:     5.00e+00

Norm of vector b:        2.00e+00
Norm of vector c:        6.20e+00

Norm of matrix A:        1.00e+00
Condition number:        4.00e+00

----------------------- Linear optimization problem -----------------------
Coeff matrix A:          [[+0.719 -0.062 -0.021 -0.023 +0.110 +0.046 +0.046 -0.020]
                          [-0.062 +0.737 +0.082 -0.017 +0.060 -0.091 +0.070 +0.026]
                          [-0.021 +0.082 +0.493 -0.060 -0.211 +0.022 +0.076 -0.030]
                          [-0.023 -0.017 -0.060 +0.623 -0.058 -0.117 -0.092 -0.106]
                          [+0.110 +0.060 -0.211 -0.058 +0.651 +0.056 -0.023 +0.012]
                          [+0.046 -0.091 +0.022 -0.117 +0.056 +0.593 +0.170 +0.161]
                          [+0.046 +0.070 +0.076 -0.092 -0.023 +0.170 +0.742 +0.032]
                          [-0.020 +0.026 -0.030 -0.106 +0.012 +0.161 +0.032 +0.442]]

RHS vector b:            [+0.691 +0.700 +0.211 -0.314 +0.802 +0.742 +1.126 +0.655]
Obj vector c:            [-2.685 -0.440 +1.699 +2.873 +3.216 +0.904 +2.105 +2.085]

---------------------------- Optimal solution -----------------------------
Primal variables:         [+0.783 +0.732 +0.784 +0.233 +1.283 +0.503 +1.219 +1.275]
Dual slacks:              [+1.499 +1.401 +1.499 +0.447 +2.455 +0.962 +2.332 +2.440]
Dual variables:           [-6.557 -3.682 +2.861 +4.340 +3.964 -0.065 +0.819 +0.202]

Optimal objective:       +9.38331139e+00
===========================================================================


----------------- Linear system Information -----------------
Norm of RHS vector:      2.00e+00
Norm of matrix:          1.00e+00
Condition number:        4.00e+00

Minimum eigenvalue:      +2.50e-01

RHS vector transpose:    [+0.691 +0.700 +0.211 -0.314 +0.802 +0.742 +1.126 +0.655]

Coffcient matrix:        [[+0.719 -0.062 -0.021 -0.023 +0.110 +0.046 +0.046 -0.020]
                          [-0.062 +0.737 +0.082 -0.017 +0.060 -0.091 +0.070 +0.026]
                          [-0.021 +0.082 +0.493 -0.060 -0.211 +0.022 +0.076 -0.030]
                          [-0.023 -0.017 -0.060 +0.623 -0.058 -0.117 -0.092 -0.106]
                          [+0.110 +0.060 -0.211 -0.058 +0.651 +0.056 -0.023 +0.012]
                          [+0.046 -0.091 +0.022 -0.117 +0.056 +0.593 +0.170 +0.161]
                          [+0.046 +0.070 +0.076 -0.092 -0.023 +0.170 +0.742 +0.032]
                          [-0.020 +0.026 -0.030 -0.106 +0.012 +0.161 +0.032 +0.442]]

------------- Modified linear system Information ------------
Norm of RHS vector:      1.00e+00
Norm of matrix:          5.00e-01
Condition number:        4.00e+00

Norm of difference:      2.23e+00
Norm of residual:        1.24e+00

------------------- Parameters of the QLSA ------------------
HHL method:              2
num_qubits:              8
Is simulator:            True

-------------------- Results of the QLSA --------------------
Quantum solution:        [+0.402 -0.139 +0.086 -0.938 +0.204 +1.199 +1.097 +0.550]
Exact solution:          [+0.783 +0.732 +0.784 +0.233 +1.283 +0.503 +1.219 +1.275]

Norm of difference:      2.23e+00
Norm of residual:        1.24e+00
Is sign changed:         False
Time (s):                1.80e+01
=============================================================
