
--------------- Linear optimization problem characteristics ---------------
Seed:                    67
Number of variables:     7
Number of constraints:   7

Norm of primal sol:      3.56e+00
Norm of dual sol:        1.00e+01
Norm of dual slacks:     5.00e+00

Norm of vector b:        2.00e+00
Norm of vector c:        9.59e+00

Norm of matrix A:        1.00e+00
Condition number:        4.00e+00

----------------------- Linear optimization problem -----------------------
Coeff matrix A:          [[+0.528 -0.141 -0.094 +0.062 -0.082 -0.076 -0.014]
                          [-0.141 +0.577 +0.147 +0.173 +0.050 -0.172 -0.072]
                          [-0.094 +0.147 +0.689 -0.117 +0.096 -0.018 -0.070]
                          [+0.062 +0.173 -0.117 +0.600 +0.090 -0.116 -0.113]
                          [-0.082 +0.050 +0.096 +0.090 +0.560 +0.050 -0.024]
                          [-0.076 -0.172 -0.018 -0.116 +0.050 +0.706 -0.033]
                          [-0.014 -0.072 -0.070 -0.113 -0.024 -0.033 +0.716]]

RHS vector b:            [+0.226 +1.313 +1.298 +0.627 +0.375 +0.074 -0.043]
Obj vector c:            [+5.419 +4.642 -1.568 +5.817 +0.279 -1.847 -1.111]

---------------------------- Optimal solution -----------------------------
Primal variables:         [+1.441 +2.268 +1.811 +0.876 +0.158 +1.020 +0.563]
Dual slacks:              [+2.026 +3.188 +2.546 +1.231 +0.223 +1.434 +0.791]
Dual variables:           [+5.367 +2.765 -5.623 +3.987 +1.140 -3.077 -2.295]

Optimal objective:       +1.81247903e+01
===========================================================================

[F[K 
----------------- Linear system Information -----------------
Norm of RHS vector:      2.00e+00
Norm of matrix:          1.00e+00
Condition number:        4.00e+00

Minimum eigenvalue:      +2.50e-01

RHS vector transpose:    [+0.226 +1.313 +1.298 +0.627 +0.375 +0.074 -0.043]

Coffcient matrix:        [[+0.528 -0.141 -0.094 +0.062 -0.082 -0.076 -0.014]
                          [-0.141 +0.577 +0.147 +0.173 +0.050 -0.172 -0.072]
                          [-0.094 +0.147 +0.689 -0.117 +0.096 -0.018 -0.070]
                          [+0.062 +0.173 -0.117 +0.600 +0.090 -0.116 -0.113]
                          [-0.082 +0.050 +0.096 +0.090 +0.560 +0.050 -0.024]
                          [-0.076 -0.172 -0.018 -0.116 +0.050 +0.706 -0.033]
                          [-0.014 -0.072 -0.070 -0.113 -0.024 -0.033 +0.716]]

------------- Modified linear system Information ------------
Norm of RHS vector:      1.00e+00
Norm of matrix:          5.00e-01
Condition number:        4.00e+00

Norm of difference:      5.98e+00
Norm of residual:        2.32e+00

------------------- Parameters of the QLSA ------------------
HHL method:              2
num_qubits:              8
Is simulator:            True

-------------------- Results of the QLSA --------------------
Quantum solution:        [-1.128 -0.319 -0.292 -0.130 +1.831 -2.283 -1.261]
Exact solution:          [+1.441 +2.268 +1.811 +0.876 +0.158 +1.020 +0.563]

Norm of difference:      5.98e+00
Norm of residual:        2.32e+00
Is sign changed:         False
Time (s):                1.81e+01
=============================================================
