
--------------- Linear optimization problem characteristics ---------------
Seed:                    22
Number of variables:     7
Number of constraints:   7

Norm of primal sol:      4.00e+00
Norm of dual sol:        1.00e+01
Norm of dual slacks:     5.00e+00

Norm of vector b:        2.00e+00
Norm of vector c:        6.59e+00

Norm of matrix A:        1.00e+00
Condition number:        4.00e+00

----------------------- Linear optimization problem -----------------------
Coeff matrix A:          [[+0.556 -0.060 +0.110 -0.033 +0.097 -0.022 +0.002]
                          [-0.060 +0.660 -0.122 -0.115 -0.036 -0.157 +0.021]
                          [+0.110 -0.122 +0.691 +0.007 -0.093 -0.094 -0.187]
                          [-0.033 -0.115 +0.007 +0.650 +0.131 -0.029 -0.029]
                          [+0.097 -0.036 -0.093 +0.131 +0.651 -0.063 +0.170]
                          [-0.022 -0.157 -0.094 -0.029 -0.063 +0.549 -0.156]
                          [+0.002 +0.021 -0.187 -0.029 +0.170 -0.156 +0.618]]

RHS vector b:            [+0.387 +0.341 +0.548 +1.700 +0.717 -0.041 +0.170]
Obj vector c:            [+3.086 -0.830 +4.155 -0.189 +0.684 +3.405 +1.952]

---------------------------- Optimal solution -----------------------------
Primal variables:         [+0.704 +1.626 +1.419 +2.900 +0.578 +1.144 +0.913]
Dual slacks:              [+0.878 +2.030 +1.772 +3.621 +0.721 +1.428 +1.140]
Dual variables:           [+2.438 -3.569 +3.982 -6.248 +0.781 +4.004 +3.128]

Optimal objective:       +1.22427152e+01
===========================================================================

[F[K 
----------------- Linear system Information -----------------
Norm of RHS vector:      2.00e+00
Norm of matrix:          1.00e+00
Condition number:        4.00e+00

Minimum eigenvalue:      +2.50e-01

RHS vector transpose:    [+0.387 +0.341 +0.548 +1.700 +0.717 -0.041 +0.170]

Coffcient matrix:        [[+0.556 -0.060 +0.110 -0.033 +0.097 -0.022 +0.002]
                          [-0.060 +0.660 -0.122 -0.115 -0.036 -0.157 +0.021]
                          [+0.110 -0.122 +0.691 +0.007 -0.093 -0.094 -0.187]
                          [-0.033 -0.115 +0.007 +0.650 +0.131 -0.029 -0.029]
                          [+0.097 -0.036 -0.093 +0.131 +0.651 -0.063 +0.170]
                          [-0.022 -0.157 -0.094 -0.029 -0.063 +0.549 -0.156]
                          [+0.002 +0.021 -0.187 -0.029 +0.170 -0.156 +0.618]]

------------- Modified linear system Information ------------
Norm of RHS vector:      1.00e+00
Norm of matrix:          5.00e-01
Condition number:        4.00e+00

Norm of difference:      2.98e+00
Norm of residual:        9.70e-01

------------------- Parameters of the QLSA ------------------
HHL method:              2
num_qubits:              8
Is simulator:            True

-------------------- Results of the QLSA --------------------
Quantum solution:        [-0.469 +0.197 +0.817 +2.374 +0.705 -0.846 -0.018]
Exact solution:          [+0.704 +1.626 +1.419 +2.900 +0.578 +1.144 +0.913]

Norm of difference:      2.98e+00
Norm of residual:        9.70e-01
Is sign changed:         True
Time (s):                1.82e+01
=============================================================
