
--------------- Linear optimization problem characteristics ---------------
Seed:                    10
Number of variables:     10
Number of constraints:   10

Norm of primal sol:      2.99e+00
Norm of dual sol:        1.00e+01
Norm of dual slacks:     5.00e+00

Norm of vector b:        2.00e+00
Norm of vector c:        8.54e+00

Norm of matrix A:        1.00e+00
Condition number:        4.00e+00

----------------------- Linear optimization problem -----------------------
Coeff matrix A:          [[+0.687 -0.185 +0.017 +0.075 +0.007 +0.001 +0.046 +0.063 +0.010 +0.012]
                          [-0.185 +0.611 +0.041 -0.105 -0.065 +0.012 -0.032 -0.025 +0.121 +0.052]
                          [+0.017 +0.041 +0.616 -0.071 -0.091 +0.089 -0.026 -0.075 +0.063 +0.074]
                          [+0.075 -0.105 -0.071 +0.604 +0.130 +0.084 -0.064 -0.081 +0.142 -0.034]
                          [+0.007 -0.065 -0.091 +0.130 +0.551 +0.036 +0.037 +0.091 -0.012 +0.030]
                          [+0.001 +0.012 +0.089 +0.084 +0.036 +0.524 +0.028 -0.159 +0.026 -0.094]
                          [+0.046 -0.032 -0.026 -0.064 +0.037 +0.028 +0.688 -0.115 -0.029 -0.068]
                          [+0.063 -0.025 -0.075 -0.081 +0.091 -0.159 -0.115 +0.538 -0.100 -0.044]
                          [+0.010 +0.121 +0.063 +0.142 -0.012 +0.026 -0.029 -0.100 +0.717 +0.092]
                          [+0.012 +0.052 +0.074 -0.034 +0.030 -0.094 -0.068 -0.044 +0.092 +0.713]]

RHS vector b:            [+1.238 -0.400 +0.530 +0.930 +0.761 +0.258 +0.064 +0.595 +0.385 +0.109]
Obj vector c:            [+2.875 +2.807 -0.627 +3.552 +3.520 +1.370 +2.417 +0.920 +4.306 +2.089]

---------------------------- Optimal solution -----------------------------
Primal variables:         [+1.454 +0.039 +1.194 +1.411 +0.940 +0.424 +0.373 +1.433 +0.319 +0.166]
Dual slacks:              [+2.434 +0.065 +2.000 +2.363 +1.573 +0.709 +0.625 +2.400 +0.534 +0.279]
Dual variables:           [+1.944 +4.754 -5.201 +0.128 +3.278 +1.180 +2.325 -2.182 +4.380 +2.250]

Optimal objective:       +1.63799724e+01
===========================================================================

[F[K 
----------------- Linear system Information -----------------
Norm of RHS vector:      2.00e+00
Norm of matrix:          1.00e+00
Condition number:        4.00e+00

Minimum eigenvalue:      +2.50e-01

RHS vector transpose:    [+1.238 -0.400 +0.530 +0.930 +0.761 +0.258 +0.064 +0.595 +0.385 +0.109]

Coffcient matrix:        [[+0.687 -0.185 +0.017 +0.075 +0.007 +0.001 +0.046 +0.063 +0.010 +0.012]
                          [-0.185 +0.611 +0.041 -0.105 -0.065 +0.012 -0.032 -0.025 +0.121 +0.052]
                          [+0.017 +0.041 +0.616 -0.071 -0.091 +0.089 -0.026 -0.075 +0.063 +0.074]
                          [+0.075 -0.105 -0.071 +0.604 +0.130 +0.084 -0.064 -0.081 +0.142 -0.034]
                          [+0.007 -0.065 -0.091 +0.130 +0.551 +0.036 +0.037 +0.091 -0.012 +0.030]
                          [+0.001 +0.012 +0.089 +0.084 +0.036 +0.524 +0.028 -0.159 +0.026 -0.094]
                          [+0.046 -0.032 -0.026 -0.064 +0.037 +0.028 +0.688 -0.115 -0.029 -0.068]
                          [+0.063 -0.025 -0.075 -0.081 +0.091 -0.159 -0.115 +0.538 -0.100 -0.044]
                          [+0.010 +0.121 +0.063 +0.142 -0.012 +0.026 -0.029 -0.100 +0.717 +0.092]
                          [+0.012 +0.052 +0.074 -0.034 +0.030 -0.094 -0.068 -0.044 +0.092 +0.713]]

------------- Modified linear system Information ------------
Norm of RHS vector:      1.00e+00
Norm of matrix:          5.00e-01
Condition number:        4.00e+00

Norm of difference:      3.02e+00
Norm of residual:        1.91e+00

------------------- Parameters of the QLSA ------------------
HHL method:              2
num_qubits:              10
Is simulator:            True

-------------------- Results of the QLSA --------------------
Quantum solution:        [+0.334 +1.202 +1.329 -0.143 +2.531 +1.058 +0.393 +1.533 +0.834 -0.765]
Exact solution:          [+1.454 +0.039 +1.194 +1.411 +0.940 +0.424 +0.373 +1.433 +0.319 +0.166]

Norm of difference:      3.02e+00
Norm of residual:        1.91e+00
Is sign changed:         False
Time (s):                1.97e+02
=============================================================
