
--------------- Linear optimization problem characteristics ---------------
Seed:                    99
Number of variables:     8
Number of constraints:   8

Norm of primal sol:      2.62e+00
Norm of dual sol:        1.00e+01
Norm of dual slacks:     5.00e+00

Norm of vector b:        2.00e+00
Norm of vector c:        9.00e+00

Norm of matrix A:        1.00e+00
Condition number:        4.00e+00

----------------------- Linear optimization problem -----------------------
Coeff matrix A:          [[+0.626 +0.085 +0.048 +0.047 +0.061 +0.056 -0.154 +0.111]
                          [+0.085 +0.667 +0.080 -0.008 -0.091 +0.021 +0.051 -0.121]
                          [+0.048 +0.080 +0.610 +0.192 -0.048 +0.001 +0.058 -0.032]
                          [+0.047 -0.008 +0.192 +0.563 +0.060 +0.093 -0.070 -0.010]
                          [+0.061 -0.091 -0.048 +0.060 +0.595 +0.095 +0.031 -0.113]
                          [+0.056 +0.021 +0.001 +0.093 +0.095 +0.583 +0.058 -0.161]
                          [-0.154 +0.051 +0.058 -0.070 +0.031 +0.058 +0.834 -0.099]
                          [+0.111 -0.121 -0.032 -0.010 -0.113 -0.161 -0.099 +0.523]]

RHS vector b:            [+0.912 +0.665 +0.936 +0.475 +0.833 +0.784 +0.452 -0.334]
Obj vector c:            [+4.397 -0.875 +5.176 +2.089 +2.901 +2.547 +3.826 +0.375]

---------------------------- Optimal solution -----------------------------
Primal variables:         [+1.128 +0.819 +1.385 +0.053 +1.355 +0.949 +0.499 +0.078]
Dual slacks:              [+2.154 +1.564 +2.644 +0.101 +2.589 +1.812 +0.953 +0.150]
Dual variables:           [+5.393 -5.421 +2.966 +2.713 -1.347 -0.064 +4.715 -1.149]

Optimal objective:       +1.98067266e+01
===========================================================================


----------------- Linear system Information -----------------
Norm of RHS vector:      2.00e+00
Norm of matrix:          1.00e+00
Condition number:        4.00e+00

Minimum eigenvalue:      +2.50e-01

RHS vector transpose:    [+0.912 +0.665 +0.936 +0.475 +0.833 +0.784 +0.452 -0.334]

Coffcient matrix:        [[+0.626 +0.085 +0.048 +0.047 +0.061 +0.056 -0.154 +0.111]
                          [+0.085 +0.667 +0.080 -0.008 -0.091 +0.021 +0.051 -0.121]
                          [+0.048 +0.080 +0.610 +0.192 -0.048 +0.001 +0.058 -0.032]
                          [+0.047 -0.008 +0.192 +0.563 +0.060 +0.093 -0.070 -0.010]
                          [+0.061 -0.091 -0.048 +0.060 +0.595 +0.095 +0.031 -0.113]
                          [+0.056 +0.021 +0.001 +0.093 +0.095 +0.583 +0.058 -0.161]
                          [-0.154 +0.051 +0.058 -0.070 +0.031 +0.058 +0.834 -0.099]
                          [+0.111 -0.121 -0.032 -0.010 -0.113 -0.161 -0.099 +0.523]]

------------- Modified linear system Information ------------
Norm of RHS vector:      1.00e+00
Norm of matrix:          5.00e-01
Condition number:        4.00e+00

Norm of difference:      3.94e+00
Norm of residual:        2.41e+00

------------------- Parameters of the QLSA ------------------
HHL method:              2
num_qubits:              8
Is simulator:            True

-------------------- Results of the QLSA --------------------
Quantum solution:        [-0.902 +0.237 +0.826 +0.360 -0.122 +1.519 -2.058 -1.179]
Exact solution:          [+1.128 +0.819 +1.385 +0.053 +1.355 +0.949 +0.499 +0.078]

Norm of difference:      3.94e+00
Norm of residual:        2.41e+00
Is sign changed:         False
Time (s):                1.80e+01
=============================================================
