
--------------- Linear optimization problem characteristics ---------------
Seed:                    43
Number of variables:     7
Number of constraints:   7

Norm of primal sol:      3.65e+00
Norm of dual sol:        1.00e+01
Norm of dual slacks:     5.00e+00

Norm of vector b:        2.00e+00
Norm of vector c:        6.40e+00

Norm of matrix A:        1.00e+00
Condition number:        4.00e+00

----------------------- Linear optimization problem -----------------------
Coeff matrix A:          [[+0.736 -0.051 +0.125 +0.172 -0.041 +0.002 -0.033]
                          [-0.051 +0.681 +0.024 -0.124 +0.058 -0.169 +0.131]
                          [+0.125 +0.024 +0.697 +0.039 +0.121 +0.091 +0.107]
                          [+0.172 -0.124 +0.039 +0.624 +0.030 +0.079 -0.036]
                          [-0.041 +0.058 +0.121 +0.030 +0.715 -0.009 -0.069]
                          [+0.002 -0.169 +0.091 +0.079 -0.009 +0.350 -0.023]
                          [-0.033 +0.131 +0.107 -0.036 -0.069 -0.023 +0.572]]

RHS vector b:            [+0.214 +0.947 +0.883 +0.422 +0.646 +0.582 +1.159]
Obj vector c:            [+1.276 -1.495 +1.999 +1.098 +4.300 +3.426 -1.275]

---------------------------- Optimal solution -----------------------------
Primal variables:         [+0.317 +1.680 +0.368 +0.664 +0.902 +2.370 +1.837]
Dual slacks:              [+0.435 +2.303 +0.504 +0.910 +1.237 +3.248 +2.519]
Dual variables:           [+0.516 -5.901 +2.929 -1.316 +3.784 -3.077 -5.552]

Optimal objective:       +9.01260973e+00
===========================================================================

[F[K 
----------------- Linear system Information -----------------
Norm of RHS vector:      2.00e+00
Norm of matrix:          1.00e+00
Condition number:        4.00e+00

Minimum eigenvalue:      +2.50e-01

RHS vector transpose:    [+0.214 +0.947 +0.883 +0.422 +0.646 +0.582 +1.159]

Coffcient matrix:        [[+0.736 -0.051 +0.125 +0.172 -0.041 +0.002 -0.033]
                          [-0.051 +0.681 +0.024 -0.124 +0.058 -0.169 +0.131]
                          [+0.125 +0.024 +0.697 +0.039 +0.121 +0.091 +0.107]
                          [+0.172 -0.124 +0.039 +0.624 +0.030 +0.079 -0.036]
                          [-0.041 +0.058 +0.121 +0.030 +0.715 -0.009 -0.069]
                          [+0.002 -0.169 +0.091 +0.079 -0.009 +0.350 -0.023]
                          [-0.033 +0.131 +0.107 -0.036 -0.069 -0.023 +0.572]]

------------- Modified linear system Information ------------
Norm of RHS vector:      1.00e+00
Norm of matrix:          5.00e-01
Condition number:        4.00e+00

Norm of difference:      3.29e+00
Norm of residual:        1.21e+00

------------------- Parameters of the QLSA ------------------
HHL method:              2
num_qubits:              8
Is simulator:            True

-------------------- Results of the QLSA --------------------
Quantum solution:        [+0.648 +1.166 +1.488 -0.247 +0.832 -0.291 +0.696]
Exact solution:          [+0.317 +1.680 +0.368 +0.664 +0.902 +2.370 +1.837]

Norm of difference:      3.29e+00
Norm of residual:        1.21e+00
Is sign changed:         True
Time (s):                1.79e+01
=============================================================
