
--------------- Linear optimization problem characteristics ---------------
Seed:                    75
Number of variables:     10
Number of constraints:   10

Norm of primal sol:      3.32e+00
Norm of dual sol:        1.00e+01
Norm of dual slacks:     5.00e+00

Norm of vector b:        2.00e+00
Norm of vector c:        9.02e+00

Norm of matrix A:        1.00e+00
Condition number:        4.00e+00

----------------------- Linear optimization problem -----------------------
Coeff matrix A:          [[+0.608 +0.032 +0.038 -0.048 +0.037 -0.200 -0.029 +0.056 -0.068 -0.177]
                          [+0.032 +0.573 +0.006 +0.027 -0.166 +0.003 -0.020 -0.031 -0.072 -0.003]
                          [+0.038 +0.006 +0.455 -0.026 -0.052 -0.075 -0.026 -0.136 +0.058 -0.041]
                          [-0.048 +0.027 -0.026 +0.590 +0.028 -0.034 +0.144 +0.004 +0.028 +0.117]
                          [+0.037 -0.166 -0.052 +0.028 +0.734 +0.026 -0.002 +0.011 +0.084 +0.115]
                          [-0.200 +0.003 -0.075 -0.034 +0.026 +0.672 +0.066 -0.019 +0.035 -0.085]
                          [-0.029 -0.020 -0.026 +0.144 -0.002 +0.066 +0.601 -0.017 -0.014 +0.096]
                          [+0.056 -0.031 -0.136 +0.004 +0.011 -0.019 -0.017 +0.731 +0.087 -0.105]
                          [-0.068 -0.072 +0.058 +0.028 +0.084 +0.035 -0.014 +0.087 +0.687 -0.027]
                          [-0.177 -0.003 -0.041 +0.117 +0.115 -0.085 +0.096 -0.105 -0.027 +0.599]]

RHS vector b:            [+0.150 -0.127 +0.357 +1.058 +1.054 +0.173 +0.511 +0.477 +0.640 +0.822]
Obj vector c:            [+2.613 +2.339 +5.166 +2.984 -1.111 -1.781 -1.132 -3.032 -2.213 +3.697]

---------------------------- Optimal solution -----------------------------
Primal variables:         [+0.925 +0.107 +1.444 +1.512 +1.105 +0.885 +0.306 +1.006 +0.608 +1.518]
Dual slacks:              [+1.393 +0.162 +2.175 +2.277 +1.665 +1.333 +0.460 +1.514 +0.916 +2.286]
Dual variables:           [+1.656 +1.921 +4.825 +1.901 -2.995 -2.730 -3.075 -4.688 -3.533 +2.515]

Optimal objective:       +1.27086435e+01
===========================================================================

[F[K 
----------------- Linear system Information -----------------
Norm of RHS vector:      2.00e+00
Norm of matrix:          1.00e+00
Condition number:        4.00e+00

Minimum eigenvalue:      +2.50e-01

RHS vector transpose:    [+0.150 -0.127 +0.357 +1.058 +1.054 +0.173 +0.511 +0.477 +0.640 +0.822]

Coffcient matrix:        [[+0.608 +0.032 +0.038 -0.048 +0.037 -0.200 -0.029 +0.056 -0.068 -0.177]
                          [+0.032 +0.573 +0.006 +0.027 -0.166 +0.003 -0.020 -0.031 -0.072 -0.003]
                          [+0.038 +0.006 +0.455 -0.026 -0.052 -0.075 -0.026 -0.136 +0.058 -0.041]
                          [-0.048 +0.027 -0.026 +0.590 +0.028 -0.034 +0.144 +0.004 +0.028 +0.117]
                          [+0.037 -0.166 -0.052 +0.028 +0.734 +0.026 -0.002 +0.011 +0.084 +0.115]
                          [-0.200 +0.003 -0.075 -0.034 +0.026 +0.672 +0.066 -0.019 +0.035 -0.085]
                          [-0.029 -0.020 -0.026 +0.144 -0.002 +0.066 +0.601 -0.017 -0.014 +0.096]
                          [+0.056 -0.031 -0.136 +0.004 +0.011 -0.019 -0.017 +0.731 +0.087 -0.105]
                          [-0.068 -0.072 +0.058 +0.028 +0.084 +0.035 -0.014 +0.087 +0.687 -0.027]
                          [-0.177 -0.003 -0.041 +0.117 +0.115 -0.085 +0.096 -0.105 -0.027 +0.599]]

------------- Modified linear system Information ------------
Norm of RHS vector:      1.00e+00
Norm of matrix:          5.00e-01
Condition number:        4.00e+00

Norm of difference:      4.86e+00
Norm of residual:        2.31e+00

------------------- Parameters of the QLSA ------------------
HHL method:              2
num_qubits:              10
Is simulator:            True

-------------------- Results of the QLSA --------------------
Quantum solution:        [-1.394 +0.536 -0.480 +1.236 -0.577 -1.347 +1.708 +0.978 +0.148 -0.548]
Exact solution:          [+0.925 +0.107 +1.444 +1.512 +1.105 +0.885 +0.306 +1.006 +0.608 +1.518]

Norm of difference:      4.86e+00
Norm of residual:        2.31e+00
Is sign changed:         False
Time (s):                2.00e+02
=============================================================
