
--------------- Linear optimization problem characteristics ---------------
Seed:                    35
Number of variables:     9
Number of constraints:   9

Norm of primal sol:      3.03e+00
Norm of dual sol:        1.00e+01
Norm of dual slacks:     5.00e+00

Norm of vector b:        2.00e+00
Norm of vector c:        1.04e+01

Norm of matrix A:        1.00e+00
Condition number:        4.00e+00

----------------------- Linear optimization problem -----------------------
Coeff matrix A:          [[+0.489 +0.100 -0.017 +0.066 +0.120 +0.030 -0.011 +0.128 +0.141]
                          [+0.100 +0.840 +0.028 +0.158 +0.014 -0.088 -0.034 -0.022 -0.089]
                          [-0.017 +0.028 +0.687 +0.005 -0.044 -0.065 -0.086 +0.019 -0.080]
                          [+0.066 +0.158 +0.005 +0.466 -0.027 +0.113 +0.037 -0.043 -0.013]
                          [+0.120 +0.014 -0.044 -0.027 +0.559 +0.096 -0.129 +0.025 -0.015]
                          [+0.030 -0.088 -0.065 +0.113 +0.096 +0.708 -0.049 -0.060 +0.150]
                          [-0.011 -0.034 -0.086 +0.037 -0.129 -0.049 +0.586 -0.050 +0.050]
                          [+0.128 -0.022 +0.019 -0.043 +0.025 -0.060 -0.050 +0.675 -0.044]
                          [+0.141 -0.089 -0.080 -0.013 -0.015 +0.150 +0.050 -0.044 +0.616]]

RHS vector b:            [+1.050 +0.568 +0.032 +0.427 +0.898 +0.455 +0.532 +0.387 +0.973]
Obj vector c:            [+2.835 +3.635 -2.541 +3.344 +0.815 -0.005 +5.991 -1.445 +5.536]

---------------------------- Optimal solution -----------------------------
Primal variables:         [+0.970 +0.653 +0.490 +0.587 +1.730 +0.236 +1.326 +0.586 +1.444]
Dual slacks:              [+1.600 +1.077 +0.808 +0.969 +2.854 +0.389 +2.188 +0.967 +2.382]
Dual variables:           [+1.638 +2.716 -4.157 +3.776 -2.619 -1.797 +4.476 -2.875 +4.473]

Optimal objective:       +2.23435629e+01
===========================================================================

[F[K 
----------------- Linear system Information -----------------
Norm of RHS vector:      2.00e+00
Norm of matrix:          1.00e+00
Condition number:        4.00e+00

Minimum eigenvalue:      +2.50e-01

RHS vector transpose:    [+1.050 +0.568 +0.032 +0.427 +0.898 +0.455 +0.532 +0.387 +0.973]

Coffcient matrix:        [[+0.489 +0.100 -0.017 +0.066 +0.120 +0.030 -0.011 +0.128 +0.141]
                          [+0.100 +0.840 +0.028 +0.158 +0.014 -0.088 -0.034 -0.022 -0.089]
                          [-0.017 +0.028 +0.687 +0.005 -0.044 -0.065 -0.086 +0.019 -0.080]
                          [+0.066 +0.158 +0.005 +0.466 -0.027 +0.113 +0.037 -0.043 -0.013]
                          [+0.120 +0.014 -0.044 -0.027 +0.559 +0.096 -0.129 +0.025 -0.015]
                          [+0.030 -0.088 -0.065 +0.113 +0.096 +0.708 -0.049 -0.060 +0.150]
                          [-0.011 -0.034 -0.086 +0.037 -0.129 -0.049 +0.586 -0.050 +0.050]
                          [+0.128 -0.022 +0.019 -0.043 +0.025 -0.060 -0.050 +0.675 -0.044]
                          [+0.141 -0.089 -0.080 -0.013 -0.015 +0.150 +0.050 -0.044 +0.616]]

------------- Modified linear system Information ------------
Norm of RHS vector:      1.00e+00
Norm of matrix:          5.00e-01
Condition number:        4.00e+00

Norm of difference:      2.58e+00
Norm of residual:        1.38e+00

------------------- Parameters of the QLSA ------------------
HHL method:              2
num_qubits:              10
Is simulator:            True

-------------------- Results of the QLSA --------------------
Quantum solution:        [+0.815 +1.035 -0.450 +0.781 +0.628 +1.151 -0.212 -0.210 +0.711]
Exact solution:          [+0.970 +0.653 +0.490 +0.587 +1.730 +0.236 +1.326 +0.586 +1.444]

Norm of difference:      2.58e+00
Norm of residual:        1.38e+00
Is sign changed:         True
Time (s):                2.01e+02
=============================================================
