
--------------- Linear optimization problem characteristics ---------------
Seed:                    9
Number of variables:     8
Number of constraints:   8

Norm of primal sol:      2.93e+00
Norm of dual sol:        1.00e+01
Norm of dual slacks:     5.00e+00

Norm of vector b:        2.00e+00
Norm of vector c:        6.91e+00

Norm of matrix A:        1.00e+00
Condition number:        4.00e+00

----------------------- Linear optimization problem -----------------------
Coeff matrix A:          [[+0.567 -0.054 +0.018 +0.170 -0.036 -0.042 -0.066 -0.044]
                          [-0.054 +0.674 +0.026 -0.173 -0.093 -0.002 -0.080 +0.036]
                          [+0.018 +0.026 +0.633 +0.089 +0.078 -0.087 +0.063 +0.164]
                          [+0.170 -0.173 +0.089 +0.647 -0.085 -0.080 -0.211 +0.076]
                          [-0.036 -0.093 +0.078 -0.085 +0.622 -0.123 +0.059 +0.087]
                          [-0.042 -0.002 -0.087 -0.080 -0.123 +0.638 -0.007 +0.065]
                          [-0.066 -0.080 +0.063 -0.211 +0.059 -0.007 +0.627 -0.039]
                          [-0.044 +0.036 +0.164 +0.076 +0.087 +0.065 -0.039 +0.590]]

RHS vector b:            [-0.137 +0.938 +1.290 -0.172 +0.285 +0.259 +0.719 +0.862]
Obj vector c:            [-1.849 +0.569 +1.806 +2.131 +4.204 -2.248 +3.259 +1.700]

---------------------------- Optimal solution -----------------------------
Primal variables:         [+0.034 +1.625 +1.605 +0.433 +0.460 +0.708 +1.355 +0.803]
Dual slacks:              [+0.057 +2.771 +2.737 +0.739 +0.785 +1.207 +2.310 +1.370]
Dual variables:           [-4.355 -1.618 -3.489 +3.963 +4.721 -4.829 +2.085 +0.762]

Optimal objective:       +1.08122446e+01
===========================================================================


----------------- Linear system Information -----------------
Norm of RHS vector:      2.00e+00
Norm of matrix:          1.00e+00
Condition number:        4.00e+00

Minimum eigenvalue:      +2.50e-01

RHS vector transpose:    [-0.137 +0.938 +1.290 -0.172 +0.285 +0.259 +0.719 +0.862]

Coffcient matrix:        [[+0.567 -0.054 +0.018 +0.170 -0.036 -0.042 -0.066 -0.044]
                          [-0.054 +0.674 +0.026 -0.173 -0.093 -0.002 -0.080 +0.036]
                          [+0.018 +0.026 +0.633 +0.089 +0.078 -0.087 +0.063 +0.164]
                          [+0.170 -0.173 +0.089 +0.647 -0.085 -0.080 -0.211 +0.076]
                          [-0.036 -0.093 +0.078 -0.085 +0.622 -0.123 +0.059 +0.087]
                          [-0.042 -0.002 -0.087 -0.080 -0.123 +0.638 -0.007 +0.065]
                          [-0.066 -0.080 +0.063 -0.211 +0.059 -0.007 +0.627 -0.039]
                          [-0.044 +0.036 +0.164 +0.076 +0.087 +0.065 -0.039 +0.590]]

------------- Modified linear system Information ------------
Norm of RHS vector:      1.00e+00
Norm of matrix:          5.00e-01
Condition number:        4.00e+00

Norm of difference:      1.87e+00
Norm of residual:        8.73e-01

------------------- Parameters of the QLSA ------------------
HHL method:              2
num_qubits:              8
Is simulator:            True

-------------------- Results of the QLSA --------------------
Quantum solution:        [-0.542 +1.196 +1.335 -0.293 +0.635 +0.008 +0.103 +1.358]
Exact solution:          [+0.034 +1.625 +1.605 +0.433 +0.460 +0.708 +1.355 +0.803]

Norm of difference:      1.87e+00
Norm of residual:        8.73e-01
Is sign changed:         False
Time (s):                1.85e+01
=============================================================
