
--------------- Linear optimization problem characteristics ---------------
Seed:                    89
Number of variables:     7
Number of constraints:   7

Norm of primal sol:      2.86e+00
Norm of dual sol:        1.00e+01
Norm of dual slacks:     5.00e+00

Norm of vector b:        2.00e+00
Norm of vector c:        8.57e+00

Norm of matrix A:        1.00e+00
Condition number:        4.00e+00

----------------------- Linear optimization problem -----------------------
Coeff matrix A:          [[+0.656 +0.105 -0.069 +0.007 -0.026 +0.066 -0.005]
                          [+0.105 +0.547 -0.091 -0.239 +0.058 +0.008 -0.123]
                          [-0.069 -0.091 +0.594 +0.021 +0.082 -0.010 -0.141]
                          [+0.007 -0.239 +0.021 +0.557 +0.092 +0.048 +0.197]
                          [-0.026 +0.058 +0.082 +0.092 +0.728 -0.133 +0.040]
                          [+0.066 +0.008 -0.010 +0.048 -0.133 +0.589 +0.053]
                          [-0.005 -0.123 -0.141 +0.197 +0.040 +0.053 +0.704]]

RHS vector b:            [+1.080 +0.535 +0.407 +0.282 +1.492 -0.070 +0.265]
Obj vector c:            [+1.992 -3.206 +0.955 +5.049 +2.752 -2.316 +4.461]

---------------------------- Optimal solution -----------------------------
Primal variables:         [+1.670 +0.855 +0.862 +0.324 +1.885 +0.053 +0.510]
Dual slacks:              [+2.918 +1.495 +1.507 +0.566 +3.295 +0.093 +0.891]
Dual variables:           [-0.265 -5.373 -1.115 +5.555 -2.005 -5.175 +2.855]

Optimal objective:       +1.03830832e+01
===========================================================================

[F[K 
----------------- Linear system Information -----------------
Norm of RHS vector:      2.00e+00
Norm of matrix:          1.00e+00
Condition number:        4.00e+00

Minimum eigenvalue:      +2.50e-01

RHS vector transpose:    [+1.080 +0.535 +0.407 +0.282 +1.492 -0.070 +0.265]

Coffcient matrix:        [[+0.656 +0.105 -0.069 +0.007 -0.026 +0.066 -0.005]
                          [+0.105 +0.547 -0.091 -0.239 +0.058 +0.008 -0.123]
                          [-0.069 -0.091 +0.594 +0.021 +0.082 -0.010 -0.141]
                          [+0.007 -0.239 +0.021 +0.557 +0.092 +0.048 +0.197]
                          [-0.026 +0.058 +0.082 +0.092 +0.728 -0.133 +0.040]
                          [+0.066 +0.008 -0.010 +0.048 -0.133 +0.589 +0.053]
                          [-0.005 -0.123 -0.141 +0.197 +0.040 +0.053 +0.704]]

------------- Modified linear system Information ------------
Norm of RHS vector:      1.00e+00
Norm of matrix:          5.00e-01
Condition number:        4.00e+00

Norm of difference:      3.02e+00
Norm of residual:        2.28e+00

------------------- Parameters of the QLSA ------------------
HHL method:              2
num_qubits:              8
Is simulator:            True

-------------------- Results of the QLSA --------------------
Quantum solution:        [-0.567 -0.430 +1.516 +0.260 +1.324 -0.728 -0.538]
Exact solution:          [+1.670 +0.855 +0.862 +0.324 +1.885 +0.053 +0.510]

Norm of difference:      3.02e+00
Norm of residual:        2.28e+00
Is sign changed:         True
Time (s):                1.80e+01
=============================================================
