
--------------- Linear optimization problem characteristics ---------------
Seed:                    70
Number of variables:     9
Number of constraints:   9

Norm of primal sol:      2.88e+00
Norm of dual sol:        1.00e+01
Norm of dual slacks:     5.00e+00

Norm of vector b:        2.00e+00
Norm of vector c:        8.37e+00

Norm of matrix A:        1.00e+00
Condition number:        4.00e+00

----------------------- Linear optimization problem -----------------------
Coeff matrix A:          [[+0.655 -0.086 -0.034 -0.059 +0.068 -0.023 +0.047 -0.051 -0.063]
                          [-0.086 +0.533 +0.151 +0.062 +0.013 +0.068 +0.097 +0.004 +0.060]
                          [-0.034 +0.151 +0.691 +0.019 +0.096 -0.007 -0.002 +0.048 +0.059]
                          [-0.059 +0.062 +0.019 +0.687 -0.085 +0.180 +0.057 -0.061 -0.091]
                          [+0.068 +0.013 +0.096 -0.085 +0.469 -0.061 -0.164 -0.031 +0.025]
                          [-0.023 +0.068 -0.007 +0.180 -0.061 +0.702 -0.082 +0.192 -0.068]
                          [+0.047 +0.097 -0.002 +0.057 -0.164 -0.082 +0.536 -0.063 +0.066]
                          [-0.051 +0.004 +0.048 -0.061 -0.031 +0.192 -0.063 +0.631 +0.041]
                          [-0.063 +0.060 +0.059 -0.091 +0.025 -0.068 +0.066 +0.041 +0.722]]

RHS vector b:            [+0.663 +0.940 +0.854 +0.871 +0.072 +0.372 +0.830 +0.267 +0.534]
Obj vector c:            [+2.649 +0.407 -1.606 +2.855 -0.921 -4.349 +4.382 -3.188 -1.742]

---------------------------- Optimal solution -----------------------------
Primal variables:         [+1.325 +1.246 +0.835 +1.293 +0.452 +0.211 +1.228 +0.619 +0.705]
Dual slacks:              [+2.297 +2.161 +1.448 +2.242 +0.785 +0.367 +2.129 +1.074 +1.222]
Dual variables:           [-0.629 -1.815 -3.153 +1.212 -2.520 -6.053 +2.761 -4.177 -4.103]

Optimal objective:       +7.20633661e+00
===========================================================================

[F[K 
----------------- Linear system Information -----------------
Norm of RHS vector:      2.00e+00
Norm of matrix:          1.00e+00
Condition number:        4.00e+00

Minimum eigenvalue:      +2.50e-01

RHS vector transpose:    [+0.663 +0.940 +0.854 +0.871 +0.072 +0.372 +0.830 +0.267 +0.534]

Coffcient matrix:        [[+0.655 -0.086 -0.034 -0.059 +0.068 -0.023 +0.047 -0.051 -0.063]
                          [-0.086 +0.533 +0.151 +0.062 +0.013 +0.068 +0.097 +0.004 +0.060]
                          [-0.034 +0.151 +0.691 +0.019 +0.096 -0.007 -0.002 +0.048 +0.059]
                          [-0.059 +0.062 +0.019 +0.687 -0.085 +0.180 +0.057 -0.061 -0.091]
                          [+0.068 +0.013 +0.096 -0.085 +0.469 -0.061 -0.164 -0.031 +0.025]
                          [-0.023 +0.068 -0.007 +0.180 -0.061 +0.702 -0.082 +0.192 -0.068]
                          [+0.047 +0.097 -0.002 +0.057 -0.164 -0.082 +0.536 -0.063 +0.066]
                          [-0.051 +0.004 +0.048 -0.061 -0.031 +0.192 -0.063 +0.631 +0.041]
                          [-0.063 +0.060 +0.059 -0.091 +0.025 -0.068 +0.066 +0.041 +0.722]]

------------- Modified linear system Information ------------
Norm of RHS vector:      1.00e+00
Norm of matrix:          5.00e-01
Condition number:        4.00e+00

Norm of difference:      3.80e+00
Norm of residual:        2.74e+00

------------------- Parameters of the QLSA ------------------
HHL method:              2
num_qubits:              10
Is simulator:            True

-------------------- Results of the QLSA --------------------
Quantum solution:        [-0.391 +0.392 +1.591 -0.630 +1.223 -0.553 -0.923 -0.105 +0.262]
Exact solution:          [+1.325 +1.246 +0.835 +1.293 +0.452 +0.211 +1.228 +0.619 +0.705]

Norm of difference:      3.80e+00
Norm of residual:        2.74e+00
Is sign changed:         False
Time (s):                2.04e+02
=============================================================
