
--------------- Linear optimization problem characteristics ---------------
Seed:                    6
Number of variables:     8
Number of constraints:   8

Norm of primal sol:      3.45e+00
Norm of dual sol:        1.00e+01
Norm of dual slacks:     5.00e+00

Norm of vector b:        2.00e+00
Norm of vector c:        9.28e+00

Norm of matrix A:        1.00e+00
Condition number:        4.00e+00

----------------------- Linear optimization problem -----------------------
Coeff matrix A:          [[+0.672 +0.082 -0.052 -0.135 +0.072 +0.043 -0.190 -0.071]
                          [+0.082 +0.633 -0.003 -0.035 +0.108 -0.105 +0.019 -0.065]
                          [-0.052 -0.003 +0.657 -0.073 -0.027 +0.046 +0.029 -0.181]
                          [-0.135 -0.035 -0.073 +0.584 -0.001 +0.033 -0.084 -0.017]
                          [+0.072 +0.108 -0.027 -0.001 +0.499 -0.109 +0.124 +0.141]
                          [+0.043 -0.105 +0.046 +0.033 -0.109 +0.652 +0.040 -0.095]
                          [-0.190 +0.019 +0.029 -0.084 +0.124 +0.040 +0.646 +0.132]
                          [-0.071 -0.065 -0.181 -0.017 +0.141 -0.095 +0.132 +0.657]]

RHS vector b:            [+1.072 +0.470 +1.008 -0.444 +0.425 +0.890 +0.648 +0.155]
Obj vector c:            [-0.196 +1.412 +0.492 +2.471 +1.838 +1.815 +4.600 +7.060]

---------------------------- Optimal solution -----------------------------
Primal variables:         [+1.984 +0.738 +1.825 +0.093 +0.239 +1.322 +1.177 +0.931]
Dual slacks:              [+2.878 +1.070 +2.648 +0.134 +0.347 +1.918 +1.708 +1.350]
Dual variables:           [-2.707 +2.015 -1.018 +3.880 +0.297 +1.297 +2.391 +8.064]

Optimal objective:       +1.66067887e+01
===========================================================================


----------------- Linear system Information -----------------
Norm of RHS vector:      2.00e+00
Norm of matrix:          1.00e+00
Condition number:        4.00e+00

Minimum eigenvalue:      +2.50e-01

RHS vector transpose:    [+1.072 +0.470 +1.008 -0.444 +0.425 +0.890 +0.648 +0.155]

Coffcient matrix:        [[+0.672 +0.082 -0.052 -0.135 +0.072 +0.043 -0.190 -0.071]
                          [+0.082 +0.633 -0.003 -0.035 +0.108 -0.105 +0.019 -0.065]
                          [-0.052 -0.003 +0.657 -0.073 -0.027 +0.046 +0.029 -0.181]
                          [-0.135 -0.035 -0.073 +0.584 -0.001 +0.033 -0.084 -0.017]
                          [+0.072 +0.108 -0.027 -0.001 +0.499 -0.109 +0.124 +0.141]
                          [+0.043 -0.105 +0.046 +0.033 -0.109 +0.652 +0.040 -0.095]
                          [-0.190 +0.019 +0.029 -0.084 +0.124 +0.040 +0.646 +0.132]
                          [-0.071 -0.065 -0.181 -0.017 +0.141 -0.095 +0.132 +0.657]]

------------- Modified linear system Information ------------
Norm of RHS vector:      1.00e+00
Norm of matrix:          5.00e-01
Condition number:        4.00e+00

Norm of difference:      3.76e+00
Norm of residual:        2.35e+00

------------------- Parameters of the QLSA ------------------
HHL method:              2
num_qubits:              8
Is simulator:            True

-------------------- Results of the QLSA --------------------
Quantum solution:        [-0.104 +0.139 +1.388 -1.407 -0.810 -1.082 +1.481 +0.836]
Exact solution:          [+1.984 +0.738 +1.825 +0.093 +0.239 +1.322 +1.177 +0.931]

Norm of difference:      3.76e+00
Norm of residual:        2.35e+00
Is sign changed:         False
Time (s):                1.86e+01
=============================================================
