
--------------- Linear optimization problem characteristics ---------------
Seed:                    3
Number of variables:     7
Number of constraints:   7

Norm of primal sol:      2.94e+00
Norm of dual sol:        1.00e+01
Norm of dual slacks:     5.00e+00

Norm of vector b:        2.00e+00
Norm of vector c:        3.42e+00

Norm of matrix A:        1.00e+00
Condition number:        4.00e+00

----------------------- Linear optimization problem -----------------------
Coeff matrix A:          [[+0.535 -0.106 -0.109 +0.014 +0.155 +0.108 +0.078]
                          [-0.106 +0.797 +0.111 -0.088 -0.010 +0.108 -0.104]
                          [-0.109 +0.111 +0.748 -0.067 +0.004 -0.131 +0.065]
                          [+0.014 -0.088 -0.067 +0.529 +0.023 +0.002 -0.007]
                          [+0.155 -0.010 +0.004 +0.023 +0.692 -0.134 +0.103]
                          [+0.108 +0.108 -0.131 +0.002 -0.134 +0.616 +0.093]
                          [+0.078 -0.104 +0.065 -0.007 +0.103 +0.093 +0.457]]

RHS vector b:            [+0.779 +1.005 +0.170 +0.385 +1.066 +0.961 +0.383]
Obj vector c:            [+0.127 -1.170 +0.030 -1.187 +1.053 +2.740 -0.517]

---------------------------- Optimal solution -----------------------------
Primal variables:         [+0.974 +1.252 +0.514 +0.903 +1.579 +1.585 +0.222]
Dual slacks:              [+1.656 +2.129 +0.874 +1.535 +2.684 +2.694 +0.377]
Dual variables:           [-3.829 -5.866 -0.774 -6.149 -0.565 +1.951 -2.897]

Optimal objective:       +3.49154813e+00
===========================================================================

[F[K 
----------------- Linear system Information -----------------
Norm of RHS vector:      2.00e+00
Norm of matrix:          1.00e+00
Condition number:        4.00e+00

Minimum eigenvalue:      +2.50e-01

RHS vector transpose:    [+0.779 +1.005 +0.170 +0.385 +1.066 +0.961 +0.383]

Coffcient matrix:        [[+0.535 -0.106 -0.109 +0.014 +0.155 +0.108 +0.078]
                          [-0.106 +0.797 +0.111 -0.088 -0.010 +0.108 -0.104]
                          [-0.109 +0.111 +0.748 -0.067 +0.004 -0.131 +0.065]
                          [+0.014 -0.088 -0.067 +0.529 +0.023 +0.002 -0.007]
                          [+0.155 -0.010 +0.004 +0.023 +0.692 -0.134 +0.103]
                          [+0.108 +0.108 -0.131 +0.002 -0.134 +0.616 +0.093]
                          [+0.078 -0.104 +0.065 -0.007 +0.103 +0.093 +0.457]]

------------- Modified linear system Information ------------
Norm of RHS vector:      1.00e+00
Norm of matrix:          5.00e-01
Condition number:        4.00e+00

Norm of difference:      4.30e+00
Norm of residual:        2.52e+00

------------------- Parameters of the QLSA ------------------
HHL method:              2
num_qubits:              8
Is simulator:            True

-------------------- Results of the QLSA --------------------
Quantum solution:        [-0.000 -0.668 +0.994 -1.605 -0.251 +1.489 +2.209]
Exact solution:          [+0.974 +1.252 +0.514 +0.903 +1.579 +1.585 +0.222]

Norm of difference:      4.30e+00
Norm of residual:        2.52e+00
Is sign changed:         True
Time (s):                1.99e+01
=============================================================
