
--------------- Linear optimization problem characteristics ---------------
Seed:                    8
Number of variables:     8
Number of constraints:   8

Norm of primal sol:      3.31e+00
Norm of dual sol:        1.00e+01
Norm of dual slacks:     5.00e+00

Norm of vector b:        2.00e+00
Norm of vector c:        8.32e+00

Norm of matrix A:        1.00e+00
Condition number:        4.00e+00

----------------------- Linear optimization problem -----------------------
Coeff matrix A:          [[+0.489 -0.067 +0.077 +0.005 +0.035 -0.037 -0.238 +0.050]
                          [-0.067 +0.559 +0.013 +0.169 -0.086 -0.133 +0.020 +0.047]
                          [+0.077 +0.013 +0.690 -0.026 -0.114 -0.032 -0.157 +0.047]
                          [+0.005 +0.169 -0.026 +0.585 -0.006 +0.078 +0.016 -0.129]
                          [+0.035 -0.086 -0.114 -0.006 +0.552 +0.008 +0.048 -0.108]
                          [-0.037 -0.133 -0.032 +0.078 +0.008 +0.686 -0.024 -0.053]
                          [-0.238 +0.020 -0.157 +0.016 +0.048 -0.024 +0.711 +0.052]
                          [+0.050 +0.047 +0.047 -0.129 -0.108 -0.053 +0.052 +0.728]]

RHS vector b:            [+0.666 +1.101 +1.101 +0.767 -0.091 -0.318 +0.040 +0.657]
Obj vector c:            [+2.091 +1.196 +1.904 +2.754 +4.828 +4.118 +3.224 -1.272]

---------------------------- Optimal solution -----------------------------
Primal variables:         [+1.631 +1.808 +1.623 +0.991 +0.435 +0.021 +0.804 +0.751]
Dual slacks:              [+2.465 +2.733 +2.453 +1.498 +0.657 +0.032 +1.215 +1.135]
Dual variables:           [+0.608 -0.580 +1.485 +1.164 +7.001 +5.699 +3.211 -1.983]

Optimal objective:       +1.52131466e+01
===========================================================================


----------------- Linear system Information -----------------
Norm of RHS vector:      2.00e+00
Norm of matrix:          1.00e+00
Condition number:        4.00e+00

Minimum eigenvalue:      +2.50e-01

RHS vector transpose:    [+0.666 +1.101 +1.101 +0.767 -0.091 -0.318 +0.040 +0.657]

Coffcient matrix:        [[+0.489 -0.067 +0.077 +0.005 +0.035 -0.037 -0.238 +0.050]
                          [-0.067 +0.559 +0.013 +0.169 -0.086 -0.133 +0.020 +0.047]
                          [+0.077 +0.013 +0.690 -0.026 -0.114 -0.032 -0.157 +0.047]
                          [+0.005 +0.169 -0.026 +0.585 -0.006 +0.078 +0.016 -0.129]
                          [+0.035 -0.086 -0.114 -0.006 +0.552 +0.008 +0.048 -0.108]
                          [-0.037 -0.133 -0.032 +0.078 +0.008 +0.686 -0.024 -0.053]
                          [-0.238 +0.020 -0.157 +0.016 +0.048 -0.024 +0.711 +0.052]
                          [+0.050 +0.047 +0.047 -0.129 -0.108 -0.053 +0.052 +0.728]]

------------- Modified linear system Information ------------
Norm of RHS vector:      1.00e+00
Norm of matrix:          5.00e-01
Condition number:        4.00e+00

Norm of difference:      3.69e+00
Norm of residual:        2.36e+00

------------------- Parameters of the QLSA ------------------
HHL method:              2
num_qubits:              8
Is simulator:            True

-------------------- Results of the QLSA --------------------
Quantum solution:        [+0.775 -0.455 +0.877 -0.593 -0.312 -0.046 -1.234 +0.808]
Exact solution:          [+1.631 +1.808 +1.623 +0.991 +0.435 +0.021 +0.804 +0.751]

Norm of difference:      3.69e+00
Norm of residual:        2.36e+00
Is sign changed:         True
Time (s):                1.83e+01
=============================================================
