
--------------- Linear optimization problem characteristics ---------------
Seed:                    2
Number of variables:     9
Number of constraints:   9

Norm of primal sol:      2.45e+00
Norm of dual sol:        1.00e+01
Norm of dual slacks:     5.00e+00

Norm of vector b:        2.00e+00
Norm of vector c:        8.45e+00

Norm of matrix A:        1.00e+00
Condition number:        4.00e+00

----------------------- Linear optimization problem -----------------------
Coeff matrix A:          [[+0.442 +0.015 +0.074 -0.064 +0.092 -0.048 -0.169 +0.015 +0.052]
                          [+0.015 +0.691 +0.030 +0.031 +0.175 -0.076 -0.014 -0.022 +0.158]
                          [+0.074 +0.030 +0.652 +0.007 +0.149 +0.051 -0.121 +0.085 -0.014]
                          [-0.064 +0.031 +0.007 +0.726 +0.138 -0.013 +0.081 -0.052 +0.019]
                          [+0.092 +0.175 +0.149 +0.138 +0.572 -0.001 +0.053 +0.061 +0.078]
                          [-0.048 -0.076 +0.051 -0.013 -0.001 +0.647 -0.040 -0.076 +0.124]
                          [-0.169 -0.014 -0.121 +0.081 +0.053 -0.040 +0.628 -0.016 -0.048]
                          [+0.015 -0.022 +0.085 -0.052 +0.061 -0.076 -0.016 +0.725 -0.022]
                          [+0.052 +0.158 -0.014 +0.019 +0.078 +0.124 -0.048 -0.022 +0.543]]

RHS vector b:            [+0.440 +0.269 +0.999 +0.676 +1.002 +0.391 +0.016 +0.943 +0.484]
Obj vector c:            [+0.350 +1.280 +2.044 -1.519 +1.700 -1.937 +3.528 +6.636 +0.344]

---------------------------- Optimal solution -----------------------------
Primal variables:         [+0.876 +0.052 +1.105 +0.875 +0.845 +0.664 +0.411 +1.245 +0.602]
Dual slacks:              [+1.790 +0.106 +2.257 +1.787 +1.726 +1.356 +0.840 +2.542 +1.230]
Dual variables:           [-3.265 +1.696 +0.408 -5.117 +0.190 -4.419 +3.996 +4.957 -0.081]

Optimal objective:       +1.13697834e+01
===========================================================================

[F[K 
----------------- Linear system Information -----------------
Norm of RHS vector:      2.00e+00
Norm of matrix:          1.00e+00
Condition number:        4.00e+00

Minimum eigenvalue:      +2.50e-01

RHS vector transpose:    [+0.440 +0.269 +0.999 +0.676 +1.002 +0.391 +0.016 +0.943 +0.484]

Coffcient matrix:        [[+0.442 +0.015 +0.074 -0.064 +0.092 -0.048 -0.169 +0.015 +0.052]
                          [+0.015 +0.691 +0.030 +0.031 +0.175 -0.076 -0.014 -0.022 +0.158]
                          [+0.074 +0.030 +0.652 +0.007 +0.149 +0.051 -0.121 +0.085 -0.014]
                          [-0.064 +0.031 +0.007 +0.726 +0.138 -0.013 +0.081 -0.052 +0.019]
                          [+0.092 +0.175 +0.149 +0.138 +0.572 -0.001 +0.053 +0.061 +0.078]
                          [-0.048 -0.076 +0.051 -0.013 -0.001 +0.647 -0.040 -0.076 +0.124]
                          [-0.169 -0.014 -0.121 +0.081 +0.053 -0.040 +0.628 -0.016 -0.048]
                          [+0.015 -0.022 +0.085 -0.052 +0.061 -0.076 -0.016 +0.725 -0.022]
                          [+0.052 +0.158 -0.014 +0.019 +0.078 +0.124 -0.048 -0.022 +0.543]]

------------- Modified linear system Information ------------
Norm of RHS vector:      1.00e+00
Norm of matrix:          5.00e-01
Condition number:        4.00e+00

Norm of difference:      3.29e+00
Norm of residual:        2.28e+00

------------------- Parameters of the QLSA ------------------
HHL method:              2
num_qubits:              10
Is simulator:            True

-------------------- Results of the QLSA --------------------
Quantum solution:        [+0.474 +1.439 +0.069 -0.238 +0.724 -1.632 +0.032 +0.496 -0.049]
Exact solution:          [+0.876 +0.052 +1.105 +0.875 +0.845 +0.664 +0.411 +1.245 +0.602]

Norm of difference:      3.29e+00
Norm of residual:        2.28e+00
Is sign changed:         True
Time (s):                2.48e+02
=============================================================
