
--------------- Linear optimization problem characteristics ---------------
Seed:                    27
Number of variables:     9
Number of constraints:   9

Norm of primal sol:      3.39e+00
Norm of dual sol:        1.00e+01
Norm of dual slacks:     5.00e+00

Norm of vector b:        2.00e+00
Norm of vector c:        1.02e+01

Norm of matrix A:        1.00e+00
Condition number:        4.00e+00

----------------------- Linear optimization problem -----------------------
Coeff matrix A:          [[+0.612 +0.024 +0.025 -0.046 -0.058 +0.045 -0.021 -0.086 -0.053]
                          [+0.024 +0.581 -0.049 +0.107 -0.122 -0.048 -0.192 +0.010 +0.043]
                          [+0.025 -0.049 +0.681 +0.127 -0.055 -0.102 +0.072 +0.204 +0.032]
                          [-0.046 +0.107 +0.127 +0.612 -0.085 -0.090 +0.042 +0.022 -0.004]
                          [-0.058 -0.122 -0.055 -0.085 +0.625 -0.031 -0.138 -0.088 +0.149]
                          [+0.045 -0.048 -0.102 -0.090 -0.031 +0.652 +0.044 +0.019 +0.011]
                          [-0.021 -0.192 +0.072 +0.042 -0.138 +0.044 +0.598 -0.053 -0.076]
                          [-0.086 +0.010 +0.204 +0.022 -0.088 +0.019 -0.053 +0.653 +0.120]
                          [-0.053 +0.043 +0.032 -0.004 +0.149 +0.011 -0.076 +0.120 +0.609]]

RHS vector b:            [+0.322 +0.486 +0.931 +0.961 -0.096 +0.795 +0.598 +0.479 +0.801]
Obj vector c:            [+1.804 +4.837 +4.537 +4.552 +3.482 -1.141 -0.568 +0.388 +4.603]

---------------------------- Optimal solution -----------------------------
Primal variables:         [+0.670 +1.282 +1.158 +1.366 +0.604 +1.542 +1.406 +0.330 +1.168]
Dual slacks:              [+0.988 +1.891 +1.707 +2.015 +0.890 +2.274 +2.074 +0.487 +1.722]
Dual variables:           [+1.904 +4.513 +4.177 +2.908 +4.319 -3.655 -2.035 -1.483 +3.427]

Optimal objective:       +2.39328769e+01
===========================================================================

[F[K 
----------------- Linear system Information -----------------
Norm of RHS vector:      2.00e+00
Norm of matrix:          1.00e+00
Condition number:        4.00e+00

Minimum eigenvalue:      +2.50e-01

RHS vector transpose:    [+0.322 +0.486 +0.931 +0.961 -0.096 +0.795 +0.598 +0.479 +0.801]

Coffcient matrix:        [[+0.612 +0.024 +0.025 -0.046 -0.058 +0.045 -0.021 -0.086 -0.053]
                          [+0.024 +0.581 -0.049 +0.107 -0.122 -0.048 -0.192 +0.010 +0.043]
                          [+0.025 -0.049 +0.681 +0.127 -0.055 -0.102 +0.072 +0.204 +0.032]
                          [-0.046 +0.107 +0.127 +0.612 -0.085 -0.090 +0.042 +0.022 -0.004]
                          [-0.058 -0.122 -0.055 -0.085 +0.625 -0.031 -0.138 -0.088 +0.149]
                          [+0.045 -0.048 -0.102 -0.090 -0.031 +0.652 +0.044 +0.019 +0.011]
                          [-0.021 -0.192 +0.072 +0.042 -0.138 +0.044 +0.598 -0.053 -0.076]
                          [-0.086 +0.010 +0.204 +0.022 -0.088 +0.019 -0.053 +0.653 +0.120]
                          [-0.053 +0.043 +0.032 -0.004 +0.149 +0.011 -0.076 +0.120 +0.609]]

------------- Modified linear system Information ------------
Norm of RHS vector:      1.00e+00
Norm of matrix:          5.00e-01
Condition number:        4.00e+00

Norm of difference:      4.52e+00
Norm of residual:        2.54e+00

------------------- Parameters of the QLSA ------------------
HHL method:              2
num_qubits:              10
Is simulator:            True

-------------------- Results of the QLSA --------------------
Quantum solution:        [-0.731 -0.210 +1.110 +0.351 -0.291 -1.576 +0.119 +0.807 -0.499]
Exact solution:          [+0.670 +1.282 +1.158 +1.366 +0.604 +1.542 +1.406 +0.330 +1.168]

Norm of difference:      4.52e+00
Norm of residual:        2.54e+00
Is sign changed:         True
Time (s):                2.07e+02
=============================================================
