
--------------- Linear optimization problem characteristics ---------------
Seed:                    36
Number of variables:     7
Number of constraints:   7

Norm of primal sol:      2.50e+00
Norm of dual sol:        1.00e+01
Norm of dual slacks:     5.00e+00

Norm of vector b:        2.00e+00
Norm of vector c:        6.66e+00

Norm of matrix A:        1.00e+00
Condition number:        4.00e+00

----------------------- Linear optimization problem -----------------------
Coeff matrix A:          [[+0.609 +0.001 +0.026 +0.048 +0.014 +0.092 +0.039]
                          [+0.001 +0.648 +0.006 +0.008 -0.043 -0.008 +0.254]
                          [+0.026 +0.006 +0.653 +0.062 +0.173 +0.131 -0.043]
                          [+0.048 +0.008 +0.062 +0.685 +0.035 -0.105 -0.034]
                          [+0.014 -0.043 +0.173 +0.035 +0.515 +0.016 -0.195]
                          [+0.092 -0.008 +0.131 -0.105 +0.016 +0.675 +0.156]
                          [+0.039 +0.254 -0.043 -0.034 -0.195 +0.156 +0.591]]

RHS vector b:            [+0.812 +0.625 +1.280 +0.277 +0.829 +0.706 +0.222]
Obj vector c:            [+0.644 +1.736 +0.700 +3.735 +4.721 -0.479 -1.982]

---------------------------- Optimal solution -----------------------------
Primal variables:         [+1.121 +0.926 +1.466 +0.220 +1.243 +0.559 +0.287]
Dual slacks:              [+2.243 +1.852 +2.931 +0.441 +2.485 +1.118 +0.574]
Dual variables:           [-2.779 +1.497 -5.393 +5.160 +4.665 +0.578 -3.496]

Optimal objective:       +9.20610329e+00
===========================================================================

[F[K 
----------------- Linear system Information -----------------
Norm of RHS vector:      2.00e+00
Norm of matrix:          1.00e+00
Condition number:        4.00e+00

Minimum eigenvalue:      +2.50e-01

RHS vector transpose:    [+0.812 +0.625 +1.280 +0.277 +0.829 +0.706 +0.222]

Coffcient matrix:        [[+0.609 +0.001 +0.026 +0.048 +0.014 +0.092 +0.039]
                          [+0.001 +0.648 +0.006 +0.008 -0.043 -0.008 +0.254]
                          [+0.026 +0.006 +0.653 +0.062 +0.173 +0.131 -0.043]
                          [+0.048 +0.008 +0.062 +0.685 +0.035 -0.105 -0.034]
                          [+0.014 -0.043 +0.173 +0.035 +0.515 +0.016 -0.195]
                          [+0.092 -0.008 +0.131 -0.105 +0.016 +0.675 +0.156]
                          [+0.039 +0.254 -0.043 -0.034 -0.195 +0.156 +0.591]]

------------- Modified linear system Information ------------
Norm of RHS vector:      1.00e+00
Norm of matrix:          5.00e-01
Condition number:        4.00e+00

Norm of difference:      1.56e+00
Norm of residual:        9.96e-01

------------------- Parameters of the QLSA ------------------
HHL method:              2
num_qubits:              8
Is simulator:            True

-------------------- Results of the QLSA --------------------
Quantum solution:        [+0.630 -0.060 +1.466 -0.054 +0.720 +1.465 +0.099]
Exact solution:          [+1.121 +0.926 +1.466 +0.220 +1.243 +0.559 +0.287]

Norm of difference:      1.56e+00
Norm of residual:        9.96e-01
Is sign changed:         False
Time (s):                1.83e+01
=============================================================
