
--------------- Linear optimization problem characteristics ---------------
Seed:                    89
Number of variables:     5
Number of constraints:   5

Norm of primal sol:      4.53e+00
Norm of dual sol:        1.00e+01
Norm of dual slacks:     5.00e+00

Norm of vector b:        2.00e+00
Norm of vector c:        4.78e+00

Norm of matrix A:        1.00e+00
Condition number:        4.00e+00

----------------------- Linear optimization problem -----------------------
Coeff matrix A:          [[+0.636 -0.179 -0.199 -0.130 -0.180]
                          [-0.179 +0.563 -0.103 +0.059 +0.037]
                          [-0.199 -0.103 +0.638 +0.037 -0.097]
                          [-0.130 +0.059 +0.037 +0.489 +0.051]
                          [-0.180 +0.037 -0.097 +0.051 +0.799]]

RHS vector b:            [+0.573 +0.295 -0.063 +0.192 +1.882]
Obj vector c:            [+0.548 -0.335 +3.086 -1.616 +3.210]

---------------------------- Optimal solution -----------------------------
Primal variables:         [+2.690 +1.378 +1.389 +0.522 +3.037]
Dual slacks:              [+2.966 +1.519 +1.532 +0.575 +3.349]
Dual variables:           [-6.697 -4.807 -0.273 -5.536 -1.149]

Optimal objective:       +1.42027974e+01
===========================================================================

[F[K 
----------------- Linear system Information -----------------
Norm of RHS vector:      2.00e+00
Norm of matrix:          1.00e+00
Condition number:        4.00e+00

Minimum eigenvalue:      +2.50e-01

RHS vector transpose:    [+0.573 +0.295 -0.063 +0.192 +1.882]

Coffcient matrix:        [[+0.636 -0.179 -0.199 -0.130 -0.180]
                          [-0.179 +0.563 -0.103 +0.059 +0.037]
                          [-0.199 -0.103 +0.638 +0.037 -0.097]
                          [-0.130 +0.059 +0.037 +0.489 +0.051]
                          [-0.180 +0.037 -0.097 +0.051 +0.799]]

------------- Modified linear system Information ------------
Norm of RHS vector:      1.00e+00
Norm of matrix:          5.00e-01
Condition number:        4.00e+00

Norm of difference:      3.41e+00
Norm of residual:        9.06e-01

------------------- Parameters of the QLSA ------------------
HHL method:              2
num_qubits:              8
Is simulator:            True

-------------------- Results of the QLSA --------------------
Quantum solution:        [+0.410 -0.392 -0.237 -0.118 +2.520]
Exact solution:          [+2.690 +1.378 +1.389 +0.522 +3.037]

Norm of difference:      3.41e+00
Norm of residual:        9.06e-01
Is sign changed:         True
Time (s):                1.82e+01
=============================================================
