
--------------- Linear optimization problem characteristics ---------------
Seed:                    96
Number of variables:     7
Number of constraints:   7

Norm of primal sol:      2.65e+00
Norm of dual sol:        1.00e+01
Norm of dual slacks:     5.00e+00

Norm of vector b:        2.00e+00
Norm of vector c:        5.44e+00

Norm of matrix A:        1.00e+00
Condition number:        4.00e+00

----------------------- Linear optimization problem -----------------------
Coeff matrix A:          [[+0.616 +0.129 +0.046 -0.022 +0.046 +0.199 +0.158]
                          [+0.129 +0.760 +0.023 -0.057 +0.016 +0.034 -0.097]
                          [+0.046 +0.023 +0.723 -0.069 +0.100 +0.018 -0.079]
                          [-0.022 -0.057 -0.069 +0.629 +0.037 +0.045 +0.034]
                          [+0.046 +0.016 +0.100 +0.037 +0.597 +0.098 +0.021]
                          [+0.199 +0.034 +0.018 +0.045 +0.098 +0.560 +0.238]
                          [+0.158 -0.097 -0.079 +0.034 +0.021 +0.238 +0.490]]

RHS vector b:            [+0.527 +1.082 +0.977 +0.767 +0.900 +0.447 +0.000]
Obj vector c:            [+0.488 +4.021 -3.170 +0.987 -0.975 -0.731 -0.844]

---------------------------- Optimal solution -----------------------------
Primal variables:         [+0.336 +1.421 +1.277 +1.413 +1.105 +0.185 +0.144]
Dual slacks:              [+0.632 +2.679 +2.408 +2.663 +2.083 +0.348 +0.272]
Dual variables:           [+1.072 +1.236 -7.978 -3.002 -3.620 +0.183 -3.394]

Optimal objective:       +1.89020389e+00
===========================================================================

[F[K 
----------------- Linear system Information -----------------
Norm of RHS vector:      2.00e+00
Norm of matrix:          1.00e+00
Condition number:        4.00e+00

Minimum eigenvalue:      +2.50e-01

RHS vector transpose:    [+0.527 +1.082 +0.977 +0.767 +0.900 +0.447 +0.000]

Coffcient matrix:        [[+0.616 +0.129 +0.046 -0.022 +0.046 +0.199 +0.158]
                          [+0.129 +0.760 +0.023 -0.057 +0.016 +0.034 -0.097]
                          [+0.046 +0.023 +0.723 -0.069 +0.100 +0.018 -0.079]
                          [-0.022 -0.057 -0.069 +0.629 +0.037 +0.045 +0.034]
                          [+0.046 +0.016 +0.100 +0.037 +0.597 +0.098 +0.021]
                          [+0.199 +0.034 +0.018 +0.045 +0.098 +0.560 +0.238]
                          [+0.158 -0.097 -0.079 +0.034 +0.021 +0.238 +0.490]]

------------- Modified linear system Information ------------
Norm of RHS vector:      1.00e+00
Norm of matrix:          5.00e-01
Condition number:        4.00e+00

Norm of difference:      2.01e+00
Norm of residual:        1.39e+00

------------------- Parameters of the QLSA ------------------
HHL method:              2
num_qubits:              8
Is simulator:            True

-------------------- Results of the QLSA --------------------
Quantum solution:        [+1.207 +0.741 +0.815 +0.159 +0.579 +0.803 +0.746]
Exact solution:          [+0.336 +1.421 +1.277 +1.413 +1.105 +0.185 +0.144]

Norm of difference:      2.01e+00
Norm of residual:        1.39e+00
Is sign changed:         False
Time (s):                1.84e+01
=============================================================
