
--------------- Linear optimization problem characteristics ---------------
Seed:                    25
Number of variables:     10
Number of constraints:   10

Norm of primal sol:      3.53e+00
Norm of dual sol:        1.00e+01
Norm of dual slacks:     5.00e+00

Norm of vector b:        2.00e+00
Norm of vector c:        7.15e+00

Norm of matrix A:        1.00e+00
Condition number:        4.00e+00

----------------------- Linear optimization problem -----------------------
Coeff matrix A:          [[+0.534 -0.036 -0.073 -0.033 -0.023 +0.032 -0.093 +0.125 +0.028 +0.021]
                          [-0.036 +0.615 -0.088 -0.067 -0.081 -0.077 -0.033 +0.100 +0.053 +0.059]
                          [-0.073 -0.088 +0.756 -0.089 -0.033 -0.023 -0.030 -0.020 -0.065 +0.035]
                          [-0.033 -0.067 -0.089 +0.700 -0.018 +0.063 +0.037 +0.080 -0.014 -0.082]
                          [-0.023 -0.081 -0.033 -0.018 +0.671 -0.008 +0.066 -0.065 -0.110 -0.158]
                          [+0.032 -0.077 -0.023 +0.063 -0.008 +0.690 -0.071 +0.079 -0.062 +0.092]
                          [-0.093 -0.033 -0.030 +0.037 +0.066 -0.071 +0.410 -0.133 +0.077 +0.091]
                          [+0.125 +0.100 -0.020 +0.080 -0.065 +0.079 -0.133 +0.593 -0.026 +0.005]
                          [+0.028 +0.053 -0.065 -0.014 -0.110 -0.062 +0.077 -0.026 +0.690 +0.166]
                          [+0.021 +0.059 +0.035 -0.082 -0.158 +0.092 +0.091 +0.005 +0.166 +0.590]]

RHS vector b:            [+0.954 +0.718 +0.024 +0.135 +0.209 +0.115 +0.483 +0.703 +1.048 +0.821]
Obj vector c:            [+2.974 -0.623 +1.252 +1.807 -2.376 +2.059 +1.095 +3.208 +1.185 +3.787]

---------------------------- Optimal solution -----------------------------
Primal variables:         [+1.947 +1.303 +0.624 +0.416 +0.920 +0.263 +1.533 +0.979 +1.244 +0.821]
Dual slacks:              [+2.754 +1.843 +0.882 +0.588 +1.301 +0.371 +2.168 +1.385 +1.760 +1.162]
Dual variables:           [-1.402 -5.556 -0.761 +1.227 -4.854 +0.298 -2.498 +2.860 -1.918 +4.830]

Optimal objective:       +1.42701664e+01
===========================================================================

[F[K 
----------------- Linear system Information -----------------
Norm of RHS vector:      2.00e+00
Norm of matrix:          1.00e+00
Condition number:        4.00e+00

Minimum eigenvalue:      +2.50e-01

RHS vector transpose:    [+0.954 +0.718 +0.024 +0.135 +0.209 +0.115 +0.483 +0.703 +1.048 +0.821]

Coffcient matrix:        [[+0.534 -0.036 -0.073 -0.033 -0.023 +0.032 -0.093 +0.125 +0.028 +0.021]
                          [-0.036 +0.615 -0.088 -0.067 -0.081 -0.077 -0.033 +0.100 +0.053 +0.059]
                          [-0.073 -0.088 +0.756 -0.089 -0.033 -0.023 -0.030 -0.020 -0.065 +0.035]
                          [-0.033 -0.067 -0.089 +0.700 -0.018 +0.063 +0.037 +0.080 -0.014 -0.082]
                          [-0.023 -0.081 -0.033 -0.018 +0.671 -0.008 +0.066 -0.065 -0.110 -0.158]
                          [+0.032 -0.077 -0.023 +0.063 -0.008 +0.690 -0.071 +0.079 -0.062 +0.092]
                          [-0.093 -0.033 -0.030 +0.037 +0.066 -0.071 +0.410 -0.133 +0.077 +0.091]
                          [+0.125 +0.100 -0.020 +0.080 -0.065 +0.079 -0.133 +0.593 -0.026 +0.005]
                          [+0.028 +0.053 -0.065 -0.014 -0.110 -0.062 +0.077 -0.026 +0.690 +0.166]
                          [+0.021 +0.059 +0.035 -0.082 -0.158 +0.092 +0.091 +0.005 +0.166 +0.590]]

------------- Modified linear system Information ------------
Norm of RHS vector:      1.00e+00
Norm of matrix:          5.00e-01
Condition number:        4.00e+00

Norm of difference:      3.38e+00
Norm of residual:        2.67e+00

------------------- Parameters of the QLSA ------------------
HHL method:              2
num_qubits:              10
Is simulator:            True

-------------------- Results of the QLSA --------------------
Quantum solution:        [-0.020 +0.076 +1.243 +0.763 +2.610 -0.411 +0.829 +1.485 +0.211 +0.161]
Exact solution:          [+1.947 +1.303 +0.624 +0.416 +0.920 +0.263 +1.533 +0.979 +1.244 +0.821]

Norm of difference:      3.38e+00
Norm of residual:        2.67e+00
Is sign changed:         False
Time (s):                2.00e+02
=============================================================
