
--------------- Linear optimization problem characteristics ---------------
Seed:                    70
Number of variables:     8
Number of constraints:   8

Norm of primal sol:      2.40e+00
Norm of dual sol:        1.00e+01
Norm of dual slacks:     5.00e+00

Norm of vector b:        2.00e+00
Norm of vector c:        5.76e+00

Norm of matrix A:        1.00e+00
Condition number:        4.00e+00

----------------------- Linear optimization problem -----------------------
Coeff matrix A:          [[+0.769 +0.034 -0.007 +0.089 -0.083 -0.019 -0.079 -0.068]
                          [+0.034 +0.572 +0.058 +0.018 +0.007 -0.030 +0.024 +0.161]
                          [-0.007 +0.058 +0.449 +0.154 +0.172 +0.025 +0.003 -0.113]
                          [+0.089 +0.018 +0.154 +0.724 +0.137 -0.024 +0.077 -0.062]
                          [-0.083 +0.007 +0.172 +0.137 +0.605 -0.161 +0.023 -0.080]
                          [-0.019 -0.030 +0.025 -0.024 -0.161 +0.563 +0.036 +0.034]
                          [-0.079 +0.024 +0.003 +0.077 +0.023 +0.036 +0.747 +0.092]
                          [-0.068 +0.161 -0.113 -0.062 -0.080 +0.034 +0.092 +0.571]]

RHS vector b:            [+0.849 +0.820 +0.561 +1.132 +0.376 +0.034 +0.875 +0.321]
Obj vector c:            [+2.225 +2.054 -0.384 -1.377 +0.860 -1.707 -3.466 +2.520]

---------------------------- Optimal solution -----------------------------
Primal variables:         [+1.138 +1.070 +0.717 +1.110 +0.389 +0.182 +1.055 +0.532]
Dual slacks:              [+2.369 +2.228 +1.493 +2.312 +0.809 +0.378 +2.196 +1.108]
Dual variables:           [-0.106 -0.776 -2.239 -3.890 +1.494 -3.109 -7.466 +3.406]

Optimal objective:       +6.37621022e-01
===========================================================================


----------------- Linear system Information -----------------
Norm of RHS vector:      2.00e+00
Norm of matrix:          1.00e+00
Condition number:        4.00e+00

Minimum eigenvalue:      +2.50e-01

RHS vector transpose:    [+0.849 +0.820 +0.561 +1.132 +0.376 +0.034 +0.875 +0.321]

Coffcient matrix:        [[+0.769 +0.034 -0.007 +0.089 -0.083 -0.019 -0.079 -0.068]
                          [+0.034 +0.572 +0.058 +0.018 +0.007 -0.030 +0.024 +0.161]
                          [-0.007 +0.058 +0.449 +0.154 +0.172 +0.025 +0.003 -0.113]
                          [+0.089 +0.018 +0.154 +0.724 +0.137 -0.024 +0.077 -0.062]
                          [-0.083 +0.007 +0.172 +0.137 +0.605 -0.161 +0.023 -0.080]
                          [-0.019 -0.030 +0.025 -0.024 -0.161 +0.563 +0.036 +0.034]
                          [-0.079 +0.024 +0.003 +0.077 +0.023 +0.036 +0.747 +0.092]
                          [-0.068 +0.161 -0.113 -0.062 -0.080 +0.034 +0.092 +0.571]]

------------- Modified linear system Information ------------
Norm of RHS vector:      1.00e+00
Norm of matrix:          5.00e-01
Condition number:        4.00e+00

Norm of difference:      3.00e+00
Norm of residual:        2.52e+00

------------------- Parameters of the QLSA ------------------
HHL method:              2
num_qubits:              8
Is simulator:            True

-------------------- Results of the QLSA --------------------
Quantum solution:        [+0.728 +1.248 -0.884 +0.292 -1.881 -0.066 +0.481 +0.511]
Exact solution:          [+1.138 +1.070 +0.717 +1.110 +0.389 +0.182 +1.055 +0.532]

Norm of difference:      3.00e+00
Norm of residual:        2.52e+00
Is sign changed:         False
Time (s):                1.81e+01
=============================================================
