
--------------- Linear optimization problem characteristics ---------------
Seed:                    17
Number of variables:     10
Number of constraints:   10

Norm of primal sol:      2.46e+00
Norm of dual sol:        1.00e+01
Norm of dual slacks:     5.00e+00

Norm of vector b:        2.00e+00
Norm of vector c:        6.69e+00

Norm of matrix A:        1.00e+00
Condition number:        4.00e+00

----------------------- Linear optimization problem -----------------------
Coeff matrix A:          [[+0.721 +0.010 -0.074 -0.009 -0.035 +0.020 +0.006 -0.088 +0.026 +0.019]
                          [+0.010 +0.603 +0.101 -0.061 -0.045 -0.004 +0.142 +0.141 +0.061 +0.108]
                          [-0.074 +0.101 +0.638 -0.125 +0.019 +0.048 +0.017 +0.020 -0.012 -0.028]
                          [-0.009 -0.061 -0.125 +0.694 -0.089 -0.045 -0.103 +0.028 +0.117 -0.046]
                          [-0.035 -0.045 +0.019 -0.089 +0.685 +0.055 -0.040 +0.144 +0.021 +0.123]
                          [+0.020 -0.004 +0.048 -0.045 +0.055 +0.622 -0.025 -0.007 -0.178 -0.095]
                          [+0.006 +0.142 +0.017 -0.103 -0.040 -0.025 +0.541 +0.032 +0.056 +0.154]
                          [-0.088 +0.141 +0.020 +0.028 +0.144 -0.007 +0.032 +0.595 +0.117 -0.033]
                          [+0.026 +0.061 -0.012 +0.117 +0.021 -0.178 +0.056 +0.117 +0.563 -0.037]
                          [+0.019 +0.108 -0.028 -0.046 +0.123 -0.095 +0.154 -0.033 -0.037 +0.587]]

RHS vector b:            [+0.242 +0.827 +0.328 -0.278 +1.032 +0.646 +0.718 +0.835 +0.093 +0.607]
Obj vector c:            [+3.970 -0.623 +1.813 +3.072 -0.873 +3.203 +1.251 +1.025 +0.140 -1.471]

---------------------------- Optimal solution -----------------------------
Primal variables:         [+0.475 +0.855 +0.309 +0.109 +1.268 +1.057 +1.027 +0.927 +0.063 +0.576]
Dual slacks:              [+0.966 +1.739 +0.628 +0.223 +2.579 +2.151 +2.090 +1.887 +0.128 +1.173]
Dual variables:           [+4.570 -4.511 +3.732 +3.868 -4.602 +1.563 +0.531 +1.000 -0.169 -2.225]

Optimal objective:       +5.92256383e+00
===========================================================================

[F[K 
----------------- Linear system Information -----------------
Norm of RHS vector:      2.00e+00
Norm of matrix:          1.00e+00
Condition number:        4.00e+00

Minimum eigenvalue:      +2.50e-01

RHS vector transpose:    [+0.242 +0.827 +0.328 -0.278 +1.032 +0.646 +0.718 +0.835 +0.093 +0.607]

Coffcient matrix:        [[+0.721 +0.010 -0.074 -0.009 -0.035 +0.020 +0.006 -0.088 +0.026 +0.019]
                          [+0.010 +0.603 +0.101 -0.061 -0.045 -0.004 +0.142 +0.141 +0.061 +0.108]
                          [-0.074 +0.101 +0.638 -0.125 +0.019 +0.048 +0.017 +0.020 -0.012 -0.028]
                          [-0.009 -0.061 -0.125 +0.694 -0.089 -0.045 -0.103 +0.028 +0.117 -0.046]
                          [-0.035 -0.045 +0.019 -0.089 +0.685 +0.055 -0.040 +0.144 +0.021 +0.123]
                          [+0.020 -0.004 +0.048 -0.045 +0.055 +0.622 -0.025 -0.007 -0.178 -0.095]
                          [+0.006 +0.142 +0.017 -0.103 -0.040 -0.025 +0.541 +0.032 +0.056 +0.154]
                          [-0.088 +0.141 +0.020 +0.028 +0.144 -0.007 +0.032 +0.595 +0.117 -0.033]
                          [+0.026 +0.061 -0.012 +0.117 +0.021 -0.178 +0.056 +0.117 +0.563 -0.037]
                          [+0.019 +0.108 -0.028 -0.046 +0.123 -0.095 +0.154 -0.033 -0.037 +0.587]]

------------- Modified linear system Information ------------
Norm of RHS vector:      1.00e+00
Norm of matrix:          5.00e-01
Condition number:        4.00e+00

Norm of difference:      1.64e+00
Norm of residual:        1.02e+00

------------------- Parameters of the QLSA ------------------
HHL method:              2
num_qubits:              10
Is simulator:            True

-------------------- Results of the QLSA --------------------
Quantum solution:        [-0.014 +0.385 +0.105 -0.721 +1.500 +0.038 +0.598 +0.644 +0.096 +0.965]
Exact solution:          [+0.475 +0.855 +0.309 +0.109 +1.268 +1.057 +1.027 +0.927 +0.063 +0.576]

Norm of difference:      1.64e+00
Norm of residual:        1.02e+00
Is sign changed:         True
Time (s):                1.98e+02
=============================================================
