
--------------- Linear optimization problem characteristics ---------------
Seed:                    76
Number of variables:     9
Number of constraints:   9

Norm of primal sol:      3.08e+00
Norm of dual sol:        1.00e+01
Norm of dual slacks:     5.00e+00

Norm of vector b:        2.00e+00
Norm of vector c:        1.00e+01

Norm of matrix A:        1.00e+00
Condition number:        4.00e+00

----------------------- Linear optimization problem -----------------------
Coeff matrix A:          [[+0.720 -0.057 +0.032 +0.045 +0.065 +0.005 -0.139 +0.021 +0.058]
                          [-0.057 +0.694 +0.003 +0.253 +0.057 -0.007 +0.025 -0.074 -0.042]
                          [+0.032 +0.003 +0.642 +0.058 -0.042 +0.110 -0.071 -0.102 -0.106]
                          [+0.045 +0.253 +0.058 +0.645 -0.025 -0.017 +0.109 +0.021 -0.124]
                          [+0.065 +0.057 -0.042 -0.025 +0.449 -0.027 -0.010 +0.177 -0.011]
                          [+0.005 -0.007 +0.110 -0.017 -0.027 +0.680 -0.020 -0.070 +0.087]
                          [-0.139 +0.025 -0.071 +0.109 -0.010 -0.020 +0.522 +0.045 +0.072]
                          [+0.021 -0.074 -0.102 +0.021 +0.177 -0.070 +0.045 +0.650 +0.004]
                          [+0.058 -0.042 -0.106 -0.124 -0.011 +0.087 +0.072 +0.004 +0.625]]

RHS vector b:            [+0.188 +0.936 +0.309 +0.758 +0.359 +1.031 +0.759 +0.779 +0.207]
Obj vector c:            [+2.055 +5.335 -1.105 +2.479 -0.641 +5.045 +4.924 -0.129 +3.270]

---------------------------- Optimal solution -----------------------------
Primal variables:         [+0.524 +1.382 +0.565 +0.327 +0.186 +1.624 +1.460 +1.438 +0.134]
Dual slacks:              [+0.851 +2.242 +0.916 +0.530 +0.302 +2.634 +2.368 +2.333 +0.218]
Dual variables:           [+2.826 +3.904 -3.628 +1.694 -1.415 +3.441 +4.539 -3.651 +3.600]

Optimal objective:       +2.41473828e+01
===========================================================================

[F[K 
----------------- Linear system Information -----------------
Norm of RHS vector:      2.00e+00
Norm of matrix:          1.00e+00
Condition number:        4.00e+00

Minimum eigenvalue:      +2.50e-01

RHS vector transpose:    [+0.188 +0.936 +0.309 +0.758 +0.359 +1.031 +0.759 +0.779 +0.207]

Coffcient matrix:        [[+0.720 -0.057 +0.032 +0.045 +0.065 +0.005 -0.139 +0.021 +0.058]
                          [-0.057 +0.694 +0.003 +0.253 +0.057 -0.007 +0.025 -0.074 -0.042]
                          [+0.032 +0.003 +0.642 +0.058 -0.042 +0.110 -0.071 -0.102 -0.106]
                          [+0.045 +0.253 +0.058 +0.645 -0.025 -0.017 +0.109 +0.021 -0.124]
                          [+0.065 +0.057 -0.042 -0.025 +0.449 -0.027 -0.010 +0.177 -0.011]
                          [+0.005 -0.007 +0.110 -0.017 -0.027 +0.680 -0.020 -0.070 +0.087]
                          [-0.139 +0.025 -0.071 +0.109 -0.010 -0.020 +0.522 +0.045 +0.072]
                          [+0.021 -0.074 -0.102 +0.021 +0.177 -0.070 +0.045 +0.650 +0.004]
                          [+0.058 -0.042 -0.106 -0.124 -0.011 +0.087 +0.072 +0.004 +0.625]]

------------- Modified linear system Information ------------
Norm of RHS vector:      1.00e+00
Norm of matrix:          5.00e-01
Condition number:        4.00e+00

Norm of difference:      3.76e+00
Norm of residual:        1.78e+00

------------------- Parameters of the QLSA ------------------
HHL method:              2
num_qubits:              10
Is simulator:            True

-------------------- Results of the QLSA --------------------
Quantum solution:        [-0.275 +1.058 -0.022 +1.983 +0.030 +0.561 -0.459 -0.646 +1.193]
Exact solution:          [+0.524 +1.382 +0.565 +0.327 +0.186 +1.624 +1.460 +1.438 +0.134]

Norm of difference:      3.76e+00
Norm of residual:        1.78e+00
Is sign changed:         True
Time (s):                2.00e+02
=============================================================
