
--------------- Linear optimization problem characteristics ---------------
Seed:                    56
Number of variables:     10
Number of constraints:   10

Norm of primal sol:      3.05e+00
Norm of dual sol:        1.00e+01
Norm of dual slacks:     5.00e+00

Norm of vector b:        2.00e+00
Norm of vector c:        8.84e+00

Norm of matrix A:        1.00e+00
Condition number:        4.00e+00

----------------------- Linear optimization problem -----------------------
Coeff matrix A:          [[+0.558 +0.013 +0.091 -0.060 +0.102 +0.085 -0.015 -0.037 -0.022 -0.010]
                          [+0.013 +0.718 -0.051 +0.013 -0.136 +0.016 -0.031 +0.035 +0.039 -0.071]
                          [+0.091 -0.051 +0.489 +0.167 +0.084 -0.081 -0.072 +0.020 +0.052 +0.176]
                          [-0.060 +0.013 +0.167 +0.563 -0.057 -0.127 -0.033 +0.110 +0.021 +0.048]
                          [+0.102 -0.136 +0.084 -0.057 +0.663 +0.101 -0.079 -0.018 +0.043 -0.087]
                          [+0.085 +0.016 -0.081 -0.127 +0.101 +0.630 -0.006 +0.085 -0.094 -0.076]
                          [-0.015 -0.031 -0.072 -0.033 -0.079 -0.006 +0.659 +0.016 -0.043 +0.001]
                          [-0.037 +0.035 +0.020 +0.110 -0.018 +0.085 +0.016 +0.533 -0.122 -0.095]
                          [-0.022 +0.039 +0.052 +0.021 +0.043 -0.094 -0.043 -0.122 +0.757 -0.015]
                          [-0.010 -0.071 +0.176 +0.048 -0.087 -0.076 +0.001 -0.095 -0.015 +0.680]]

RHS vector b:            [+1.073 +0.323 +0.816 +0.201 +0.635 +0.781 +0.034 +0.287 +0.908 +0.342]
Obj vector c:            [+2.307 -3.379 +3.367 -1.697 +2.403 +2.197 +3.104 -0.904 +1.902 +4.750]

---------------------------- Optimal solution -----------------------------
Primal variables:         [+1.591 +0.539 +1.089 +0.317 +0.573 +1.315 +0.401 +0.741 +1.418 +0.633]
Dual slacks:              [+2.610 +0.884 +1.787 +0.521 +0.940 +2.157 +0.657 +1.216 +2.327 +1.039]
Dual variables:           [-1.916 -4.518 +3.684 -4.450 +1.626 +0.546 +3.855 -2.587 -0.652 +4.198]

Optimal objective:       +1.55217663e+01
===========================================================================

[F[K 
----------------- Linear system Information -----------------
Norm of RHS vector:      2.00e+00
Norm of matrix:          1.00e+00
Condition number:        4.00e+00

Minimum eigenvalue:      +2.50e-01

RHS vector transpose:    [+1.073 +0.323 +0.816 +0.201 +0.635 +0.781 +0.034 +0.287 +0.908 +0.342]

Coffcient matrix:        [[+0.558 +0.013 +0.091 -0.060 +0.102 +0.085 -0.015 -0.037 -0.022 -0.010]
                          [+0.013 +0.718 -0.051 +0.013 -0.136 +0.016 -0.031 +0.035 +0.039 -0.071]
                          [+0.091 -0.051 +0.489 +0.167 +0.084 -0.081 -0.072 +0.020 +0.052 +0.176]
                          [-0.060 +0.013 +0.167 +0.563 -0.057 -0.127 -0.033 +0.110 +0.021 +0.048]
                          [+0.102 -0.136 +0.084 -0.057 +0.663 +0.101 -0.079 -0.018 +0.043 -0.087]
                          [+0.085 +0.016 -0.081 -0.127 +0.101 +0.630 -0.006 +0.085 -0.094 -0.076]
                          [-0.015 -0.031 -0.072 -0.033 -0.079 -0.006 +0.659 +0.016 -0.043 +0.001]
                          [-0.037 +0.035 +0.020 +0.110 -0.018 +0.085 +0.016 +0.533 -0.122 -0.095]
                          [-0.022 +0.039 +0.052 +0.021 +0.043 -0.094 -0.043 -0.122 +0.757 -0.015]
                          [-0.010 -0.071 +0.176 +0.048 -0.087 -0.076 +0.001 -0.095 -0.015 +0.680]]

------------- Modified linear system Information ------------
Norm of RHS vector:      1.00e+00
Norm of matrix:          5.00e-01
Condition number:        4.00e+00

Norm of difference:      3.69e+00
Norm of residual:        2.71e+00

------------------- Parameters of the QLSA ------------------
HHL method:              2
num_qubits:              10
Is simulator:            True

-------------------- Results of the QLSA --------------------
Quantum solution:        [+0.494 -1.582 +0.505 -0.072 +0.522 +0.021 +1.370 -0.125 -0.589 +0.845]
Exact solution:          [+1.591 +0.539 +1.089 +0.317 +0.573 +1.315 +0.401 +0.741 +1.418 +0.633]

Norm of difference:      3.69e+00
Norm of residual:        2.71e+00
Is sign changed:         False
Time (s):                1.98e+02
=============================================================
