
--------------- Linear optimization problem characteristics ---------------
Seed:                    87
Number of variables:     8
Number of constraints:   8

Norm of primal sol:      3.35e+00
Norm of dual sol:        1.00e+01
Norm of dual slacks:     5.00e+00

Norm of vector b:        2.00e+00
Norm of vector c:        9.65e+00

Norm of matrix A:        1.00e+00
Condition number:        4.00e+00

----------------------- Linear optimization problem -----------------------
Coeff matrix A:          [[+0.610 -0.073 -0.138 -0.024 +0.055 +0.031 -0.018 +0.072]
                          [-0.073 +0.701 +0.028 -0.003 -0.138 -0.034 +0.074 +0.057]
                          [-0.138 +0.028 +0.567 -0.191 +0.098 -0.072 +0.101 -0.025]
                          [-0.024 -0.003 -0.191 +0.699 -0.086 -0.146 -0.123 -0.117]
                          [+0.055 -0.138 +0.098 -0.086 +0.525 +0.032 +0.010 -0.067]
                          [+0.031 -0.034 -0.072 -0.146 +0.032 +0.535 -0.120 -0.125]
                          [-0.018 +0.074 +0.101 -0.123 +0.010 -0.120 +0.685 +0.046]
                          [+0.072 +0.057 -0.025 -0.117 -0.067 -0.125 +0.046 +0.679]]

RHS vector b:            [+0.468 +1.129 +0.790 -0.736 +0.174 +0.373 +0.762 +0.768]
Obj vector c:            [+5.108 +4.087 +2.949 -1.693 -1.654 +0.946 +1.329 +5.769]

---------------------------- Optimal solution -----------------------------
Primal variables:         [+1.110 +1.615 +1.642 +0.165 +0.407 +1.469 +0.926 +1.216]
Dual slacks:              [+1.656 +2.410 +2.451 +0.247 +0.608 +2.193 +1.382 +1.815]
Dual variables:           [+6.360 +1.749 +2.493 -2.481 -4.737 -2.055 -1.466 +3.913]

Optimal objective:       +2.57931589e+01
===========================================================================


----------------- Linear system Information -----------------
Norm of RHS vector:      2.00e+00
Norm of matrix:          1.00e+00
Condition number:        4.00e+00

Minimum eigenvalue:      +2.50e-01

RHS vector transpose:    [+0.468 +1.129 +0.790 -0.736 +0.174 +0.373 +0.762 +0.768]

Coffcient matrix:        [[+0.610 -0.073 -0.138 -0.024 +0.055 +0.031 -0.018 +0.072]
                          [-0.073 +0.701 +0.028 -0.003 -0.138 -0.034 +0.074 +0.057]
                          [-0.138 +0.028 +0.567 -0.191 +0.098 -0.072 +0.101 -0.025]
                          [-0.024 -0.003 -0.191 +0.699 -0.086 -0.146 -0.123 -0.117]
                          [+0.055 -0.138 +0.098 -0.086 +0.525 +0.032 +0.010 -0.067]
                          [+0.031 -0.034 -0.072 -0.146 +0.032 +0.535 -0.120 -0.125]
                          [-0.018 +0.074 +0.101 -0.123 +0.010 -0.120 +0.685 +0.046]
                          [+0.072 +0.057 -0.025 -0.117 -0.067 -0.125 +0.046 +0.679]]

------------- Modified linear system Information ------------
Norm of RHS vector:      1.00e+00
Norm of matrix:          5.00e-01
Condition number:        4.00e+00

Norm of difference:      2.88e+00
Norm of residual:        1.26e+00

------------------- Parameters of the QLSA ------------------
HHL method:              2
num_qubits:              8
Is simulator:            True

-------------------- Results of the QLSA --------------------
Quantum solution:        [-0.313 +0.567 +0.950 -1.085 +0.080 -0.132 +1.091 +0.553]
Exact solution:          [+1.110 +1.615 +1.642 +0.165 +0.407 +1.469 +0.926 +1.216]

Norm of difference:      2.88e+00
Norm of residual:        1.26e+00
Is sign changed:         True
Time (s):                1.89e+01
=============================================================
