
--------------- Linear optimization problem characteristics ---------------
Seed:                    54
Number of variables:     8
Number of constraints:   8

Norm of primal sol:      3.61e+00
Norm of dual sol:        1.00e+01
Norm of dual slacks:     5.00e+00

Norm of vector b:        2.00e+00
Norm of vector c:        9.74e+00

Norm of matrix A:        1.00e+00
Condition number:        4.00e+00

----------------------- Linear optimization problem -----------------------
Coeff matrix A:          [[+0.515 +0.038 -0.101 -0.083 +0.165 +0.024 +0.028 +0.019]
                          [+0.038 +0.667 +0.136 -0.048 +0.013 -0.111 +0.030 +0.014]
                          [-0.101 +0.136 +0.579 -0.022 -0.062 -0.012 +0.063 +0.018]
                          [-0.083 -0.048 -0.022 +0.704 -0.143 -0.143 +0.114 +0.019]
                          [+0.165 +0.013 -0.062 -0.143 +0.533 -0.111 +0.176 -0.077]
                          [+0.024 -0.111 -0.012 -0.143 -0.111 +0.621 -0.155 -0.048]
                          [+0.028 +0.030 +0.063 +0.114 +0.176 -0.155 +0.700 +0.031]
                          [+0.019 +0.014 +0.018 +0.019 -0.077 -0.048 +0.031 +0.681]]

RHS vector b:            [+0.500 +0.404 +0.334 +0.595 -0.070 +0.723 +1.149 +1.128]
Obj vector c:            [+1.972 -3.193 -0.836 +1.201 -2.046 +5.836 +2.060 +6.016]

---------------------------- Optimal solution -----------------------------
Primal variables:         [+0.911 +0.787 +0.401 +1.124 +0.019 +2.101 +1.737 +1.642]
Dual slacks:              [+1.263 +1.092 +0.556 +1.558 +0.026 +2.913 +2.409 +2.277]
Dual variables:           [+2.153 -5.905 -1.361 -1.195 -3.897 +3.353 +1.465 +5.352]

Optimal objective:       +2.59730680e+01
===========================================================================


----------------- Linear system Information -----------------
Norm of RHS vector:      2.00e+00
Norm of matrix:          1.00e+00
Condition number:        4.00e+00

Minimum eigenvalue:      +2.50e-01

RHS vector transpose:    [+0.500 +0.404 +0.334 +0.595 -0.070 +0.723 +1.149 +1.128]

Coffcient matrix:        [[+0.515 +0.038 -0.101 -0.083 +0.165 +0.024 +0.028 +0.019]
                          [+0.038 +0.667 +0.136 -0.048 +0.013 -0.111 +0.030 +0.014]
                          [-0.101 +0.136 +0.579 -0.022 -0.062 -0.012 +0.063 +0.018]
                          [-0.083 -0.048 -0.022 +0.704 -0.143 -0.143 +0.114 +0.019]
                          [+0.165 +0.013 -0.062 -0.143 +0.533 -0.111 +0.176 -0.077]
                          [+0.024 -0.111 -0.012 -0.143 -0.111 +0.621 -0.155 -0.048]
                          [+0.028 +0.030 +0.063 +0.114 +0.176 -0.155 +0.700 +0.031]
                          [+0.019 +0.014 +0.018 +0.019 -0.077 -0.048 +0.031 +0.681]]

------------- Modified linear system Information ------------
Norm of RHS vector:      1.00e+00
Norm of matrix:          5.00e-01
Condition number:        4.00e+00

Norm of difference:      2.81e+00
Norm of residual:        2.44e+00

------------------- Parameters of the QLSA ------------------
HHL method:              2
num_qubits:              8
Is simulator:            True

-------------------- Results of the QLSA --------------------
Quantum solution:        [+1.547 +0.197 -0.126 +0.398 -0.632 +2.883 +0.388 -0.219]
Exact solution:          [+0.911 +0.787 +0.401 +1.124 +0.019 +2.101 +1.737 +1.642]

Norm of difference:      2.81e+00
Norm of residual:        2.44e+00
Is sign changed:         True
Time (s):                1.82e+01
=============================================================
