
--------------- Linear optimization problem characteristics ---------------
Seed:                    87
Number of variables:     7
Number of constraints:   7

Norm of primal sol:      2.94e+00
Norm of dual sol:        1.00e+01
Norm of dual slacks:     5.00e+00

Norm of vector b:        2.00e+00
Norm of vector c:        8.94e+00

Norm of matrix A:        1.00e+00
Condition number:        4.00e+00

----------------------- Linear optimization problem -----------------------
Coeff matrix A:          [[+0.664 -0.051 -0.063 +0.136 -0.019 +0.048 +0.138]
                          [-0.051 +0.707 -0.030 -0.133 +0.025 -0.145 +0.004]
                          [-0.063 -0.030 +0.762 +0.059 +0.084 +0.096 +0.058]
                          [+0.136 -0.133 +0.059 +0.534 +0.093 +0.084 +0.026]
                          [-0.019 +0.025 +0.084 +0.093 +0.493 +0.103 -0.216]
                          [+0.048 -0.145 +0.096 +0.084 +0.103 +0.657 -0.076]
                          [+0.138 +0.004 +0.058 +0.026 -0.216 -0.076 +0.557]]

RHS vector b:            [+0.719 +0.767 +1.290 +0.289 +0.306 +0.872 +0.541]
Obj vector c:            [+3.446 +7.312 +2.949 +0.630 -0.168 -1.374 +1.891]

---------------------------- Optimal solution -----------------------------
Primal variables:         [+1.044 +1.519 +1.545 +0.156 +0.383 +1.382 +0.871]
Dual slacks:              [+1.778 +2.587 +2.630 +0.265 +0.652 +2.353 +1.483]
Dual variables:           [+3.390 +6.586 +1.811 +2.581 -2.570 -4.906 -2.128]

Optimal objective:       +1.90433438e+01
===========================================================================

[F[K 
----------------- Linear system Information -----------------
Norm of RHS vector:      2.00e+00
Norm of matrix:          1.00e+00
Condition number:        4.00e+00

Minimum eigenvalue:      +2.50e-01

RHS vector transpose:    [+0.719 +0.767 +1.290 +0.289 +0.306 +0.872 +0.541]

Coffcient matrix:        [[+0.664 -0.051 -0.063 +0.136 -0.019 +0.048 +0.138]
                          [-0.051 +0.707 -0.030 -0.133 +0.025 -0.145 +0.004]
                          [-0.063 -0.030 +0.762 +0.059 +0.084 +0.096 +0.058]
                          [+0.136 -0.133 +0.059 +0.534 +0.093 +0.084 +0.026]
                          [-0.019 +0.025 +0.084 +0.093 +0.493 +0.103 -0.216]
                          [+0.048 -0.145 +0.096 +0.084 +0.103 +0.657 -0.076]
                          [+0.138 +0.004 +0.058 +0.026 -0.216 -0.076 +0.557]]

------------- Modified linear system Information ------------
Norm of RHS vector:      1.00e+00
Norm of matrix:          5.00e-01
Condition number:        4.00e+00

Norm of difference:      4.02e+00
Norm of residual:        2.72e+00

------------------- Parameters of the QLSA ------------------
HHL method:              2
num_qubits:              8
Is simulator:            True

-------------------- Results of the QLSA --------------------
Quantum solution:        [+1.031 +1.691 -0.867 +1.551 +1.509 -0.837 -0.598]
Exact solution:          [+1.044 +1.519 +1.545 +0.156 +0.383 +1.382 +0.871]

Norm of difference:      4.02e+00
Norm of residual:        2.72e+00
Is sign changed:         True
Time (s):                1.78e+01
=============================================================
