
--------------- Linear optimization problem characteristics ---------------
Seed:                    58
Number of variables:     10
Number of constraints:   10

Norm of primal sol:      2.49e+00
Norm of dual sol:        1.00e+01
Norm of dual slacks:     5.00e+00

Norm of vector b:        2.00e+00
Norm of vector c:        7.45e+00

Norm of matrix A:        1.00e+00
Condition number:        4.00e+00

----------------------- Linear optimization problem -----------------------
Coeff matrix A:          [[+0.520 -0.009 -0.069 -0.051 +0.047 +0.028 +0.077 +0.195 -0.003 -0.037]
                          [-0.009 +0.485 +0.057 +0.046 +0.029 -0.067 +0.049 +0.056 +0.073 +0.221]
                          [-0.069 +0.057 +0.685 -0.009 -0.005 -0.035 +0.022 -0.056 -0.093 +0.159]
                          [-0.051 +0.046 -0.009 +0.657 +0.024 -0.074 -0.087 +0.012 -0.091 -0.118]
                          [+0.047 +0.029 -0.005 +0.024 +0.581 -0.059 +0.057 -0.063 +0.029 -0.024]
                          [+0.028 -0.067 -0.035 -0.074 -0.059 +0.697 +0.037 -0.075 -0.078 +0.081]
                          [+0.077 +0.049 +0.022 -0.087 +0.057 +0.037 +0.622 +0.024 -0.065 +0.113]
                          [+0.195 +0.056 -0.056 +0.012 -0.063 -0.075 +0.024 +0.699 +0.083 -0.042]
                          [-0.003 +0.073 -0.093 -0.091 +0.029 -0.078 -0.065 +0.083 +0.703 +0.013]
                          [-0.037 +0.221 +0.159 -0.118 -0.024 +0.081 +0.113 -0.042 +0.013 +0.601]]

RHS vector b:            [+0.357 +0.820 +0.578 -0.253 +0.501 +0.182 +0.526 +0.457 +0.844 +1.150]
Obj vector c:            [+2.594 +1.396 +0.112 +0.330 +3.737 +0.441 +2.955 -0.321 -0.997 +4.761]

---------------------------- Optimal solution -----------------------------
Primal variables:         [+0.540 +0.667 +0.733 +0.112 +0.845 +0.428 +0.457 +0.554 +1.206 +1.432]
Dual slacks:              [+1.083 +1.339 +1.472 +0.224 +1.696 +0.859 +0.916 +1.112 +2.421 +2.875]
Dual variables:           [+3.197 -1.320 -3.732 +0.524 +3.098 -2.213 +1.691 -2.252 -5.172 +4.966]

Optimal objective:       +1.25876408e+01
===========================================================================

[F[K 
----------------- Linear system Information -----------------
Norm of RHS vector:      2.00e+00
Norm of matrix:          1.00e+00
Condition number:        4.00e+00

Minimum eigenvalue:      +2.50e-01

RHS vector transpose:    [+0.357 +0.820 +0.578 -0.253 +0.501 +0.182 +0.526 +0.457 +0.844 +1.150]

Coffcient matrix:        [[+0.520 -0.009 -0.069 -0.051 +0.047 +0.028 +0.077 +0.195 -0.003 -0.037]
                          [-0.009 +0.485 +0.057 +0.046 +0.029 -0.067 +0.049 +0.056 +0.073 +0.221]
                          [-0.069 +0.057 +0.685 -0.009 -0.005 -0.035 +0.022 -0.056 -0.093 +0.159]
                          [-0.051 +0.046 -0.009 +0.657 +0.024 -0.074 -0.087 +0.012 -0.091 -0.118]
                          [+0.047 +0.029 -0.005 +0.024 +0.581 -0.059 +0.057 -0.063 +0.029 -0.024]
                          [+0.028 -0.067 -0.035 -0.074 -0.059 +0.697 +0.037 -0.075 -0.078 +0.081]
                          [+0.077 +0.049 +0.022 -0.087 +0.057 +0.037 +0.622 +0.024 -0.065 +0.113]
                          [+0.195 +0.056 -0.056 +0.012 -0.063 -0.075 +0.024 +0.699 +0.083 -0.042]
                          [-0.003 +0.073 -0.093 -0.091 +0.029 -0.078 -0.065 +0.083 +0.703 +0.013]
                          [-0.037 +0.221 +0.159 -0.118 -0.024 +0.081 +0.113 -0.042 +0.013 +0.601]]

------------- Modified linear system Information ------------
Norm of RHS vector:      1.00e+00
Norm of matrix:          5.00e-01
Condition number:        4.00e+00

Norm of difference:      1.66e+00
Norm of residual:        9.52e-01

------------------- Parameters of the QLSA ------------------
HHL method:              2
num_qubits:              10
Is simulator:            True

-------------------- Results of the QLSA --------------------
Quantum solution:        [+0.492 +0.783 +0.439 -0.823 -0.152 -0.027 +0.660 +0.935 +0.702 +1.083]
Exact solution:          [+0.540 +0.667 +0.733 +0.112 +0.845 +0.428 +0.457 +0.554 +1.206 +1.432]

Norm of difference:      1.66e+00
Norm of residual:        9.52e-01
Is sign changed:         False
Time (s):                1.98e+02
=============================================================
