
--------------- Linear optimization problem characteristics ---------------
Seed:                    81
Number of variables:     7
Number of constraints:   7

Norm of primal sol:      2.95e+00
Norm of dual sol:        1.00e+01
Norm of dual slacks:     5.00e+00

Norm of vector b:        2.00e+00
Norm of vector c:        9.14e+00

Norm of matrix A:        1.00e+00
Condition number:        4.00e+00

----------------------- Linear optimization problem -----------------------
Coeff matrix A:          [[+0.538 +0.113 -0.091 -0.062 -0.014 -0.169 +0.054]
                          [+0.113 +0.689 -0.126 -0.005 +0.180 +0.075 -0.037]
                          [-0.091 -0.126 +0.568 +0.056 +0.042 +0.017 +0.122]
                          [-0.062 -0.005 +0.056 +0.601 +0.051 -0.041 -0.014]
                          [-0.014 +0.180 +0.042 +0.051 +0.618 +0.194 -0.165]
                          [-0.169 +0.075 +0.017 -0.041 +0.194 +0.661 +0.078]
                          [+0.054 -0.037 +0.122 -0.014 -0.165 +0.078 +0.699]]

RHS vector b:            [+0.143 +0.535 +1.026 +1.101 +1.128 +0.295 +0.264]
Obj vector c:            [-0.674 -4.285 +6.569 +1.779 +1.483 +2.725 +2.961]

---------------------------- Optimal solution -----------------------------
Primal variables:         [+0.637 +0.611 +1.672 +1.637 +1.500 +0.107 +0.445]
Dual slacks:              [+1.079 +1.034 +2.832 +2.773 +2.541 +0.181 +0.753]
Dual variables:           [+0.156 -7.042 +4.893 -1.731 -0.983 +4.604 +1.134]

Optimal objective:       +1.46786978e+01
===========================================================================

[F[K 
----------------- Linear system Information -----------------
Norm of RHS vector:      2.00e+00
Norm of matrix:          1.00e+00
Condition number:        4.00e+00

Minimum eigenvalue:      +2.50e-01

RHS vector transpose:    [+0.143 +0.535 +1.026 +1.101 +1.128 +0.295 +0.264]

Coffcient matrix:        [[+0.538 +0.113 -0.091 -0.062 -0.014 -0.169 +0.054]
                          [+0.113 +0.689 -0.126 -0.005 +0.180 +0.075 -0.037]
                          [-0.091 -0.126 +0.568 +0.056 +0.042 +0.017 +0.122]
                          [-0.062 -0.005 +0.056 +0.601 +0.051 -0.041 -0.014]
                          [-0.014 +0.180 +0.042 +0.051 +0.618 +0.194 -0.165]
                          [-0.169 +0.075 +0.017 -0.041 +0.194 +0.661 +0.078]
                          [+0.054 -0.037 +0.122 -0.014 -0.165 +0.078 +0.699]]

------------- Modified linear system Information ------------
Norm of RHS vector:      1.00e+00
Norm of matrix:          5.00e-01
Condition number:        4.00e+00

Norm of difference:      4.59e+00
Norm of residual:        2.33e+00

------------------- Parameters of the QLSA ------------------
HHL method:              2
num_qubits:              8
Is simulator:            True

-------------------- Results of the QLSA --------------------
Quantum solution:        [-0.859 +1.399 -0.891 +2.773 -1.562 +1.089 +0.241]
Exact solution:          [+0.637 +0.611 +1.672 +1.637 +1.500 +0.107 +0.445]

Norm of difference:      4.59e+00
Norm of residual:        2.33e+00
Is sign changed:         True
Time (s):                1.80e+01
=============================================================
