
--------------- Linear optimization problem characteristics ---------------
Seed:                    20
Number of variables:     9
Number of constraints:   9

Norm of primal sol:      2.94e+00
Norm of dual sol:        1.00e+01
Norm of dual slacks:     5.00e+00

Norm of vector b:        2.00e+00
Norm of vector c:        8.54e+00

Norm of matrix A:        1.00e+00
Condition number:        4.00e+00

----------------------- Linear optimization problem -----------------------
Coeff matrix A:          [[+0.541 -0.053 +0.050 -0.100 -0.081 -0.104 -0.131 +0.008 +0.025]
                          [-0.053 +0.675 +0.036 -0.037 +0.067 +0.074 -0.117 -0.017 +0.052]
                          [+0.050 +0.036 +0.735 +0.062 -0.076 -0.032 -0.029 +0.003 +0.005]
                          [-0.100 -0.037 +0.062 +0.664 -0.165 +0.142 +0.043 -0.164 -0.085]
                          [-0.081 +0.067 -0.076 -0.165 +0.511 +0.074 +0.046 +0.142 -0.099]
                          [-0.104 +0.074 -0.032 +0.142 +0.074 +0.733 +0.002 -0.025 +0.065]
                          [-0.131 -0.117 -0.029 +0.043 +0.046 +0.002 +0.544 +0.096 -0.004]
                          [+0.008 -0.017 +0.003 -0.164 +0.142 -0.025 +0.096 +0.690 +0.061]
                          [+0.025 +0.052 +0.005 -0.085 -0.099 +0.065 -0.004 +0.061 +0.532]]

RHS vector b:            [+0.192 +0.905 +1.090 +0.700 -0.140 +0.937 +0.123 +0.415 +0.619]
Obj vector c:            [-0.245 +2.028 +3.648 +4.621 +0.568 +4.918 -1.160 -1.811 +2.220]

---------------------------- Optimal solution -----------------------------
Primal variables:         [+0.870 +1.328 +1.319 +1.207 +0.053 +1.023 +0.560 +0.767 +0.973]
Dual slacks:              [+1.482 +2.262 +2.247 +2.056 +0.090 +1.743 +0.954 +1.307 +1.658]
Dual variables:           [-3.233 -2.404 +2.309 +2.989 +3.700 +2.907 -4.893 -4.048 +2.654]

Optimal objective:       +1.80550734e+01
===========================================================================

[F[K 
----------------- Linear system Information -----------------
Norm of RHS vector:      2.00e+00
Norm of matrix:          1.00e+00
Condition number:        4.00e+00

Minimum eigenvalue:      +2.50e-01

RHS vector transpose:    [+0.192 +0.905 +1.090 +0.700 -0.140 +0.937 +0.123 +0.415 +0.619]

Coffcient matrix:        [[+0.541 -0.053 +0.050 -0.100 -0.081 -0.104 -0.131 +0.008 +0.025]
                          [-0.053 +0.675 +0.036 -0.037 +0.067 +0.074 -0.117 -0.017 +0.052]
                          [+0.050 +0.036 +0.735 +0.062 -0.076 -0.032 -0.029 +0.003 +0.005]
                          [-0.100 -0.037 +0.062 +0.664 -0.165 +0.142 +0.043 -0.164 -0.085]
                          [-0.081 +0.067 -0.076 -0.165 +0.511 +0.074 +0.046 +0.142 -0.099]
                          [-0.104 +0.074 -0.032 +0.142 +0.074 +0.733 +0.002 -0.025 +0.065]
                          [-0.131 -0.117 -0.029 +0.043 +0.046 +0.002 +0.544 +0.096 -0.004]
                          [+0.008 -0.017 +0.003 -0.164 +0.142 -0.025 +0.096 +0.690 +0.061]
                          [+0.025 +0.052 +0.005 -0.085 -0.099 +0.065 -0.004 +0.061 +0.532]]

------------- Modified linear system Information ------------
Norm of RHS vector:      1.00e+00
Norm of matrix:          5.00e-01
Condition number:        4.00e+00

Norm of difference:      2.87e+00
Norm of residual:        2.00e+00

------------------- Parameters of the QLSA ------------------
HHL method:              2
num_qubits:              10
Is simulator:            True

-------------------- Results of the QLSA --------------------
Quantum solution:        [-0.142 +0.640 +0.482 +1.034 -0.556 +0.806 -0.502 -1.134 +0.045]
Exact solution:          [+0.870 +1.328 +1.319 +1.207 +0.053 +1.023 +0.560 +0.767 +0.973]

Norm of difference:      2.87e+00
Norm of residual:        2.00e+00
Is sign changed:         True
Time (s):                2.01e+02
=============================================================
