
--------------- Linear optimization problem characteristics ---------------
Seed:                    49
Number of variables:     5
Number of constraints:   5

Norm of primal sol:      2.37e+00
Norm of dual sol:        1.00e+01
Norm of dual slacks:     5.00e+00

Norm of vector b:        2.00e+00
Norm of vector c:        1.13e+01

Norm of matrix A:        1.00e+00
Condition number:        4.00e+00

----------------------- Linear optimization problem -----------------------
Coeff matrix A:          [[+0.621 +0.064 +0.027 +0.087 -0.016]
                          [+0.064 +0.497 +0.068 +0.163 +0.276]
                          [+0.027 +0.068 +0.632 -0.128 +0.103]
                          [+0.087 +0.163 -0.128 +0.778 +0.091]
                          [-0.016 +0.276 +0.103 +0.091 +0.597]]

RHS vector b:            [+0.463 +0.848 +0.892 +1.108 +1.021]
Obj vector c:            [+1.952 +3.671 +0.036 +8.198 +6.565]

---------------------------- Optimal solution -----------------------------
Primal variables:         [+0.474 +0.389 +1.459 +1.405 +1.076]
Dual slacks:              [+0.998 +0.820 +3.073 +2.958 +2.267]
Dual variables:           [+1.182 +0.830 -5.117 +4.766 +7.001]

Optimal objective:       +2.09875026e+01
===========================================================================

[F[K 
----------------- Linear system Information -----------------
Norm of RHS vector:      2.00e+00
Norm of matrix:          1.00e+00
Condition number:        4.00e+00

Minimum eigenvalue:      +2.50e-01

RHS vector transpose:    [+0.463 +0.848 +0.892 +1.108 +1.021]

Coffcient matrix:        [[+0.621 +0.064 +0.027 +0.087 -0.016]
                          [+0.064 +0.497 +0.068 +0.163 +0.276]
                          [+0.027 +0.068 +0.632 -0.128 +0.103]
                          [+0.087 +0.163 -0.128 +0.778 +0.091]
                          [-0.016 +0.276 +0.103 +0.091 +0.597]]

------------- Modified linear system Information ------------
Norm of RHS vector:      1.00e+00
Norm of matrix:          5.00e-01
Condition number:        4.00e+00

Norm of difference:      1.79e+00
Norm of residual:        8.19e-01

------------------- Parameters of the QLSA ------------------
HHL method:              2
num_qubits:              8
Is simulator:            True

-------------------- Results of the QLSA --------------------
Quantum solution:        [+0.338 +1.182 +0.231 +0.544 +1.624]
Exact solution:          [+0.474 +0.389 +1.459 +1.405 +1.076]

Norm of difference:      1.79e+00
Norm of residual:        8.19e-01
Is sign changed:         False
Time (s):                1.87e+01
=============================================================
