
--------------- Linear optimization problem characteristics ---------------
Seed:                    54
Number of variables:     7
Number of constraints:   7

Norm of primal sol:      2.67e+00
Norm of dual sol:        1.00e+01
Norm of dual slacks:     5.00e+00

Norm of vector b:        2.00e+00
Norm of vector c:        8.92e+00

Norm of matrix A:        1.00e+00
Condition number:        4.00e+00

----------------------- Linear optimization problem -----------------------
Coeff matrix A:          [[+0.660 +0.051 -0.021 +0.004 +0.132 -0.009 +0.187]
                          [+0.051 +0.577 -0.023 -0.109 -0.051 -0.110 -0.035]
                          [-0.021 -0.023 +0.643 -0.086 +0.051 +0.063 +0.006]
                          [+0.004 -0.109 -0.086 +0.638 -0.186 -0.044 +0.143]
                          [+0.132 -0.051 +0.051 -0.186 +0.696 +0.172 -0.109]
                          [-0.009 -0.110 +0.063 -0.044 +0.172 +0.600 +0.124]
                          [+0.187 -0.035 +0.006 +0.143 -0.109 +0.124 +0.561]]

RHS vector b:            [+0.788 +0.063 +0.223 +0.627 +0.064 +1.132 +1.283]
Obj vector c:            [+4.629 +3.538 -3.952 +2.077 -1.758 +0.242 +4.755]

---------------------------- Optimal solution -----------------------------
Primal variables:         [+0.759 +0.656 +0.334 +0.936 +0.016 +1.750 +1.448]
Dual slacks:              [+1.419 +1.227 +0.624 +1.750 +0.029 +3.272 +2.706]
Dual variables:           [+3.620 +2.412 -6.616 -1.525 -1.339 -4.366 +3.757]

Optimal objective:       +1.37411041e+01
===========================================================================

[F[K 
----------------- Linear system Information -----------------
Norm of RHS vector:      2.00e+00
Norm of matrix:          1.00e+00
Condition number:        4.00e+00

Minimum eigenvalue:      +2.50e-01

RHS vector transpose:    [+0.788 +0.063 +0.223 +0.627 +0.064 +1.132 +1.283]

Coffcient matrix:        [[+0.660 +0.051 -0.021 +0.004 +0.132 -0.009 +0.187]
                          [+0.051 +0.577 -0.023 -0.109 -0.051 -0.110 -0.035]
                          [-0.021 -0.023 +0.643 -0.086 +0.051 +0.063 +0.006]
                          [+0.004 -0.109 -0.086 +0.638 -0.186 -0.044 +0.143]
                          [+0.132 -0.051 +0.051 -0.186 +0.696 +0.172 -0.109]
                          [-0.009 -0.110 +0.063 -0.044 +0.172 +0.600 +0.124]
                          [+0.187 -0.035 +0.006 +0.143 -0.109 +0.124 +0.561]]

------------- Modified linear system Information ------------
Norm of RHS vector:      1.00e+00
Norm of matrix:          5.00e-01
Condition number:        4.00e+00

Norm of difference:      1.98e+00
Norm of residual:        9.41e-01

------------------- Parameters of the QLSA ------------------
HHL method:              2
num_qubits:              8
Is simulator:            True

-------------------- Results of the QLSA --------------------
Quantum solution:        [+1.145 -0.396 +0.784 +1.211 +0.578 +0.309 +1.457]
Exact solution:          [+0.759 +0.656 +0.334 +0.936 +0.016 +1.750 +1.448]

Norm of difference:      1.98e+00
Norm of residual:        9.41e-01
Is sign changed:         False
Time (s):                1.79e+01
=============================================================
