
--------------- Linear optimization problem characteristics ---------------
Seed:                    60
Number of variables:     8
Number of constraints:   8

Norm of primal sol:      2.92e+00
Norm of dual sol:        1.00e+01
Norm of dual slacks:     5.00e+00

Norm of vector b:        2.00e+00
Norm of vector c:        1.03e+01

Norm of matrix A:        1.00e+00
Condition number:        4.00e+00

----------------------- Linear optimization problem -----------------------
Coeff matrix A:          [[+0.609 +0.054 +0.040 +0.002 +0.043 -0.065 +0.173 -0.132]
                          [+0.054 +0.534 +0.012 -0.123 -0.236 -0.113 +0.028 +0.069]
                          [+0.040 +0.012 +0.703 +0.029 +0.023 +0.115 +0.031 +0.078]
                          [+0.002 -0.123 +0.029 +0.623 +0.028 -0.035 +0.122 -0.017]
                          [+0.043 -0.236 +0.023 +0.028 +0.612 -0.023 -0.023 -0.050]
                          [-0.065 -0.113 +0.115 -0.035 -0.023 +0.651 -0.189 +0.063]
                          [+0.173 +0.028 +0.031 +0.122 -0.023 -0.189 +0.582 -0.035]
                          [-0.132 +0.069 +0.078 -0.017 -0.050 +0.063 -0.035 +0.686]]

RHS vector b:            [+0.694 -0.331 +0.852 +1.153 +0.830 +0.380 +0.719 -0.056]
Obj vector c:            [-2.141 -2.360 +3.281 +5.308 +2.352 +6.868 -1.843 +0.903]

---------------------------- Optimal solution -----------------------------
Primal variables:         [+0.771 +0.479 +0.828 +1.706 +1.453 +1.020 +0.972 +0.027]
Dual slacks:              [+1.321 +0.821 +1.419 +2.923 +2.489 +1.748 +1.666 +0.046]
Dual variables:           [-3.613 -4.128 +2.109 +4.104 -1.782 +5.398 -4.038 +0.004]

Optimal objective:       +1.76460165e+01
===========================================================================


----------------- Linear system Information -----------------
Norm of RHS vector:      2.00e+00
Norm of matrix:          1.00e+00
Condition number:        4.00e+00

Minimum eigenvalue:      +2.50e-01

RHS vector transpose:    [+0.694 -0.331 +0.852 +1.153 +0.830 +0.380 +0.719 -0.056]

Coffcient matrix:        [[+0.609 +0.054 +0.040 +0.002 +0.043 -0.065 +0.173 -0.132]
                          [+0.054 +0.534 +0.012 -0.123 -0.236 -0.113 +0.028 +0.069]
                          [+0.040 +0.012 +0.703 +0.029 +0.023 +0.115 +0.031 +0.078]
                          [+0.002 -0.123 +0.029 +0.623 +0.028 -0.035 +0.122 -0.017]
                          [+0.043 -0.236 +0.023 +0.028 +0.612 -0.023 -0.023 -0.050]
                          [-0.065 -0.113 +0.115 -0.035 -0.023 +0.651 -0.189 +0.063]
                          [+0.173 +0.028 +0.031 +0.122 -0.023 -0.189 +0.582 -0.035]
                          [-0.132 +0.069 +0.078 -0.017 -0.050 +0.063 -0.035 +0.686]]

------------- Modified linear system Information ------------
Norm of RHS vector:      1.00e+00
Norm of matrix:          5.00e-01
Condition number:        4.00e+00

Norm of difference:      2.54e+00
Norm of residual:        1.90e+00

------------------- Parameters of the QLSA ------------------
HHL method:              2
num_qubits:              8
Is simulator:            True

-------------------- Results of the QLSA --------------------
Quantum solution:        [-0.268 -0.431 +1.700 +0.866 +0.325 +0.992 -0.210 +0.676]
Exact solution:          [+0.771 +0.479 +0.828 +1.706 +1.453 +1.020 +0.972 +0.027]

Norm of difference:      2.54e+00
Norm of residual:        1.90e+00
Is sign changed:         True
Time (s):                1.81e+01
=============================================================
