
--------------- Linear optimization problem characteristics ---------------
Seed:                    35
Number of variables:     7
Number of constraints:   7

Norm of primal sol:      4.25e+00
Norm of dual sol:        1.00e+01
Norm of dual slacks:     5.00e+00

Norm of vector b:        2.00e+00
Norm of vector c:        5.20e+00

Norm of matrix A:        1.00e+00
Condition number:        4.00e+00

----------------------- Linear optimization problem -----------------------
Coeff matrix A:          [[+0.638 -0.227 +0.016 +0.135 -0.090 +0.073 -0.005]
                          [-0.227 +0.611 -0.235 -0.032 -0.064 -0.028 +0.145]
                          [+0.016 -0.235 +0.635 -0.128 -0.003 -0.103 +0.044]
                          [+0.135 -0.032 -0.128 +0.600 +0.025 +0.005 -0.105]
                          [-0.090 -0.064 -0.003 +0.025 +0.562 -0.002 -0.087]
                          [+0.073 -0.028 -0.103 +0.005 -0.002 +0.646 -0.024]
                          [-0.005 +0.145 +0.044 -0.105 -0.087 -0.024 +0.684]]

RHS vector b:            [+0.674 +0.195 +0.208 +0.498 +1.209 +0.200 +1.309]
Obj vector c:            [+1.023 +2.319 +0.641 +2.853 +0.672 +3.357 +0.560]

---------------------------- Optimal solution -----------------------------
Primal variables:         [+1.584 +1.066 +0.801 +0.960 +2.827 +0.385 +2.167]
Dual slacks:              [+1.865 +1.255 +0.942 +1.130 +3.327 +0.453 +2.551]
Dual variables:           [-2.744 +2.240 +2.200 +3.648 -5.584 +5.073 -3.519]

Optimal objective:       +1.17519974e+01
===========================================================================

[F[K 
----------------- Linear system Information -----------------
Norm of RHS vector:      2.00e+00
Norm of matrix:          1.00e+00
Condition number:        4.00e+00

Minimum eigenvalue:      +2.50e-01

RHS vector transpose:    [+0.674 +0.195 +0.208 +0.498 +1.209 +0.200 +1.309]

Coffcient matrix:        [[+0.638 -0.227 +0.016 +0.135 -0.090 +0.073 -0.005]
                          [-0.227 +0.611 -0.235 -0.032 -0.064 -0.028 +0.145]
                          [+0.016 -0.235 +0.635 -0.128 -0.003 -0.103 +0.044]
                          [+0.135 -0.032 -0.128 +0.600 +0.025 +0.005 -0.105]
                          [-0.090 -0.064 -0.003 +0.025 +0.562 -0.002 -0.087]
                          [+0.073 -0.028 -0.103 +0.005 -0.002 +0.646 -0.024]
                          [-0.005 +0.145 +0.044 -0.105 -0.087 -0.024 +0.684]]

------------- Modified linear system Information ------------
Norm of RHS vector:      1.00e+00
Norm of matrix:          5.00e-01
Condition number:        4.00e+00

Norm of difference:      3.93e+00
Norm of residual:        2.63e+00

------------------- Parameters of the QLSA ------------------
HHL method:              2
num_qubits:              8
Is simulator:            True

-------------------- Results of the QLSA --------------------
Quantum solution:        [-0.381 +1.189 +1.168 +0.289 +2.718 -0.448 -1.035]
Exact solution:          [+1.584 +1.066 +0.801 +0.960 +2.827 +0.385 +2.167]

Norm of difference:      3.93e+00
Norm of residual:        2.63e+00
Is sign changed:         False
Time (s):                1.79e+01
=============================================================
