
--------------- Linear optimization problem characteristics ---------------
Seed:                    96
Number of variables:     5
Number of constraints:   5

Norm of primal sol:      2.37e+00
Norm of dual sol:        1.00e+01
Norm of dual slacks:     5.00e+00

Norm of vector b:        2.00e+00
Norm of vector c:        4.31e+00

Norm of matrix A:        1.00e+00
Condition number:        4.00e+00

----------------------- Linear optimization problem -----------------------
Coeff matrix A:          [[+0.593 -0.282 +0.061 -0.021 -0.127]
                          [-0.282 +0.570 +0.091 +0.024 +0.201]
                          [+0.061 +0.091 +0.680 +0.103 -0.018]
                          [-0.021 +0.024 +0.103 +0.739 +0.053]
                          [-0.127 +0.201 -0.018 +0.053 +0.544]]

RHS vector b:            [-0.263 +0.975 +1.026 +1.131 +0.804]
Obj vector c:            [-0.055 -0.183 +2.378 +3.124 -1.763]

---------------------------- Optimal solution -----------------------------
Primal variables:         [+0.301 +1.276 +1.146 +1.268 +0.992]
Dual slacks:              [+0.635 +2.690 +2.417 +2.673 +2.091]
Dual variables:           [-5.229 -5.580 +0.848 +0.978 -6.312]

Optimal objective:       +4.68896786e+00
===========================================================================

[F[K 
----------------- Linear system Information -----------------
Norm of RHS vector:      2.00e+00
Norm of matrix:          1.00e+00
Condition number:        4.00e+00

Minimum eigenvalue:      +2.50e-01

RHS vector transpose:    [-0.263 +0.975 +1.026 +1.131 +0.804]

Coffcient matrix:        [[+0.593 -0.282 +0.061 -0.021 -0.127]
                          [-0.282 +0.570 +0.091 +0.024 +0.201]
                          [+0.061 +0.091 +0.680 +0.103 -0.018]
                          [-0.021 +0.024 +0.103 +0.739 +0.053]
                          [-0.127 +0.201 -0.018 +0.053 +0.544]]

------------- Modified linear system Information ------------
Norm of RHS vector:      1.00e+00
Norm of matrix:          5.00e-01
Condition number:        4.00e+00

Norm of difference:      2.31e+00
Norm of residual:        1.62e+00

------------------- Parameters of the QLSA ------------------
HHL method:              2
num_qubits:              8
Is simulator:            True

-------------------- Results of the QLSA --------------------
Quantum solution:        [-1.471 +0.925 +0.056 +0.323 +1.040]
Exact solution:          [+0.301 +1.276 +1.146 +1.268 +0.992]

Norm of difference:      2.31e+00
Norm of residual:        1.62e+00
Is sign changed:         False
Time (s):                1.87e+01
=============================================================
