
--------------- Linear optimization problem characteristics ---------------
Seed:                    77
Number of variables:     9
Number of constraints:   9

Norm of primal sol:      2.85e+00
Norm of dual sol:        1.00e+01
Norm of dual slacks:     5.00e+00

Norm of vector b:        2.00e+00
Norm of vector c:        8.89e+00

Norm of matrix A:        1.00e+00
Condition number:        4.00e+00

----------------------- Linear optimization problem -----------------------
Coeff matrix A:          [[+0.677 +0.037 -0.071 -0.036 +0.040 -0.018 +0.075 -0.016 -0.085]
                          [+0.037 +0.639 +0.024 -0.074 -0.034 +0.147 -0.068 -0.063 -0.022]
                          [-0.071 +0.024 +0.588 +0.198 -0.115 +0.012 -0.026 +0.016 +0.065]
                          [-0.036 -0.074 +0.198 +0.554 -0.161 +0.038 +0.068 +0.064 +0.148]
                          [+0.040 -0.034 -0.115 -0.161 +0.562 -0.023 -0.125 +0.183 +0.055]
                          [-0.018 +0.147 +0.012 +0.038 -0.023 +0.573 -0.027 +0.017 +0.101]
                          [+0.075 -0.068 -0.026 +0.068 -0.125 -0.027 +0.652 +0.017 +0.073]
                          [-0.016 -0.063 +0.016 +0.064 +0.183 +0.017 +0.017 +0.758 +0.027]
                          [-0.085 -0.022 +0.065 +0.148 +0.055 +0.101 +0.073 +0.027 +0.621]]

RHS vector b:            [+0.953 +0.839 +0.725 +0.424 +0.013 +0.943 +0.371 +0.695 +0.416]
Obj vector c:            [+2.570 -0.093 +5.376 +3.951 +0.986 +0.220 -1.231 +5.016 +0.486]

---------------------------- Optimal solution -----------------------------
Primal variables:         [+1.530 +1.069 +1.254 +0.232 +0.145 +1.312 +0.543 +0.901 +0.400]
Dual slacks:              [+2.685 +1.876 +2.202 +0.407 +0.255 +2.302 +0.953 +1.580 +0.702]
Dual variables:           [+0.806 -1.766 +3.821 +5.978 +1.571 -3.619 -3.888 +3.650 -1.374]

Optimal objective:       +1.59678026e+01
===========================================================================

[F[K 
----------------- Linear system Information -----------------
Norm of RHS vector:      2.00e+00
Norm of matrix:          1.00e+00
Condition number:        4.00e+00

Minimum eigenvalue:      +2.50e-01

RHS vector transpose:    [+0.953 +0.839 +0.725 +0.424 +0.013 +0.943 +0.371 +0.695 +0.416]

Coffcient matrix:        [[+0.677 +0.037 -0.071 -0.036 +0.040 -0.018 +0.075 -0.016 -0.085]
                          [+0.037 +0.639 +0.024 -0.074 -0.034 +0.147 -0.068 -0.063 -0.022]
                          [-0.071 +0.024 +0.588 +0.198 -0.115 +0.012 -0.026 +0.016 +0.065]
                          [-0.036 -0.074 +0.198 +0.554 -0.161 +0.038 +0.068 +0.064 +0.148]
                          [+0.040 -0.034 -0.115 -0.161 +0.562 -0.023 -0.125 +0.183 +0.055]
                          [-0.018 +0.147 +0.012 +0.038 -0.023 +0.573 -0.027 +0.017 +0.101]
                          [+0.075 -0.068 -0.026 +0.068 -0.125 -0.027 +0.652 +0.017 +0.073]
                          [-0.016 -0.063 +0.016 +0.064 +0.183 +0.017 +0.017 +0.758 +0.027]
                          [-0.085 -0.022 +0.065 +0.148 +0.055 +0.101 +0.073 +0.027 +0.621]]

------------- Modified linear system Information ------------
Norm of RHS vector:      1.00e+00
Norm of matrix:          5.00e-01
Condition number:        4.00e+00

Norm of difference:      8.29e-01
Norm of residual:        2.92e-01

------------------- Parameters of the QLSA ------------------
HHL method:              2
num_qubits:              10
Is simulator:            True

-------------------- Results of the QLSA --------------------
Quantum solution:        [+1.626 +1.305 +0.760 +0.707 +0.024 +1.040 +0.302 +0.960 +0.437]
Exact solution:          [+1.530 +1.069 +1.254 +0.232 +0.145 +1.312 +0.543 +0.901 +0.400]

Norm of difference:      8.29e-01
Norm of residual:        2.92e-01
Is sign changed:         False
Time (s):                1.99e+02
=============================================================
