
--------------- Linear optimization problem characteristics ---------------
Seed:                    65
Number of variables:     9
Number of constraints:   9

Norm of primal sol:      2.61e+00
Norm of dual sol:        1.00e+01
Norm of dual slacks:     5.00e+00

Norm of vector b:        2.00e+00
Norm of vector c:        7.55e+00

Norm of matrix A:        1.00e+00
Condition number:        4.00e+00

----------------------- Linear optimization problem -----------------------
Coeff matrix A:          [[+0.672 +0.144 +0.003 -0.087 +0.079 +0.047 +0.069 -0.066 -0.018]
                          [+0.144 +0.563 +0.105 +0.083 -0.019 +0.083 +0.143 +0.096 +0.047]
                          [+0.003 +0.105 +0.692 -0.014 +0.099 -0.037 +0.049 +0.069 +0.052]
                          [-0.087 +0.083 -0.014 +0.735 -0.099 +0.127 +0.120 -0.002 +0.029]
                          [+0.079 -0.019 +0.099 -0.099 +0.575 -0.059 +0.079 +0.055 +0.066]
                          [+0.047 +0.083 -0.037 +0.127 -0.059 +0.666 +0.018 +0.191 +0.045]
                          [+0.069 +0.143 +0.049 +0.120 +0.079 +0.018 +0.483 -0.031 -0.109]
                          [-0.066 +0.096 +0.069 -0.002 +0.055 +0.191 -0.031 +0.569 +0.058]
                          [-0.018 +0.047 +0.052 +0.029 +0.066 +0.045 -0.109 +0.058 +0.668]]

RHS vector b:            [+0.321 +0.613 +0.692 +0.398 +0.663 +0.609 +0.694 +1.029 +0.730]
Obj vector c:            [-1.707 -2.608 +1.049 -3.144 +2.091 -0.273 +3.025 +4.514 -1.511]

---------------------------- Optimal solution -----------------------------
Primal variables:         [+0.447 +0.064 +0.587 +0.353 +0.620 +0.333 +1.430 +1.578 +1.052]
Dual slacks:              [+0.857 +0.123 +1.125 +0.676 +1.189 +0.638 +2.740 +3.023 +2.016]
Dual variables:           [-3.805 -3.888 +0.082 -5.269 +0.885 -0.259 +2.588 +3.438 -4.823]

Optimal objective:       +9.63933038e+00
===========================================================================

[F[K 
----------------- Linear system Information -----------------
Norm of RHS vector:      2.00e+00
Norm of matrix:          1.00e+00
Condition number:        4.00e+00

Minimum eigenvalue:      +2.50e-01

RHS vector transpose:    [+0.321 +0.613 +0.692 +0.398 +0.663 +0.609 +0.694 +1.029 +0.730]

Coffcient matrix:        [[+0.672 +0.144 +0.003 -0.087 +0.079 +0.047 +0.069 -0.066 -0.018]
                          [+0.144 +0.563 +0.105 +0.083 -0.019 +0.083 +0.143 +0.096 +0.047]
                          [+0.003 +0.105 +0.692 -0.014 +0.099 -0.037 +0.049 +0.069 +0.052]
                          [-0.087 +0.083 -0.014 +0.735 -0.099 +0.127 +0.120 -0.002 +0.029]
                          [+0.079 -0.019 +0.099 -0.099 +0.575 -0.059 +0.079 +0.055 +0.066]
                          [+0.047 +0.083 -0.037 +0.127 -0.059 +0.666 +0.018 +0.191 +0.045]
                          [+0.069 +0.143 +0.049 +0.120 +0.079 +0.018 +0.483 -0.031 -0.109]
                          [-0.066 +0.096 +0.069 -0.002 +0.055 +0.191 -0.031 +0.569 +0.058]
                          [-0.018 +0.047 +0.052 +0.029 +0.066 +0.045 -0.109 +0.058 +0.668]]

------------- Modified linear system Information ------------
Norm of RHS vector:      1.00e+00
Norm of matrix:          5.00e-01
Condition number:        4.00e+00

Norm of difference:      3.66e+00
Norm of residual:        2.57e+00

------------------- Parameters of the QLSA ------------------
HHL method:              2
num_qubits:              10
Is simulator:            True

-------------------- Results of the QLSA --------------------
Quantum solution:        [-1.304 +0.561 -0.328 +0.832 -0.751 +0.979 -0.857 +0.584 +0.341]
Exact solution:          [+0.447 +0.064 +0.587 +0.353 +0.620 +0.333 +1.430 +1.578 +1.052]

Norm of difference:      3.66e+00
Norm of residual:        2.57e+00
Is sign changed:         True
Time (s):                2.08e+02
=============================================================
