
--------------- Linear optimization problem characteristics ---------------
Seed:                    92
Number of variables:     10
Number of constraints:   10

Norm of primal sol:      3.27e+00
Norm of dual sol:        1.00e+01
Norm of dual slacks:     5.00e+00

Norm of vector b:        2.00e+00
Norm of vector c:        1.01e+01

Norm of matrix A:        1.00e+00
Condition number:        4.00e+00

----------------------- Linear optimization problem -----------------------
Coeff matrix A:          [[+0.614 +0.005 +0.031 -0.030 +0.239 -0.029 -0.051 -0.018 -0.003 +0.075]
                          [+0.005 +0.582 +0.107 -0.111 +0.049 +0.015 -0.100 +0.010 +0.007 -0.031]
                          [+0.031 +0.107 +0.541 -0.082 +0.001 +0.061 +0.052 -0.054 +0.065 -0.215]
                          [-0.030 -0.111 -0.082 +0.600 -0.085 +0.109 -0.078 -0.009 +0.075 +0.034]
                          [+0.239 +0.049 +0.001 -0.085 +0.647 +0.042 -0.018 -0.118 +0.044 +0.034]
                          [-0.029 +0.015 +0.061 +0.109 +0.042 +0.612 -0.083 +0.058 -0.023 -0.043]
                          [-0.051 -0.100 +0.052 -0.078 -0.018 -0.083 +0.562 -0.125 +0.066 +0.033]
                          [-0.018 +0.010 -0.054 -0.009 -0.118 +0.058 -0.125 +0.738 -0.031 -0.077]
                          [-0.003 +0.007 +0.065 +0.075 +0.044 -0.023 +0.066 -0.031 +0.696 +0.077]
                          [+0.075 -0.031 -0.215 +0.034 +0.034 -0.043 +0.033 -0.077 +0.077 +0.659]]

RHS vector b:            [+0.926 +0.675 +0.284 +0.432 +0.382 +0.881 -0.019 +0.398 +0.711 +0.912]
Obj vector c:            [+3.809 +3.752 -0.872 +3.626 -0.169 +0.890 -0.678 +3.805 +4.410 +5.013]

---------------------------- Optimal solution -----------------------------
Primal variables:         [+1.451 +1.292 +0.696 +0.784 +0.001 +1.403 +0.579 +0.797 +0.723 +1.538]
Dual slacks:              [+2.218 +1.975 +1.064 +1.199 +0.001 +2.144 +0.885 +1.219 +1.105 +2.350]
Dual variables:           [+2.724 +4.260 -2.609 +4.196 -0.658 -2.637 -1.209 +3.746 +4.453 +2.704]

Optimal objective:       +2.73970968e+01
===========================================================================

[F[K 
----------------- Linear system Information -----------------
Norm of RHS vector:      2.00e+00
Norm of matrix:          1.00e+00
Condition number:        4.00e+00

Minimum eigenvalue:      +2.50e-01

RHS vector transpose:    [+0.926 +0.675 +0.284 +0.432 +0.382 +0.881 -0.019 +0.398 +0.711 +0.912]

Coffcient matrix:        [[+0.614 +0.005 +0.031 -0.030 +0.239 -0.029 -0.051 -0.018 -0.003 +0.075]
                          [+0.005 +0.582 +0.107 -0.111 +0.049 +0.015 -0.100 +0.010 +0.007 -0.031]
                          [+0.031 +0.107 +0.541 -0.082 +0.001 +0.061 +0.052 -0.054 +0.065 -0.215]
                          [-0.030 -0.111 -0.082 +0.600 -0.085 +0.109 -0.078 -0.009 +0.075 +0.034]
                          [+0.239 +0.049 +0.001 -0.085 +0.647 +0.042 -0.018 -0.118 +0.044 +0.034]
                          [-0.029 +0.015 +0.061 +0.109 +0.042 +0.612 -0.083 +0.058 -0.023 -0.043]
                          [-0.051 -0.100 +0.052 -0.078 -0.018 -0.083 +0.562 -0.125 +0.066 +0.033]
                          [-0.018 +0.010 -0.054 -0.009 -0.118 +0.058 -0.125 +0.738 -0.031 -0.077]
                          [-0.003 +0.007 +0.065 +0.075 +0.044 -0.023 +0.066 -0.031 +0.696 +0.077]
                          [+0.075 -0.031 -0.215 +0.034 +0.034 -0.043 +0.033 -0.077 +0.077 +0.659]]

------------- Modified linear system Information ------------
Norm of RHS vector:      1.00e+00
Norm of matrix:          5.00e-01
Condition number:        4.00e+00

Norm of difference:      2.75e+00
Norm of residual:        1.88e+00

------------------- Parameters of the QLSA ------------------
HHL method:              2
num_qubits:              10
Is simulator:            True

-------------------- Results of the QLSA --------------------
Quantum solution:        [+1.864 +0.410 +1.650 +0.412 -1.055 +1.123 +1.989 -0.378 -0.273 +1.686]
Exact solution:          [+1.451 +1.292 +0.696 +0.784 +0.001 +1.403 +0.579 +0.797 +0.723 +1.538]

Norm of difference:      2.75e+00
Norm of residual:        1.88e+00
Is sign changed:         False
Time (s):                2.03e+02
=============================================================
