
--------------- Linear optimization problem characteristics ---------------
Seed:                    34
Number of variables:     7
Number of constraints:   7

Norm of primal sol:      3.44e+00
Norm of dual sol:        1.00e+01
Norm of dual slacks:     5.00e+00

Norm of vector b:        2.00e+00
Norm of vector c:        7.66e+00

Norm of matrix A:        1.00e+00
Condition number:        4.00e+00

----------------------- Linear optimization problem -----------------------
Coeff matrix A:          [[+0.466 +0.021 -0.088 +0.090 +0.042 +0.088 +0.030]
                          [+0.021 +0.775 +0.065 -0.024 -0.055 -0.123 +0.020]
                          [-0.088 +0.065 +0.741 -0.054 +0.177 -0.172 +0.136]
                          [+0.090 -0.024 -0.054 +0.615 +0.142 +0.015 -0.091]
                          [+0.042 -0.055 +0.177 +0.142 +0.634 +0.078 -0.119]
                          [+0.088 -0.123 -0.172 +0.015 +0.078 +0.613 +0.046]
                          [+0.030 +0.020 +0.136 -0.091 -0.119 +0.046 +0.531]]

RHS vector b:            [+0.427 +1.165 -0.043 +0.826 +0.229 +1.182 +0.571]
Obj vector c:            [-1.402 -1.145 -0.438 -1.674 +0.479 +6.779 +2.486]

---------------------------- Optimal solution -----------------------------
Primal variables:         [+0.092 +1.860 +0.221 +1.509 +0.033 +2.232 +1.017]
Dual slacks:              [+0.134 +2.706 +0.322 +2.195 +0.048 +3.247 +1.480]
Dual variables:           [-3.266 -4.101 -1.127 -6.437 +1.964 +4.886 +1.442]

Optimal objective:       +1.27974364e+01
===========================================================================

[F[K 
----------------- Linear system Information -----------------
Norm of RHS vector:      2.00e+00
Norm of matrix:          1.00e+00
Condition number:        4.00e+00

Minimum eigenvalue:      +2.50e-01

RHS vector transpose:    [+0.427 +1.165 -0.043 +0.826 +0.229 +1.182 +0.571]

Coffcient matrix:        [[+0.466 +0.021 -0.088 +0.090 +0.042 +0.088 +0.030]
                          [+0.021 +0.775 +0.065 -0.024 -0.055 -0.123 +0.020]
                          [-0.088 +0.065 +0.741 -0.054 +0.177 -0.172 +0.136]
                          [+0.090 -0.024 -0.054 +0.615 +0.142 +0.015 -0.091]
                          [+0.042 -0.055 +0.177 +0.142 +0.634 +0.078 -0.119]
                          [+0.088 -0.123 -0.172 +0.015 +0.078 +0.613 +0.046]
                          [+0.030 +0.020 +0.136 -0.091 -0.119 +0.046 +0.531]]

------------- Modified linear system Information ------------
Norm of RHS vector:      1.00e+00
Norm of matrix:          5.00e-01
Condition number:        4.00e+00

Norm of difference:      1.91e+00
Norm of residual:        1.30e+00

------------------- Parameters of the QLSA ------------------
HHL method:              2
num_qubits:              8
Is simulator:            True

-------------------- Results of the QLSA --------------------
Quantum solution:        [+0.405 +1.015 +0.576 +0.221 +0.165 +2.285 +2.029]
Exact solution:          [+0.092 +1.860 +0.221 +1.509 +0.033 +2.232 +1.017]

Norm of difference:      1.91e+00
Norm of residual:        1.30e+00
Is sign changed:         True
Time (s):                1.79e+01
=============================================================
