
--------------- Linear optimization problem characteristics ---------------
Seed:                    24
Number of variables:     5
Number of constraints:   5

Norm of primal sol:      2.22e+00
Norm of dual sol:        1.00e+01
Norm of dual slacks:     5.00e+00

Norm of vector b:        2.00e+00
Norm of vector c:        8.73e+00

Norm of matrix A:        1.00e+00
Condition number:        4.00e+00

----------------------- Linear optimization problem -----------------------
Coeff matrix A:          [[+0.654 -0.074 +0.040 +0.036 +0.082]
                          [-0.074 +0.606 +0.206 -0.117 -0.010]
                          [+0.040 +0.206 +0.766 +0.062 +0.262]
                          [+0.036 -0.117 +0.062 +0.663 +0.054]
                          [+0.082 -0.010 +0.262 +0.054 +0.437]]

RHS vector b:            [+0.899 +0.729 +1.455 +0.248 +0.694]
Obj vector c:            [+4.282 +6.326 +1.931 -3.750 -0.372]

---------------------------- Optimal solution -----------------------------
Primal variables:         [+1.323 +0.964 +1.378 +0.303 +0.497]
Dual slacks:              [+2.983 +2.173 +3.107 +0.684 +1.122]
Dual variables:           [+3.450 +7.141 -2.642 -5.228 -1.669]

Optimal objective:       +1.30989945e+01
===========================================================================

[F[K 
----------------- Linear system Information -----------------
Norm of RHS vector:      2.00e+00
Norm of matrix:          1.00e+00
Condition number:        4.00e+00

Minimum eigenvalue:      +2.50e-01

RHS vector transpose:    [+0.899 +0.729 +1.455 +0.248 +0.694]

Coffcient matrix:        [[+0.654 -0.074 +0.040 +0.036 +0.082]
                          [-0.074 +0.606 +0.206 -0.117 -0.010]
                          [+0.040 +0.206 +0.766 +0.062 +0.262]
                          [+0.036 -0.117 +0.062 +0.663 +0.054]
                          [+0.082 -0.010 +0.262 +0.054 +0.437]]

------------- Modified linear system Information ------------
Norm of RHS vector:      1.00e+00
Norm of matrix:          5.00e-01
Condition number:        4.00e+00

Norm of difference:      1.40e+00
Norm of residual:        6.38e-01

------------------- Parameters of the QLSA ------------------
HHL method:              2
num_qubits:              8
Is simulator:            True

-------------------- Results of the QLSA --------------------
Quantum solution:        [+1.675 +1.805 +0.958 +1.004 -0.172]
Exact solution:          [+1.323 +0.964 +1.378 +0.303 +0.497]

Norm of difference:      1.40e+00
Norm of residual:        6.38e-01
Is sign changed:         False
Time (s):                1.83e+01
=============================================================
