
--------------- Linear optimization problem characteristics ---------------
Seed:                    8
Number of variables:     9
Number of constraints:   9

Norm of primal sol:      3.14e+00
Norm of dual sol:        1.00e+01
Norm of dual slacks:     5.00e+00

Norm of vector b:        2.00e+00
Norm of vector c:        1.06e+01

Norm of matrix A:        1.00e+00
Condition number:        4.00e+00

----------------------- Linear optimization problem -----------------------
Coeff matrix A:          [[+0.729 +0.005 +0.083 +0.006 -0.069 +0.050 -0.098 -0.152 +0.038]
                          [+0.005 +0.615 -0.026 +0.069 -0.009 +0.072 +0.061 +0.076 +0.051]
                          [+0.083 -0.026 +0.684 -0.049 -0.176 -0.056 -0.056 -0.123 -0.109]
                          [+0.006 +0.069 -0.049 +0.652 +0.021 +0.053 -0.017 -0.122 +0.095]
                          [-0.069 -0.009 -0.176 +0.021 +0.648 -0.076 +0.101 -0.121 -0.053]
                          [+0.050 +0.072 -0.056 +0.053 -0.076 +0.515 +0.116 +0.023 +0.004]
                          [-0.098 +0.061 -0.056 -0.017 +0.101 +0.116 +0.500 +0.089 -0.112]
                          [-0.152 +0.076 -0.123 -0.122 -0.121 +0.023 +0.089 +0.549 +0.017]
                          [+0.038 +0.051 -0.109 +0.095 -0.053 +0.004 -0.112 +0.017 +0.733]]

RHS vector b:            [+1.049 +1.184 +0.754 +0.635 -0.160 +0.241 +0.228 +0.015 +0.623]
Obj vector c:            [+2.961 +3.576 +1.534 +5.421 +2.512 +0.786 -0.008 -1.528 +7.108]

---------------------------- Optimal solution -----------------------------
Primal variables:         [+1.484 +1.646 +1.477 +0.902 +0.396 +0.019 +0.732 +0.684 +0.888]
Dual slacks:              [+2.364 +2.621 +2.352 +1.437 +0.630 +0.031 +1.165 +1.089 +1.415]
Dual variables:           [-0.339 +0.867 +0.680 +4.087 +3.327 +1.875 -1.158 -3.305 +7.424]

Optimal objective:       +2.37096230e+01
===========================================================================

[F[K 
----------------- Linear system Information -----------------
Norm of RHS vector:      2.00e+00
Norm of matrix:          1.00e+00
Condition number:        4.00e+00

Minimum eigenvalue:      +2.50e-01

RHS vector transpose:    [+1.049 +1.184 +0.754 +0.635 -0.160 +0.241 +0.228 +0.015 +0.623]

Coffcient matrix:        [[+0.729 +0.005 +0.083 +0.006 -0.069 +0.050 -0.098 -0.152 +0.038]
                          [+0.005 +0.615 -0.026 +0.069 -0.009 +0.072 +0.061 +0.076 +0.051]
                          [+0.083 -0.026 +0.684 -0.049 -0.176 -0.056 -0.056 -0.123 -0.109]
                          [+0.006 +0.069 -0.049 +0.652 +0.021 +0.053 -0.017 -0.122 +0.095]
                          [-0.069 -0.009 -0.176 +0.021 +0.648 -0.076 +0.101 -0.121 -0.053]
                          [+0.050 +0.072 -0.056 +0.053 -0.076 +0.515 +0.116 +0.023 +0.004]
                          [-0.098 +0.061 -0.056 -0.017 +0.101 +0.116 +0.500 +0.089 -0.112]
                          [-0.152 +0.076 -0.123 -0.122 -0.121 +0.023 +0.089 +0.549 +0.017]
                          [+0.038 +0.051 -0.109 +0.095 -0.053 +0.004 -0.112 +0.017 +0.733]]

------------- Modified linear system Information ------------
Norm of RHS vector:      1.00e+00
Norm of matrix:          5.00e-01
Condition number:        4.00e+00

Norm of difference:      3.23e+00
Norm of residual:        2.18e+00

------------------- Parameters of the QLSA ------------------
HHL method:              2
num_qubits:              10
Is simulator:            True

-------------------- Results of the QLSA --------------------
Quantum solution:        [+1.090 -0.261 +1.120 -0.034 -0.832 -0.200 -0.672 -0.560 +0.119]
Exact solution:          [+1.484 +1.646 +1.477 +0.902 +0.396 +0.019 +0.732 +0.684 +0.888]

Norm of difference:      3.23e+00
Norm of residual:        2.18e+00
Is sign changed:         False
Time (s):                2.00e+02
=============================================================
