
--------------- Linear optimization problem characteristics ---------------
Seed:                    39
Number of variables:     7
Number of constraints:   7

Norm of primal sol:      3.90e+00
Norm of dual sol:        1.00e+01
Norm of dual slacks:     5.00e+00

Norm of vector b:        2.00e+00
Norm of vector c:        8.54e+00

Norm of matrix A:        1.00e+00
Condition number:        4.00e+00

----------------------- Linear optimization problem -----------------------
Coeff matrix A:          [[+0.638 +0.058 +0.095 +0.165 -0.131 +0.083 -0.090]
                          [+0.058 +0.562 -0.059 -0.051 -0.010 +0.074 -0.103]
                          [+0.095 -0.059 +0.569 -0.134 -0.073 -0.112 +0.028]
                          [+0.165 -0.051 -0.134 +0.626 -0.198 +0.093 -0.081]
                          [-0.131 -0.010 -0.073 -0.198 +0.591 -0.024 -0.144]
                          [+0.083 +0.074 -0.112 +0.093 -0.024 +0.644 +0.031]
                          [-0.090 -0.103 +0.028 -0.081 -0.144 +0.031 +0.745]]

RHS vector b:            [+1.029 +1.016 +0.905 -0.229 +0.281 +0.898 +0.390]
Obj vector c:            [+2.537 +3.348 +3.908 +1.443 +4.021 +4.658 -0.212]

---------------------------- Optimal solution -----------------------------
Primal variables:         [+1.355 +1.976 +2.032 +0.302 +1.491 +1.302 +1.149]
Dual slacks:              [+1.737 +2.535 +2.606 +0.388 +1.912 +1.669 +1.474]
Dual variables:           [-0.346 +1.609 +5.162 +3.826 +5.390 +5.088 -1.033]

Optimal objective:       +3.02493101e+01
===========================================================================

[F[K 
----------------- Linear system Information -----------------
Norm of RHS vector:      2.00e+00
Norm of matrix:          1.00e+00
Condition number:        4.00e+00

Minimum eigenvalue:      +2.50e-01

RHS vector transpose:    [+1.029 +1.016 +0.905 -0.229 +0.281 +0.898 +0.390]

Coffcient matrix:        [[+0.638 +0.058 +0.095 +0.165 -0.131 +0.083 -0.090]
                          [+0.058 +0.562 -0.059 -0.051 -0.010 +0.074 -0.103]
                          [+0.095 -0.059 +0.569 -0.134 -0.073 -0.112 +0.028]
                          [+0.165 -0.051 -0.134 +0.626 -0.198 +0.093 -0.081]
                          [-0.131 -0.010 -0.073 -0.198 +0.591 -0.024 -0.144]
                          [+0.083 +0.074 -0.112 +0.093 -0.024 +0.644 +0.031]
                          [-0.090 -0.103 +0.028 -0.081 -0.144 +0.031 +0.745]]

------------- Modified linear system Information ------------
Norm of RHS vector:      1.00e+00
Norm of matrix:          5.00e-01
Condition number:        4.00e+00

Norm of difference:      2.97e+00
Norm of residual:        1.00e+00

------------------- Parameters of the QLSA ------------------
HHL method:              2
num_qubits:              8
Is simulator:            True

-------------------- Results of the QLSA --------------------
Quantum solution:        [+1.495 +1.919 +0.466 -1.744 +0.120 +0.978 +0.768]
Exact solution:          [+1.355 +1.976 +2.032 +0.302 +1.491 +1.302 +1.149]

Norm of difference:      2.97e+00
Norm of residual:        1.00e+00
Is sign changed:         False
Time (s):                1.78e+01
=============================================================
