
--------------- Linear optimization problem characteristics ---------------
Seed:                    31
Number of variables:     8
Number of constraints:   8

Norm of primal sol:      2.71e+00
Norm of dual sol:        1.00e+01
Norm of dual slacks:     5.00e+00

Norm of vector b:        2.00e+00
Norm of vector c:        6.18e+00

Norm of matrix A:        1.00e+00
Condition number:        4.00e+00

----------------------- Linear optimization problem -----------------------
Coeff matrix A:          [[+0.619 -0.053 +0.115 -0.121 -0.033 -0.032 +0.152 -0.179]
                          [-0.053 +0.547 +0.026 -0.010 +0.120 -0.048 -0.037 +0.117]
                          [+0.115 +0.026 +0.624 +0.046 +0.138 +0.101 -0.024 -0.040]
                          [-0.121 -0.010 +0.046 +0.693 +0.057 -0.041 +0.051 +0.057]
                          [-0.033 +0.120 +0.138 +0.057 +0.509 -0.073 -0.070 -0.023]
                          [-0.032 -0.048 +0.101 -0.041 -0.073 +0.574 +0.203 +0.040]
                          [+0.152 -0.037 -0.024 +0.051 -0.070 +0.203 +0.725 +0.026]
                          [-0.179 +0.117 -0.040 +0.057 -0.023 +0.040 +0.026 +0.710]]

RHS vector b:            [+0.306 +0.746 +0.879 +1.066 +0.436 +0.340 +1.040 +0.233]
Obj vector c:            [-3.006 +3.077 -1.162 +1.722 +1.586 -1.823 -2.662 -1.548]

---------------------------- Optimal solution -----------------------------
Primal variables:         [+0.417 +1.398 +1.124 +1.440 +0.304 +0.200 +1.325 +0.100]
Dual slacks:              [+0.769 +2.576 +2.071 +2.653 +0.560 +0.368 +2.442 +0.185]
Dual variables:           [-5.077 +0.521 -4.909 -1.406 +2.015 -0.847 -5.453 -3.655]

Optimal objective:       +6.54972657e-01
===========================================================================


----------------- Linear system Information -----------------
Norm of RHS vector:      2.00e+00
Norm of matrix:          1.00e+00
Condition number:        4.00e+00

Minimum eigenvalue:      +2.50e-01

RHS vector transpose:    [+0.306 +0.746 +0.879 +1.066 +0.436 +0.340 +1.040 +0.233]

Coffcient matrix:        [[+0.619 -0.053 +0.115 -0.121 -0.033 -0.032 +0.152 -0.179]
                          [-0.053 +0.547 +0.026 -0.010 +0.120 -0.048 -0.037 +0.117]
                          [+0.115 +0.026 +0.624 +0.046 +0.138 +0.101 -0.024 -0.040]
                          [-0.121 -0.010 +0.046 +0.693 +0.057 -0.041 +0.051 +0.057]
                          [-0.033 +0.120 +0.138 +0.057 +0.509 -0.073 -0.070 -0.023]
                          [-0.032 -0.048 +0.101 -0.041 -0.073 +0.574 +0.203 +0.040]
                          [+0.152 -0.037 -0.024 +0.051 -0.070 +0.203 +0.725 +0.026]
                          [-0.179 +0.117 -0.040 +0.057 -0.023 +0.040 +0.026 +0.710]]

------------- Modified linear system Information ------------
Norm of RHS vector:      1.00e+00
Norm of matrix:          5.00e-01
Condition number:        4.00e+00

Norm of difference:      1.64e+00
Norm of residual:        1.03e+00

------------------- Parameters of the QLSA ------------------
HHL method:              2
num_qubits:              8
Is simulator:            True

-------------------- Results of the QLSA --------------------
Quantum solution:        [-0.228 +0.391 +0.950 +1.224 +0.364 +0.949 +1.126 +0.850]
Exact solution:          [+0.417 +1.398 +1.124 +1.440 +0.304 +0.200 +1.325 +0.100]

Norm of difference:      1.64e+00
Norm of residual:        1.03e+00
Is sign changed:         False
Time (s):                1.80e+01
=============================================================
