
--------------- Linear optimization problem characteristics ---------------
Seed:                    7
Number of variables:     10
Number of constraints:   10

Norm of primal sol:      2.90e+00
Norm of dual sol:        1.00e+01
Norm of dual slacks:     5.00e+00

Norm of vector b:        2.00e+00
Norm of vector c:        8.43e+00

Norm of matrix A:        1.00e+00
Condition number:        4.00e+00

----------------------- Linear optimization problem -----------------------
Coeff matrix A:          [[+0.506 -0.015 -0.168 -0.073 -0.036 -0.012 +0.041 +0.063 -0.017 -0.029]
                          [-0.015 +0.548 -0.026 -0.003 +0.017 +0.066 -0.049 +0.064 -0.019 +0.000]
                          [-0.168 -0.026 +0.650 -0.013 -0.028 +0.032 -0.071 +0.020 -0.019 +0.039]
                          [-0.073 -0.003 -0.013 +0.724 +0.005 -0.028 +0.138 +0.027 -0.100 +0.048]
                          [-0.036 +0.017 -0.028 +0.005 +0.639 -0.054 -0.021 -0.174 +0.093 +0.008]
                          [-0.012 +0.066 +0.032 -0.028 -0.054 +0.491 -0.003 +0.121 +0.105 +0.226]
                          [+0.041 -0.049 -0.071 +0.138 -0.021 -0.003 +0.675 -0.104 -0.140 +0.027]
                          [+0.063 +0.064 +0.020 +0.027 -0.174 +0.121 -0.104 +0.625 +0.032 -0.033]
                          [-0.017 -0.019 -0.019 -0.100 +0.093 +0.105 -0.140 +0.032 +0.684 -0.081]
                          [-0.029 +0.000 +0.039 +0.048 +0.008 +0.226 +0.027 -0.033 -0.081 +0.708]]

RHS vector b:            [-0.220 +0.719 +0.347 +0.928 +0.986 +0.659 +0.520 -0.061 +0.205 +0.855]
Obj vector c:            [+1.512 +4.101 +0.265 -2.347 +1.702 +3.207 -1.711 +1.510 +5.001 -1.714]

---------------------------- Optimal solution -----------------------------
Primal variables:         [+0.125 +1.274 +0.716 +1.182 +1.597 +0.880 +0.818 +0.118 +0.438 +0.816]
Dual slacks:              [+0.215 +2.196 +1.234 +2.037 +2.753 +1.516 +1.411 +0.203 +0.756 +1.407]
Dual variables:           [+1.761 +2.985 -1.170 -4.265 -2.082 +4.025 -2.816 -0.470 +4.237 -4.668]

Optimal objective:       +7.94090830e+00
===========================================================================

[F[K 
----------------- Linear system Information -----------------
Norm of RHS vector:      2.00e+00
Norm of matrix:          1.00e+00
Condition number:        4.00e+00

Minimum eigenvalue:      +2.50e-01

RHS vector transpose:    [-0.220 +0.719 +0.347 +0.928 +0.986 +0.659 +0.520 -0.061 +0.205 +0.855]

Coffcient matrix:        [[+0.506 -0.015 -0.168 -0.073 -0.036 -0.012 +0.041 +0.063 -0.017 -0.029]
                          [-0.015 +0.548 -0.026 -0.003 +0.017 +0.066 -0.049 +0.064 -0.019 +0.000]
                          [-0.168 -0.026 +0.650 -0.013 -0.028 +0.032 -0.071 +0.020 -0.019 +0.039]
                          [-0.073 -0.003 -0.013 +0.724 +0.005 -0.028 +0.138 +0.027 -0.100 +0.048]
                          [-0.036 +0.017 -0.028 +0.005 +0.639 -0.054 -0.021 -0.174 +0.093 +0.008]
                          [-0.012 +0.066 +0.032 -0.028 -0.054 +0.491 -0.003 +0.121 +0.105 +0.226]
                          [+0.041 -0.049 -0.071 +0.138 -0.021 -0.003 +0.675 -0.104 -0.140 +0.027]
                          [+0.063 +0.064 +0.020 +0.027 -0.174 +0.121 -0.104 +0.625 +0.032 -0.033]
                          [-0.017 -0.019 -0.019 -0.100 +0.093 +0.105 -0.140 +0.032 +0.684 -0.081]
                          [-0.029 +0.000 +0.039 +0.048 +0.008 +0.226 +0.027 -0.033 -0.081 +0.708]]

------------- Modified linear system Information ------------
Norm of RHS vector:      1.00e+00
Norm of matrix:          5.00e-01
Condition number:        4.00e+00

Norm of difference:      3.47e+00
Norm of residual:        2.76e+00

------------------- Parameters of the QLSA ------------------
HHL method:              2
num_qubits:              10
Is simulator:            True

-------------------- Results of the QLSA --------------------
Quantum solution:        [+0.324 +1.218 -0.313 +0.242 -0.756 +0.782 -0.761 +1.398 +0.143 +0.288]
Exact solution:          [+0.125 +1.274 +0.716 +1.182 +1.597 +0.880 +0.818 +0.118 +0.438 +0.816]

Norm of difference:      3.47e+00
Norm of residual:        2.76e+00
Is sign changed:         True
Time (s):                2.00e+02
=============================================================
