
--------------- Linear optimization problem characteristics ---------------
Seed:                    81
Number of variables:     8
Number of constraints:   8

Norm of primal sol:      3.50e+00
Norm of dual sol:        1.00e+01
Norm of dual slacks:     5.00e+00

Norm of vector b:        2.00e+00
Norm of vector c:        8.00e+00

Norm of matrix A:        1.00e+00
Condition number:        4.00e+00

----------------------- Linear optimization problem -----------------------
Coeff matrix A:          [[+0.573 +0.146 -0.085 -0.045 -0.115 -0.026 +0.071 -0.045]
                          [+0.146 +0.668 +0.009 +0.016 -0.121 +0.008 +0.097 +0.208]
                          [-0.085 +0.009 +0.661 -0.135 +0.018 -0.195 +0.026 -0.119]
                          [-0.045 +0.016 -0.135 +0.672 -0.054 +0.019 +0.149 +0.032]
                          [-0.115 -0.121 +0.018 -0.054 +0.626 -0.019 +0.035 +0.020]
                          [-0.026 +0.008 -0.195 +0.019 -0.019 +0.614 -0.120 -0.005]
                          [+0.071 +0.097 +0.026 +0.149 +0.035 -0.120 +0.638 +0.004]
                          [-0.045 +0.208 -0.119 +0.032 +0.020 -0.005 +0.004 +0.547]]

RHS vector b:            [+0.061 +0.674 +0.845 +0.988 +0.868 -0.371 +0.814 +0.546]
Obj vector c:            [-2.656 +2.265 +2.054 +1.839 +5.141 +1.694 -2.002 +3.305]

---------------------------- Optimal solution -----------------------------
Primal variables:         [+0.721 +0.692 +1.894 +1.854 +1.700 +0.121 +0.504 +1.033]
Dual slacks:              [+1.030 +0.988 +2.705 +2.649 +2.428 +0.172 +0.720 +1.476]
Dual variables:           [-6.438 +4.473 -1.582 -0.899 +4.209 +1.037 -3.994 +0.706]

Optimal objective:       +1.83002120e+01
===========================================================================


----------------- Linear system Information -----------------
Norm of RHS vector:      2.00e+00
Norm of matrix:          1.00e+00
Condition number:        4.00e+00

Minimum eigenvalue:      +2.50e-01

RHS vector transpose:    [+0.061 +0.674 +0.845 +0.988 +0.868 -0.371 +0.814 +0.546]

Coffcient matrix:        [[+0.573 +0.146 -0.085 -0.045 -0.115 -0.026 +0.071 -0.045]
                          [+0.146 +0.668 +0.009 +0.016 -0.121 +0.008 +0.097 +0.208]
                          [-0.085 +0.009 +0.661 -0.135 +0.018 -0.195 +0.026 -0.119]
                          [-0.045 +0.016 -0.135 +0.672 -0.054 +0.019 +0.149 +0.032]
                          [-0.115 -0.121 +0.018 -0.054 +0.626 -0.019 +0.035 +0.020]
                          [-0.026 +0.008 -0.195 +0.019 -0.019 +0.614 -0.120 -0.005]
                          [+0.071 +0.097 +0.026 +0.149 +0.035 -0.120 +0.638 +0.004]
                          [-0.045 +0.208 -0.119 +0.032 +0.020 -0.005 +0.004 +0.547]]

------------- Modified linear system Information ------------
Norm of RHS vector:      1.00e+00
Norm of matrix:          5.00e-01
Condition number:        4.00e+00

Norm of difference:      2.78e+00
Norm of residual:        1.55e+00

------------------- Parameters of the QLSA ------------------
HHL method:              2
num_qubits:              8
Is simulator:            True

-------------------- Results of the QLSA --------------------
Quantum solution:        [+1.083 +0.941 +0.582 +1.295 +0.175 -0.821 +1.049 -0.385]
Exact solution:          [+0.721 +0.692 +1.894 +1.854 +1.700 +0.121 +0.504 +1.033]

Norm of difference:      2.78e+00
Norm of residual:        1.55e+00
Is sign changed:         False
Time (s):                1.80e+01
=============================================================
