
--------------- Linear optimization problem characteristics ---------------
Seed:                    80
Number of variables:     6
Number of constraints:   6

Norm of primal sol:      4.64e+00
Norm of dual sol:        1.00e+01
Norm of dual slacks:     5.00e+00

Norm of vector b:        2.00e+00
Norm of vector c:        8.97e+00

Norm of matrix A:        1.00e+00
Condition number:        4.00e+00

----------------------- Linear optimization problem -----------------------
Coeff matrix A:          [[+0.539 -0.206 -0.077 -0.129 -0.123 +0.153]
                          [-0.206 +0.643 +0.070 -0.152 -0.016 +0.006]
                          [-0.077 +0.070 +0.563 -0.031 +0.057 +0.030]
                          [-0.129 -0.152 -0.031 +0.666 -0.015 -0.089]
                          [-0.123 -0.016 +0.057 -0.015 +0.781 -0.175]
                          [+0.153 +0.006 +0.030 -0.089 -0.175 +0.559]]

RHS vector b:            [+0.064 +0.715 +0.614 +0.557 +1.500 +0.740]
Obj vector c:            [-0.431 +1.864 -0.255 +0.346 +8.557 -1.825]

---------------------------- Optimal solution -----------------------------
Primal variables:         [+1.506 +2.019 +0.779 +1.947 +2.621 +1.977]
Dual slacks:              [+1.624 +2.176 +0.840 +2.098 +2.825 +2.131]
Dual variables:           [-3.357 -2.128 -2.709 -4.419 +5.785 -4.885]

Optimal objective:       +2.24029448e+01
===========================================================================

[F[K 
----------------- Linear system Information -----------------
Norm of RHS vector:      2.00e+00
Norm of matrix:          1.00e+00
Condition number:        4.00e+00

Minimum eigenvalue:      +2.50e-01

RHS vector transpose:    [+0.064 +0.715 +0.614 +0.557 +1.500 +0.740]

Coffcient matrix:        [[+0.539 -0.206 -0.077 -0.129 -0.123 +0.153]
                          [-0.206 +0.643 +0.070 -0.152 -0.016 +0.006]
                          [-0.077 +0.070 +0.563 -0.031 +0.057 +0.030]
                          [-0.129 -0.152 -0.031 +0.666 -0.015 -0.089]
                          [-0.123 -0.016 +0.057 -0.015 +0.781 -0.175]
                          [+0.153 +0.006 +0.030 -0.089 -0.175 +0.559]]

------------- Modified linear system Information ------------
Norm of RHS vector:      1.00e+00
Norm of matrix:          5.00e-01
Condition number:        4.00e+00

Norm of difference:      4.81e+00
Norm of residual:        2.23e+00

------------------- Parameters of the QLSA ------------------
HHL method:              2
num_qubits:              8
Is simulator:            True

-------------------- Results of the QLSA --------------------
Quantum solution:        [-0.870 +1.021 -2.642 +0.864 +1.468 +3.484]
Exact solution:          [+1.506 +2.019 +0.779 +1.947 +2.621 +1.977]

Norm of difference:      4.81e+00
Norm of residual:        2.23e+00
Is sign changed:         False
Time (s):                1.84e+01
=============================================================
