
--------------- Linear optimization problem characteristics ---------------
Seed:                    26
Number of variables:     7
Number of constraints:   7

Norm of primal sol:      3.66e+00
Norm of dual sol:        1.00e+01
Norm of dual slacks:     5.00e+00

Norm of vector b:        2.00e+00
Norm of vector c:        8.72e+00

Norm of matrix A:        1.00e+00
Condition number:        4.00e+00

----------------------- Linear optimization problem -----------------------
Coeff matrix A:          [[+0.549 +0.099 -0.098 +0.115 -0.101 +0.164 +0.020]
                          [+0.099 +0.589 -0.097 -0.111 -0.146 +0.044 +0.063]
                          [-0.098 -0.097 +0.688 +0.067 +0.043 +0.095 -0.035]
                          [+0.115 -0.111 +0.067 +0.632 -0.169 -0.030 -0.064]
                          [-0.101 -0.146 +0.043 -0.169 +0.652 -0.103 +0.179]
                          [+0.164 +0.044 +0.095 -0.030 -0.103 +0.634 +0.030]
                          [+0.020 +0.063 -0.035 -0.064 +0.179 +0.030 +0.630]]

RHS vector b:            [+0.430 +0.171 +1.280 +0.839 +0.912 +0.377 +0.685]
Obj vector c:            [+0.665 +5.065 -2.186 -1.862 +4.442 -1.757 +4.336]

---------------------------- Optimal solution -----------------------------
Primal variables:         [+0.721 +1.216 +1.799 +1.848 +2.038 +0.440 +0.631]
Dual slacks:              [+0.985 +1.661 +2.457 +2.524 +2.785 +0.601 +0.862]
Dual variables:           [-0.063 +3.933 -5.018 -5.268 +0.639 -3.573 +4.292]

Optimal objective:       +1.02834506e+01
===========================================================================

[F[K 
----------------- Linear system Information -----------------
Norm of RHS vector:      2.00e+00
Norm of matrix:          1.00e+00
Condition number:        4.00e+00

Minimum eigenvalue:      +2.50e-01

RHS vector transpose:    [+0.430 +0.171 +1.280 +0.839 +0.912 +0.377 +0.685]

Coffcient matrix:        [[+0.549 +0.099 -0.098 +0.115 -0.101 +0.164 +0.020]
                          [+0.099 +0.589 -0.097 -0.111 -0.146 +0.044 +0.063]
                          [-0.098 -0.097 +0.688 +0.067 +0.043 +0.095 -0.035]
                          [+0.115 -0.111 +0.067 +0.632 -0.169 -0.030 -0.064]
                          [-0.101 -0.146 +0.043 -0.169 +0.652 -0.103 +0.179]
                          [+0.164 +0.044 +0.095 -0.030 -0.103 +0.634 +0.030]
                          [+0.020 +0.063 -0.035 -0.064 +0.179 +0.030 +0.630]]

------------- Modified linear system Information ------------
Norm of RHS vector:      1.00e+00
Norm of matrix:          5.00e-01
Condition number:        4.00e+00

Norm of difference:      4.99e+00
Norm of residual:        2.53e+00

------------------- Parameters of the QLSA ------------------
HHL method:              2
num_qubits:              8
Is simulator:            True

-------------------- Results of the QLSA --------------------
Quantum solution:        [+3.142 -1.420 +0.438 +0.638 -0.227 -1.137 -0.440]
Exact solution:          [+0.721 +1.216 +1.799 +1.848 +2.038 +0.440 +0.631]

Norm of difference:      4.99e+00
Norm of residual:        2.53e+00
Is sign changed:         False
Time (s):                1.79e+01
=============================================================
