
--------------- Linear optimization problem characteristics ---------------
Seed:                    83
Number of variables:     10
Number of constraints:   10

Norm of primal sol:      2.87e+00
Norm of dual sol:        1.00e+01
Norm of dual slacks:     5.00e+00

Norm of vector b:        2.00e+00
Norm of vector c:        7.59e+00

Norm of matrix A:        1.00e+00
Condition number:        4.00e+00

----------------------- Linear optimization problem -----------------------
Coeff matrix A:          [[+0.737 +0.019 +0.027 -0.042 -0.059 +0.121 +0.037 +0.052 -0.071 -0.022]
                          [+0.019 +0.619 -0.062 -0.064 -0.064 -0.018 -0.067 +0.069 +0.019 +0.099]
                          [+0.027 -0.062 +0.645 +0.099 +0.075 -0.053 -0.014 +0.094 -0.060 -0.061]
                          [-0.042 -0.064 +0.099 +0.582 -0.073 +0.051 +0.162 +0.142 +0.030 -0.062]
                          [-0.059 -0.064 +0.075 -0.073 +0.490 +0.032 -0.081 -0.094 +0.040 +0.062]
                          [+0.121 -0.018 -0.053 +0.051 +0.032 +0.739 -0.054 -0.027 +0.160 +0.104]
                          [+0.037 -0.067 -0.014 +0.162 -0.081 -0.054 +0.551 +0.041 +0.136 -0.040]
                          [+0.052 +0.069 +0.094 +0.142 -0.094 -0.027 +0.041 +0.676 +0.032 -0.083]
                          [-0.071 +0.019 -0.060 +0.030 +0.040 +0.160 +0.136 +0.032 +0.667 -0.091]
                          [-0.022 +0.099 -0.061 -0.062 +0.062 +0.104 -0.040 -0.083 -0.091 +0.545]]

RHS vector b:            [+0.331 +0.537 +0.861 +0.921 +0.445 +0.552 +0.420 +1.030 +0.486 +0.189]
Obj vector c:            [+0.688 -0.614 +2.144 +4.305 +2.135 -1.503 +1.473 +4.224 -1.462 +2.170]

---------------------------- Optimal solution -----------------------------
Primal variables:         [+0.408 +1.087 +1.055 +1.235 +1.315 +0.567 +0.615 +1.181 +0.449 +0.467]
Dual slacks:              [+0.712 +1.894 +1.838 +2.153 +2.292 +0.988 +1.071 +2.059 +0.783 +0.815]
Dual variables:           [+0.837 -5.122 -1.277 +3.784 +0.238 -4.213 -0.962 +3.629 -1.757 +4.704]

Optimal objective:       +1.53999699e+01
===========================================================================

[F[K 
----------------- Linear system Information -----------------
Norm of RHS vector:      2.00e+00
Norm of matrix:          1.00e+00
Condition number:        4.00e+00

Minimum eigenvalue:      +2.50e-01

RHS vector transpose:    [+0.331 +0.537 +0.861 +0.921 +0.445 +0.552 +0.420 +1.030 +0.486 +0.189]

Coffcient matrix:        [[+0.737 +0.019 +0.027 -0.042 -0.059 +0.121 +0.037 +0.052 -0.071 -0.022]
                          [+0.019 +0.619 -0.062 -0.064 -0.064 -0.018 -0.067 +0.069 +0.019 +0.099]
                          [+0.027 -0.062 +0.645 +0.099 +0.075 -0.053 -0.014 +0.094 -0.060 -0.061]
                          [-0.042 -0.064 +0.099 +0.582 -0.073 +0.051 +0.162 +0.142 +0.030 -0.062]
                          [-0.059 -0.064 +0.075 -0.073 +0.490 +0.032 -0.081 -0.094 +0.040 +0.062]
                          [+0.121 -0.018 -0.053 +0.051 +0.032 +0.739 -0.054 -0.027 +0.160 +0.104]
                          [+0.037 -0.067 -0.014 +0.162 -0.081 -0.054 +0.551 +0.041 +0.136 -0.040]
                          [+0.052 +0.069 +0.094 +0.142 -0.094 -0.027 +0.041 +0.676 +0.032 -0.083]
                          [-0.071 +0.019 -0.060 +0.030 +0.040 +0.160 +0.136 +0.032 +0.667 -0.091]
                          [-0.022 +0.099 -0.061 -0.062 +0.062 +0.104 -0.040 -0.083 -0.091 +0.545]]

------------- Modified linear system Information ------------
Norm of RHS vector:      1.00e+00
Norm of matrix:          5.00e-01
Condition number:        4.00e+00

Norm of difference:      3.32e+00
Norm of residual:        2.54e+00

------------------- Parameters of the QLSA ------------------
HHL method:              2
num_qubits:              10
Is simulator:            True

-------------------- Results of the QLSA --------------------
Quantum solution:        [+1.286 +0.628 -0.627 +0.157 +0.013 +1.530 -0.740 -0.001 +0.057 +0.287]
Exact solution:          [+0.408 +1.087 +1.055 +1.235 +1.315 +0.567 +0.615 +1.181 +0.449 +0.467]

Norm of difference:      3.32e+00
Norm of residual:        2.54e+00
Is sign changed:         True
Time (s):                2.07e+02
=============================================================
