
--------------- Linear optimization problem characteristics ---------------
Seed:                    3
Number of variables:     9
Number of constraints:   9

Norm of primal sol:      2.85e+00
Norm of dual sol:        1.00e+01
Norm of dual slacks:     5.00e+00

Norm of vector b:        2.00e+00
Norm of vector c:        5.64e+00

Norm of matrix A:        1.00e+00
Condition number:        4.00e+00

----------------------- Linear optimization problem -----------------------
Coeff matrix A:          [[+0.593 -0.068 -0.191 +0.140 -0.042 -0.113 +0.075 +0.083 +0.020]
                          [-0.068 +0.657 +0.028 -0.022 +0.070 +0.029 -0.035 -0.108 +0.027]
                          [-0.191 +0.028 +0.486 +0.050 +0.016 +0.013 +0.073 -0.012 -0.122]
                          [+0.140 -0.022 +0.050 +0.554 +0.018 -0.072 +0.183 +0.005 -0.015]
                          [-0.042 +0.070 +0.016 +0.018 +0.539 +0.172 +0.004 -0.034 -0.057]
                          [-0.113 +0.029 +0.013 -0.072 +0.172 +0.653 -0.011 +0.126 -0.052]
                          [+0.075 -0.035 +0.073 +0.183 +0.004 -0.011 +0.728 -0.060 +0.017]
                          [+0.083 -0.108 -0.012 +0.005 -0.034 +0.126 -0.060 +0.697 +0.077]
                          [+0.020 +0.027 -0.122 -0.015 -0.057 -0.052 +0.017 +0.077 +0.719]]

RHS vector b:            [+0.309 +0.827 +0.183 +0.566 +1.131 +1.163 +0.347 +0.324 -0.094]
Obj vector c:            [+1.432 -1.471 +0.713 +2.572 +1.284 +2.601 +2.087 -2.780 +0.150]

---------------------------- Optimal solution -----------------------------
Primal variables:         [+0.935 +1.202 +0.494 +0.867 +1.515 +1.521 +0.213 +0.352 +0.087]
Dual slacks:              [+1.642 +2.111 +0.867 +1.523 +2.662 +2.672 +0.374 +0.618 +0.153]
Dual variables:           [-0.786 -6.243 -0.573 +1.981 -2.942 +2.341 +1.207 -6.321 +0.782]

Optimal objective:       +7.53354568e+00
===========================================================================

[F[K 
----------------- Linear system Information -----------------
Norm of RHS vector:      2.00e+00
Norm of matrix:          1.00e+00
Condition number:        4.00e+00

Minimum eigenvalue:      +2.50e-01

RHS vector transpose:    [+0.309 +0.827 +0.183 +0.566 +1.131 +1.163 +0.347 +0.324 -0.094]

Coffcient matrix:        [[+0.593 -0.068 -0.191 +0.140 -0.042 -0.113 +0.075 +0.083 +0.020]
                          [-0.068 +0.657 +0.028 -0.022 +0.070 +0.029 -0.035 -0.108 +0.027]
                          [-0.191 +0.028 +0.486 +0.050 +0.016 +0.013 +0.073 -0.012 -0.122]
                          [+0.140 -0.022 +0.050 +0.554 +0.018 -0.072 +0.183 +0.005 -0.015]
                          [-0.042 +0.070 +0.016 +0.018 +0.539 +0.172 +0.004 -0.034 -0.057]
                          [-0.113 +0.029 +0.013 -0.072 +0.172 +0.653 -0.011 +0.126 -0.052]
                          [+0.075 -0.035 +0.073 +0.183 +0.004 -0.011 +0.728 -0.060 +0.017]
                          [+0.083 -0.108 -0.012 +0.005 -0.034 +0.126 -0.060 +0.697 +0.077]
                          [+0.020 +0.027 -0.122 -0.015 -0.057 -0.052 +0.017 +0.077 +0.719]]

------------- Modified linear system Information ------------
Norm of RHS vector:      1.00e+00
Norm of matrix:          5.00e-01
Condition number:        4.00e+00

Norm of difference:      3.56e+00
Norm of residual:        2.72e+00

------------------- Parameters of the QLSA ------------------
HHL method:              2
num_qubits:              10
Is simulator:            True

-------------------- Results of the QLSA --------------------
Quantum solution:        [+0.273 -0.987 -0.088 -0.174 -0.228 +0.835 -0.139 +1.849 +0.425]
Exact solution:          [+0.935 +1.202 +0.494 +0.867 +1.515 +1.521 +0.213 +0.352 +0.087]

Norm of difference:      3.56e+00
Norm of residual:        2.72e+00
Is sign changed:         False
Time (s):                2.19e+02
=============================================================
