
--------------- Linear optimization problem characteristics ---------------
Seed:                    19
Number of variables:     9
Number of constraints:   9

Norm of primal sol:      4.22e+00
Norm of dual sol:        1.00e+01
Norm of dual slacks:     5.00e+00

Norm of vector b:        2.00e+00
Norm of vector c:        6.74e+00

Norm of matrix A:        1.00e+00
Condition number:        4.00e+00

----------------------- Linear optimization problem -----------------------
Coeff matrix A:          [[+0.606 -0.188 -0.033 +0.033 -0.065 +0.020 +0.072 +0.094 -0.086]
                          [-0.188 +0.529 -0.096 -0.022 +0.022 -0.079 -0.054 +0.105 +0.025]
                          [-0.033 -0.096 +0.630 -0.035 -0.044 -0.114 -0.079 +0.007 -0.138]
                          [+0.033 -0.022 -0.035 +0.738 -0.068 +0.083 -0.095 -0.036 +0.053]
                          [-0.065 +0.022 -0.044 -0.068 +0.590 +0.012 +0.008 -0.063 +0.050]
                          [+0.020 -0.079 -0.114 +0.083 +0.012 +0.688 +0.135 +0.003 -0.085]
                          [+0.072 -0.054 -0.079 -0.095 +0.008 +0.135 +0.595 -0.047 -0.057]
                          [+0.094 +0.105 +0.007 -0.036 -0.063 +0.003 -0.047 +0.518 -0.198]
                          [-0.086 +0.025 -0.138 +0.053 +0.050 -0.085 -0.057 -0.198 +0.731]]

RHS vector b:            [-0.170 +1.078 -0.332 +0.058 +0.478 -0.009 +0.634 +0.641 +1.286]
Obj vector c:            [+1.934 -0.633 +2.249 +1.054 -1.397 -3.497 +1.642 -0.454 +4.247]

---------------------------- Optimal solution -----------------------------
Primal variables:         [+0.244 +1.903 +0.617 +0.345 +0.828 +0.207 +1.680 +2.016 +2.456]
Dual slacks:              [+0.289 +2.253 +0.731 +0.409 +0.981 +0.246 +1.989 +2.387 +2.909]
Dual variables:           [+2.032 -4.256 +0.734 +0.683 -3.984 -5.787 -0.005 -5.212 +0.490]

Optimal objective:       +1.14103168e+01
===========================================================================

[F[K 
----------------- Linear system Information -----------------
Norm of RHS vector:      2.00e+00
Norm of matrix:          1.00e+00
Condition number:        4.00e+00

Minimum eigenvalue:      +2.50e-01

RHS vector transpose:    [-0.170 +1.078 -0.332 +0.058 +0.478 -0.009 +0.634 +0.641 +1.286]

Coffcient matrix:        [[+0.606 -0.188 -0.033 +0.033 -0.065 +0.020 +0.072 +0.094 -0.086]
                          [-0.188 +0.529 -0.096 -0.022 +0.022 -0.079 -0.054 +0.105 +0.025]
                          [-0.033 -0.096 +0.630 -0.035 -0.044 -0.114 -0.079 +0.007 -0.138]
                          [+0.033 -0.022 -0.035 +0.738 -0.068 +0.083 -0.095 -0.036 +0.053]
                          [-0.065 +0.022 -0.044 -0.068 +0.590 +0.012 +0.008 -0.063 +0.050]
                          [+0.020 -0.079 -0.114 +0.083 +0.012 +0.688 +0.135 +0.003 -0.085]
                          [+0.072 -0.054 -0.079 -0.095 +0.008 +0.135 +0.595 -0.047 -0.057]
                          [+0.094 +0.105 +0.007 -0.036 -0.063 +0.003 -0.047 +0.518 -0.198]
                          [-0.086 +0.025 -0.138 +0.053 +0.050 -0.085 -0.057 -0.198 +0.731]]

------------- Modified linear system Information ------------
Norm of RHS vector:      1.00e+00
Norm of matrix:          5.00e-01
Condition number:        4.00e+00

Norm of difference:      6.08e+00
Norm of residual:        2.76e+00

------------------- Parameters of the QLSA ------------------
HHL method:              2
num_qubits:              10
Is simulator:            True

-------------------- Results of the QLSA --------------------
Quantum solution:        [+0.078 -0.450 -2.187 +1.057 -0.243 +0.493 +0.133 -1.258 -0.482]
Exact solution:          [+0.244 +1.903 +0.617 +0.345 +0.828 +0.207 +1.680 +2.016 +2.456]

Norm of difference:      6.08e+00
Norm of residual:        2.76e+00
Is sign changed:         False
Time (s):                2.01e+02
=============================================================
