
--------------- Linear optimization problem characteristics ---------------
Seed:                    74
Number of variables:     9
Number of constraints:   9

Norm of primal sol:      2.87e+00
Norm of dual sol:        1.00e+01
Norm of dual slacks:     5.00e+00

Norm of vector b:        2.00e+00
Norm of vector c:        6.19e+00

Norm of matrix A:        1.00e+00
Condition number:        4.00e+00

----------------------- Linear optimization problem -----------------------
Coeff matrix A:          [[+0.624 +0.018 -0.020 -0.152 +0.003 -0.047 -0.084 +0.054 -0.119]
                          [+0.018 +0.583 -0.016 +0.010 +0.100 +0.012 -0.150 +0.037 -0.121]
                          [-0.020 -0.016 +0.671 +0.056 -0.023 +0.090 -0.030 -0.045 +0.082]
                          [-0.152 +0.010 +0.056 +0.523 -0.029 +0.022 +0.125 +0.089 +0.039]
                          [+0.003 +0.100 -0.023 -0.029 +0.646 +0.158 +0.033 +0.125 -0.177]
                          [-0.047 +0.012 +0.090 +0.022 +0.158 +0.622 +0.111 -0.126 +0.037]
                          [-0.084 -0.150 -0.030 +0.125 +0.033 +0.111 +0.691 +0.027 -0.017]
                          [+0.054 +0.037 -0.045 +0.089 +0.125 -0.126 +0.027 +0.675 +0.042]
                          [-0.119 -0.121 +0.082 +0.039 -0.177 +0.037 -0.017 +0.042 +0.590]]

RHS vector b:            [-0.108 +0.475 +0.976 +0.573 +0.478 +0.972 +0.714 +0.682 +0.578]
Obj vector c:            [-0.029 +4.930 +1.524 -1.166 -0.482 -0.290 -2.281 +2.198 -0.059]

---------------------------- Optimal solution -----------------------------
Primal variables:         [+0.303 +1.174 +1.288 +0.489 +0.372 +1.213 +1.068 +0.990 +1.063]
Dual slacks:              [+0.527 +2.047 +2.245 +0.853 +0.649 +2.114 +1.861 +1.725 +1.853]
Dual variables:           [-3.695 +3.532 -0.225 -4.007 -3.353 -1.680 -4.709 +2.070 -4.152]

Optimal objective:       +6.31760076e+00
===========================================================================

[F[K 
----------------- Linear system Information -----------------
Norm of RHS vector:      2.00e+00
Norm of matrix:          1.00e+00
Condition number:        4.00e+00

Minimum eigenvalue:      +2.50e-01

RHS vector transpose:    [-0.108 +0.475 +0.976 +0.573 +0.478 +0.972 +0.714 +0.682 +0.578]

Coffcient matrix:        [[+0.624 +0.018 -0.020 -0.152 +0.003 -0.047 -0.084 +0.054 -0.119]
                          [+0.018 +0.583 -0.016 +0.010 +0.100 +0.012 -0.150 +0.037 -0.121]
                          [-0.020 -0.016 +0.671 +0.056 -0.023 +0.090 -0.030 -0.045 +0.082]
                          [-0.152 +0.010 +0.056 +0.523 -0.029 +0.022 +0.125 +0.089 +0.039]
                          [+0.003 +0.100 -0.023 -0.029 +0.646 +0.158 +0.033 +0.125 -0.177]
                          [-0.047 +0.012 +0.090 +0.022 +0.158 +0.622 +0.111 -0.126 +0.037]
                          [-0.084 -0.150 -0.030 +0.125 +0.033 +0.111 +0.691 +0.027 -0.017]
                          [+0.054 +0.037 -0.045 +0.089 +0.125 -0.126 +0.027 +0.675 +0.042]
                          [-0.119 -0.121 +0.082 +0.039 -0.177 +0.037 -0.017 +0.042 +0.590]]

------------- Modified linear system Information ------------
Norm of RHS vector:      1.00e+00
Norm of matrix:          5.00e-01
Condition number:        4.00e+00

Norm of difference:      5.40e+00
Norm of residual:        2.69e+00

------------------- Parameters of the QLSA ------------------
HHL method:              2
num_qubits:              10
Is simulator:            True

-------------------- Results of the QLSA --------------------
Quantum solution:        [-1.045 +1.563 +0.914 -3.473 +0.630 -1.300 +2.851 +0.142 +0.013]
Exact solution:          [+0.303 +1.174 +1.288 +0.489 +0.372 +1.213 +1.068 +0.990 +1.063]

Norm of difference:      5.40e+00
Norm of residual:        2.69e+00
Is sign changed:         True
Time (s):                1.99e+02
=============================================================
