
--------------- Linear optimization problem characteristics ---------------
Seed:                    73
Number of variables:     6
Number of constraints:   6

Norm of primal sol:      3.03e+00
Norm of dual sol:        1.00e+01
Norm of dual slacks:     5.00e+00

Norm of vector b:        2.00e+00
Norm of vector c:        8.65e+00

Norm of matrix A:        1.00e+00
Condition number:        4.00e+00

----------------------- Linear optimization problem -----------------------
Coeff matrix A:          [[+0.671 -0.146 -0.015 -0.009 -0.069 +0.129]
                          [-0.146 +0.742 -0.073 +0.027 +0.113 +0.261]
                          [-0.015 -0.073 +0.702 -0.048 +0.013 +0.174]
                          [-0.009 +0.027 -0.048 +0.470 -0.074 -0.009]
                          [-0.069 +0.113 +0.013 -0.074 +0.540 +0.045]
                          [+0.129 +0.261 +0.174 -0.009 +0.045 +0.625]]

RHS vector b:            [+0.794 +0.944 +0.773 +0.552 +0.604 +1.101]
Obj vector c:            [-1.186 +3.906 +6.811 +0.343 +1.838 +2.886]

---------------------------- Optimal solution -----------------------------
Primal variables:         [+1.529 +1.281 +1.218 +1.452 +1.173 +0.510]
Dual slacks:              [+2.520 +2.112 +2.007 +2.392 +1.933 +0.841]
Dual variables:           [-5.732 +1.614 +6.104 -4.240 -2.147 +2.167]

Optimal objective:       +1.56127631e+01
===========================================================================

[F[K 
----------------- Linear system Information -----------------
Norm of RHS vector:      2.00e+00
Norm of matrix:          1.00e+00
Condition number:        4.00e+00

Minimum eigenvalue:      +2.50e-01

RHS vector transpose:    [+0.794 +0.944 +0.773 +0.552 +0.604 +1.101]

Coffcient matrix:        [[+0.671 -0.146 -0.015 -0.009 -0.069 +0.129]
                          [-0.146 +0.742 -0.073 +0.027 +0.113 +0.261]
                          [-0.015 -0.073 +0.702 -0.048 +0.013 +0.174]
                          [-0.009 +0.027 -0.048 +0.470 -0.074 -0.009]
                          [-0.069 +0.113 +0.013 -0.074 +0.540 +0.045]
                          [+0.129 +0.261 +0.174 -0.009 +0.045 +0.625]]

------------- Modified linear system Information ------------
Norm of RHS vector:      1.00e+00
Norm of matrix:          5.00e-01
Condition number:        4.00e+00

Norm of difference:      1.34e+00
Norm of residual:        3.69e-01

------------------- Parameters of the QLSA ------------------
HHL method:              2
num_qubits:              8
Is simulator:            True

-------------------- Results of the QLSA --------------------
Quantum solution:        [+1.071 +0.515 +0.791 +1.822 +1.474 +1.283]
Exact solution:          [+1.529 +1.281 +1.218 +1.452 +1.173 +0.510]

Norm of difference:      1.34e+00
Norm of residual:        3.69e-01
Is sign changed:         False
Time (s):                1.79e+01
=============================================================
