
--------------- Linear optimization problem characteristics ---------------
Seed:                    100
Number of variables:     6
Number of constraints:   6

Norm of primal sol:      2.94e+00
Norm of dual sol:        1.00e+01
Norm of dual slacks:     5.00e+00

Norm of vector b:        2.00e+00
Norm of vector c:        8.16e+00

Norm of matrix A:        1.00e+00
Condition number:        4.00e+00

----------------------- Linear optimization problem -----------------------
Coeff matrix A:          [[+0.720 -0.107 +0.141 +0.100 +0.045 +0.129]
                          [-0.107 +0.580 -0.063 +0.014 +0.022 +0.150]
                          [+0.141 -0.063 +0.393 -0.044 -0.176 -0.010]
                          [+0.100 +0.014 -0.044 +0.532 +0.022 -0.014]
                          [+0.045 +0.022 -0.176 +0.022 +0.694 +0.124]
                          [+0.129 +0.150 -0.010 -0.014 +0.124 +0.831]]

RHS vector b:            [+1.353 +0.277 +0.483 +1.264 -0.019 +0.511]
Obj vector c:            [+2.742 +3.462 -1.038 +4.997 +4.435 -1.135]

---------------------------- Optimal solution -----------------------------
Primal variables:         [+1.409 +0.722 +1.101 +2.191 +0.012 +0.315]
Dual slacks:              [+2.400 +1.230 +1.875 +3.731 +0.021 +0.537]
Dual variables:           [+2.389 +4.560 -5.084 +1.051 +5.476 -4.069]

Optimal objective:       +1.58657349e+01
===========================================================================

[F[K 
----------------- Linear system Information -----------------
Norm of RHS vector:      2.00e+00
Norm of matrix:          1.00e+00
Condition number:        4.00e+00

Minimum eigenvalue:      +2.50e-01

RHS vector transpose:    [+1.353 +0.277 +0.483 +1.264 -0.019 +0.511]

Coffcient matrix:        [[+0.720 -0.107 +0.141 +0.100 +0.045 +0.129]
                          [-0.107 +0.580 -0.063 +0.014 +0.022 +0.150]
                          [+0.141 -0.063 +0.393 -0.044 -0.176 -0.010]
                          [+0.100 +0.014 -0.044 +0.532 +0.022 -0.014]
                          [+0.045 +0.022 -0.176 +0.022 +0.694 +0.124]
                          [+0.129 +0.150 -0.010 -0.014 +0.124 +0.831]]

------------- Modified linear system Information ------------
Norm of RHS vector:      1.00e+00
Norm of matrix:          5.00e-01
Condition number:        4.00e+00

Norm of difference:      2.82e+00
Norm of residual:        1.90e+00

------------------- Parameters of the QLSA ------------------
HHL method:              2
num_qubits:              8
Is simulator:            True

-------------------- Results of the QLSA --------------------
Quantum solution:        [+0.190 +1.816 -0.878 +2.870 -0.800 -0.188]
Exact solution:          [+1.409 +0.722 +1.101 +2.191 +0.012 +0.315]

Norm of difference:      2.82e+00
Norm of residual:        1.90e+00
Is sign changed:         False
Time (s):                1.86e+01
=============================================================
