
--------------- Linear optimization problem characteristics ---------------
Seed:                    30
Number of variables:     4
Number of constraints:   4

Norm of primal sol:      2.21e-02
Norm of dual sol:        1.00e+01
Norm of dual slacks:     5.00e+00

Norm of vector b:        2.00e+00
Norm of vector c:        9.06e+02

Norm of matrix A:        1.00e+02
Condition number:        2.00e+00

----------------------- Linear optimization problem -----------------------
Coeff matrix A:          [[+78.316 -2.173 +12.928 +8.624]
                          [-2.173 +66.336 -11.292 +12.970]
                          [+12.928 -11.292 +84.615 +7.358]
                          [+8.624 +12.970 +7.358 +70.734]]

RHS vector b:            [+1.302 +0.404 +1.340 +0.589]
Obj vector c:            [+551.334 -270.156 +642.305 -176.195]

---------------------------- Optimal solution -----------------------------
Primal variables:         [+0.014 +0.008 +0.014 +0.004]
Dual slacks:              [+3.179 +1.879 +3.272 +0.808]
Dual variables:           [+6.240 -2.068 +6.634 -3.574]

Optimal objective:       +1.41839683e+01
===========================================================================


----------------- Linear system Information -----------------
Norm of RHS vector:      2.00e+00
Norm of matrix:          1.00e+02
Condition number:        2.00e+00

Minimum eigenvalue:      +5.00e+01

RHS vector transpose:    [+1.302 +0.404 +1.340 +0.589]

Coffcient matrix:        [[+78.316 -2.173 +12.928 +8.624]
                          [-2.173 +66.336 -11.292 +12.970]
                          [+12.928 -11.292 +84.615 +7.358]
                          [+8.624 +12.970 +7.358 +70.734]]

------------- Modified linear system Information ------------
Norm of RHS vector:      1.00e+00
Norm of matrix:          5.00e+01
Condition number:        2.00e+00

Norm of difference:      1.76e-16
Norm of residual:        1.08e-14

------------------- Parameters of the QLSA ------------------
HHL method:              2
num_qubits:              6
Is simulator:            True

-------------------- Results of the QLSA --------------------
Quantum solution:        [+0.014 +0.008 +0.014 +0.004]
Exact solution:          [+0.014 +0.008 +0.014 +0.004]

Norm of difference:      1.76e-16
Norm of residual:        1.08e-14
Is sign changed:         False
Time (s):                6.12e-01
=============================================================
