
--------------- Linear optimization problem characteristics ---------------
Seed:                    38
Number of variables:     4
Number of constraints:   4

Norm of primal sol:      3.13e-02
Norm of dual sol:        1.00e+01
Norm of dual slacks:     5.00e+00

Norm of vector b:        2.00e+00
Norm of vector c:        8.46e+02

Norm of matrix A:        1.00e+02
Condition number:        2.00e+00

----------------------- Linear optimization problem -----------------------
Coeff matrix A:          [[+75.920 -5.690 -6.510 -9.237]
                          [-5.690 +69.062 +3.179 -20.524]
                          [-6.510 +3.179 +71.225 +6.260]
                          [-9.237 -20.524 +6.260 +83.794]]

RHS vector b:            [+0.242 +0.949 +1.491 +0.904]
Obj vector c:            [+346.693 +220.967 -619.542 -403.366]

---------------------------- Optimal solution -----------------------------
Primal variables:         [+0.008 +0.018 +0.020 +0.015]
Dual slacks:              [+1.276 +2.851 +3.132 +2.331]
Dual variables:           [+3.682 +2.920 -8.263 -3.103]

Optimal objective:       -1.13058729e+01
===========================================================================


----------------- Linear system Information -----------------
Norm of RHS vector:      2.00e+00
Norm of matrix:          1.00e+02
Condition number:        2.00e+00

Minimum eigenvalue:      +5.00e+01

RHS vector transpose:    [+0.242 +0.949 +1.491 +0.904]

Coffcient matrix:        [[+75.920 -5.690 -6.510 -9.237]
                          [-5.690 +69.062 +3.179 -20.524]
                          [-6.510 +3.179 +71.225 +6.260]
                          [-9.237 -20.524 +6.260 +83.794]]

------------- Modified linear system Information ------------
Norm of RHS vector:      1.00e+00
Norm of matrix:          5.00e+01
Condition number:        2.00e+00

Norm of difference:      4.60e-17
Norm of residual:        3.12e-15

------------------- Parameters of the QLSA ------------------
HHL method:              2
num_qubits:              6
Is simulator:            True

-------------------- Results of the QLSA --------------------
Quantum solution:        [+0.008 +0.018 +0.020 +0.015]
Exact solution:          [+0.008 +0.018 +0.020 +0.015]

Norm of difference:      4.60e-17
Norm of residual:        3.12e-15
Is sign changed:         False
Time (s):                9.27e-01
=============================================================
