
--------------- Linear optimization problem characteristics ---------------
Seed:                    67
Number of variables:     4
Number of constraints:   4

Norm of primal sol:      2.26e-02
Norm of dual sol:        1.00e+01
Norm of dual slacks:     5.00e+00

Norm of vector b:        2.00e+00
Norm of vector c:        7.08e+02

Norm of matrix A:        1.00e+02
Condition number:        2.00e+00

----------------------- Linear optimization problem -----------------------
Coeff matrix A:          [[+76.732 -13.224 +5.012 +7.951]
                          [-13.224 +79.848 +18.510 +1.967]
                          [+5.012 +18.510 +78.891 -3.023]
                          [+7.951 +1.967 -3.023 +64.530]]

RHS vector b:            [+0.649 +1.325 +1.273 +0.450]
Obj vector c:            [-436.466 -108.545 -406.784 +364.499]

---------------------------- Optimal solution -----------------------------
Primal variables:         [+0.010 +0.015 +0.012 +0.006]
Dual slacks:              [+2.147 +3.378 +2.698 +1.304]
Dual variables:           [-6.378 -1.649 -4.158 +6.270]

Optimal objective:       -8.68570235e+00
===========================================================================


----------------- Linear system Information -----------------
Norm of RHS vector:      2.00e+00
Norm of matrix:          1.00e+02
Condition number:        2.00e+00

Minimum eigenvalue:      +5.00e+01

RHS vector transpose:    [+0.649 +1.325 +1.273 +0.450]

Coffcient matrix:        [[+76.732 -13.224 +5.012 +7.951]
                          [-13.224 +79.848 +18.510 +1.967]
                          [+5.012 +18.510 +78.891 -3.023]
                          [+7.951 +1.967 -3.023 +64.530]]

------------- Modified linear system Information ------------
Norm of RHS vector:      1.00e+00
Norm of matrix:          5.00e+01
Condition number:        2.00e+00

Norm of difference:      1.07e-16
Norm of residual:        7.68e-15

------------------- Parameters of the QLSA ------------------
HHL method:              2
num_qubits:              6
Is simulator:            True

-------------------- Results of the QLSA --------------------
Quantum solution:        [+0.010 +0.015 +0.012 +0.006]
Exact solution:          [+0.010 +0.015 +0.012 +0.006]

Norm of difference:      1.07e-16
Norm of residual:        7.68e-15
Is sign changed:         False
Time (s):                6.37e-01
=============================================================
