
--------------- Linear optimization problem characteristics ---------------
Seed:                    76
Number of variables:     4
Number of constraints:   4

Norm of primal sol:      2.45e-02
Norm of dual sol:        1.00e+01
Norm of dual slacks:     5.00e+00

Norm of vector b:        2.00e+00
Norm of vector c:        9.57e+02

Norm of matrix A:        1.00e+02
Condition number:        2.00e+00

----------------------- Linear optimization problem -----------------------
Coeff matrix A:          [[+85.061 -2.434 -6.827 -6.923]
                          [-2.434 +67.502 +20.850 -2.924]
                          [-6.827 +20.850 +79.820 +5.755]
                          [-6.923 -2.924 +5.755 +67.617]]

RHS vector b:            [+0.534 +1.562 +1.097 +0.269]
Obj vector c:            [-495.056 +495.022 +552.420 +346.573]

---------------------------- Optimal solution -----------------------------
Primal variables:         [+0.008 +0.021 +0.009 +0.005]
Dual slacks:              [+1.623 +4.276 +1.748 +1.011]
Dual variables:           [-4.937 +5.857 +4.625 +4.465]

Optimal objective:       +1.29087456e+01
===========================================================================


----------------- Linear system Information -----------------
Norm of RHS vector:      2.00e+00
Norm of matrix:          1.00e+02
Condition number:        2.00e+00

Minimum eigenvalue:      +5.00e+01

RHS vector transpose:    [+0.534 +1.562 +1.097 +0.269]

Coffcient matrix:        [[+85.061 -2.434 -6.827 -6.923]
                          [-2.434 +67.502 +20.850 -2.924]
                          [-6.827 +20.850 +79.820 +5.755]
                          [-6.923 -2.924 +5.755 +67.617]]

------------- Modified linear system Information ------------
Norm of RHS vector:      1.00e+00
Norm of matrix:          5.00e+01
Condition number:        2.00e+00

Norm of difference:      9.61e-17
Norm of residual:        8.34e-15

------------------- Parameters of the QLSA ------------------
HHL method:              2
num_qubits:              6
Is simulator:            True

-------------------- Results of the QLSA --------------------
Quantum solution:        [+0.008 +0.021 +0.009 +0.005]
Exact solution:          [+0.008 +0.021 +0.009 +0.005]

Norm of difference:      9.61e-17
Norm of residual:        8.34e-15
Is sign changed:         True
Time (s):                6.80e-01
=============================================================
