
--------------- Linear optimization problem characteristics ---------------
Seed:                    58
Number of variables:     4
Number of constraints:   4

Norm of primal sol:      2.47e-02
Norm of dual sol:        1.00e+01
Norm of dual slacks:     5.00e+00

Norm of vector b:        2.00e+00
Norm of vector c:        6.51e+02

Norm of matrix A:        1.00e+02
Condition number:        2.00e+00

----------------------- Linear optimization problem -----------------------
Coeff matrix A:          [[+81.116 +8.289 +0.878 -2.902]
                          [+8.289 +68.707 +8.952 -2.136]
                          [+0.878 +8.952 +64.942 -19.758]
                          [-2.902 -2.136 -19.758 +85.235]]

RHS vector b:            [+1.082 +1.234 +1.130 -0.173]
Obj vector c:            [+136.412 -477.130 -365.832 -208.000]

---------------------------- Optimal solution -----------------------------
Primal variables:         [+0.012 +0.015 +0.016 +0.002]
Dual slacks:              [+2.379 +2.940 +3.233 +0.493]
Dual variables:           [+2.251 -6.599 -5.998 -3.925]

Optimal objective:       -1.16841136e+01
===========================================================================


----------------- Linear system Information -----------------
Norm of RHS vector:      2.00e+00
Norm of matrix:          1.00e+02
Condition number:        2.00e+00

Minimum eigenvalue:      +5.00e+01

RHS vector transpose:    [+1.082 +1.234 +1.130 -0.173]

Coffcient matrix:        [[+81.116 +8.289 +0.878 -2.902]
                          [+8.289 +68.707 +8.952 -2.136]
                          [+0.878 +8.952 +64.942 -19.758]
                          [-2.902 -2.136 -19.758 +85.235]]

------------- Modified linear system Information ------------
Norm of RHS vector:      1.00e+00
Norm of matrix:          5.00e+01
Condition number:        2.00e+00

Norm of difference:      3.92e-17
Norm of residual:        2.83e-15

------------------- Parameters of the QLSA ------------------
HHL method:              2
num_qubits:              6
Is simulator:            True

-------------------- Results of the QLSA --------------------
Quantum solution:        [+0.012 +0.015 +0.016 +0.002]
Exact solution:          [+0.012 +0.015 +0.016 +0.002]

Norm of difference:      3.92e-17
Norm of residual:        2.83e-15
Is sign changed:         False
Time (s):                7.62e-01
=============================================================
