
--------------- Linear optimization problem characteristics ---------------
Seed:                    20
Number of variables:     4
Number of constraints:   4

Norm of primal sol:      2.13e-02
Norm of dual sol:        1.00e+01
Norm of dual slacks:     5.00e+00

Norm of vector b:        2.00e+00
Norm of vector c:        6.04e+02

Norm of matrix A:        1.00e+02
Condition number:        2.00e+00

----------------------- Linear optimization problem -----------------------
Coeff matrix A:          [[+68.257 +11.888 -4.347 +13.540]
                          [+11.888 +88.095 +4.815 +2.780]
                          [-4.347 +4.815 +59.961 +7.790]
                          [+13.540 +2.780 +7.790 +83.687]]

RHS vector b:            [+0.763 +1.220 +0.811 +1.128]
Obj vector c:            [-551.837 +212.525 -78.282 -97.039]

---------------------------- Optimal solution -----------------------------
Primal variables:         [+0.008 +0.012 +0.012 +0.011]
Dual slacks:              [+1.819 +2.777 +2.758 +2.524]
Dual variables:           [-8.978 +3.709 -2.347 +0.358]

Optimal objective:       -3.72226792e+00
===========================================================================


----------------- Linear system Information -----------------
Norm of RHS vector:      2.00e+00
Norm of matrix:          1.00e+02
Condition number:        2.00e+00

Minimum eigenvalue:      +5.00e+01

RHS vector transpose:    [+0.763 +1.220 +0.811 +1.128]

Coffcient matrix:        [[+68.257 +11.888 -4.347 +13.540]
                          [+11.888 +88.095 +4.815 +2.780]
                          [-4.347 +4.815 +59.961 +7.790]
                          [+13.540 +2.780 +7.790 +83.687]]

------------- Modified linear system Information ------------
Norm of RHS vector:      1.00e+00
Norm of matrix:          5.00e+01
Condition number:        2.00e+00

Norm of difference:      1.36e-16
Norm of residual:        9.11e-15

------------------- Parameters of the QLSA ------------------
HHL method:              2
num_qubits:              6
Is simulator:            True

-------------------- Results of the QLSA --------------------
Quantum solution:        [+0.008 +0.012 +0.012 +0.011]
Exact solution:          [+0.008 +0.012 +0.012 +0.011]

Norm of difference:      1.36e-16
Norm of residual:        9.11e-15
Is sign changed:         False
Time (s):                7.00e-01
=============================================================
