
--------------- Linear optimization problem characteristics ---------------
Seed:                    94
Number of variables:     4
Number of constraints:   4

Norm of primal sol:      2.78e-02
Norm of dual sol:        1.00e+01
Norm of dual slacks:     5.00e+00

Norm of vector b:        2.00e+00
Norm of vector c:        7.39e+02

Norm of matrix A:        1.00e+02
Condition number:        2.00e+00

----------------------- Linear optimization problem -----------------------
Coeff matrix A:          [[+75.421 -12.922 -0.645 +7.575]
                          [-12.922 +63.357 +1.441 -16.231]
                          [-0.645 +1.441 +81.444 +10.203]
                          [+7.575 -16.231 +10.203 +79.778]]

RHS vector b:            [+1.100 +0.521 +1.362 +0.814]
Obj vector c:            [-127.074 +5.562 -73.862 -724.077]

---------------------------- Optimal solution -----------------------------
Primal variables:         [+0.016 +0.014 +0.015 +0.009]
Dual slacks:              [+2.897 +2.445 +2.778 +1.705]
Dual variables:           [-1.215 -2.654 +0.294 -9.560]

Optimal objective:       -9.96532913e+00
===========================================================================


----------------- Linear system Information -----------------
Norm of RHS vector:      2.00e+00
Norm of matrix:          1.00e+02
Condition number:        2.00e+00

Minimum eigenvalue:      +5.00e+01

RHS vector transpose:    [+1.100 +0.521 +1.362 +0.814]

Coffcient matrix:        [[+75.421 -12.922 -0.645 +7.575]
                          [-12.922 +63.357 +1.441 -16.231]
                          [-0.645 +1.441 +81.444 +10.203]
                          [+7.575 -16.231 +10.203 +79.778]]

------------- Modified linear system Information ------------
Norm of RHS vector:      1.00e+00
Norm of matrix:          5.00e+01
Condition number:        2.00e+00

Norm of difference:      3.65e-16
Norm of residual:        2.59e-14

------------------- Parameters of the QLSA ------------------
HHL method:              2
num_qubits:              6
Is simulator:            True

-------------------- Results of the QLSA --------------------
Quantum solution:        [+0.016 +0.014 +0.015 +0.009]
Exact solution:          [+0.016 +0.014 +0.015 +0.009]

Norm of difference:      3.65e-16
Norm of residual:        2.59e-14
Is sign changed:         True
Time (s):                6.33e-01
=============================================================
