
--------------- Linear optimization problem characteristics ---------------
Seed:                    33
Number of variables:     4
Number of constraints:   4

Norm of primal sol:      2.11e-02
Norm of dual sol:        1.00e+01
Norm of dual slacks:     5.00e+00

Norm of vector b:        2.00e+00
Norm of vector c:        6.73e+02

Norm of matrix A:        1.00e+02
Condition number:        2.00e+00

----------------------- Linear optimization problem -----------------------
Coeff matrix A:          [[+81.690 +1.528 +7.589 -5.495]
                          [+1.528 +93.865 +12.367 +0.769]
                          [+7.589 +12.367 +67.920 +7.398]
                          [-5.495 +0.769 +7.398 +56.524]]

RHS vector b:            [+0.678 +1.431 +1.114 +0.500]
Obj vector c:            [+290.021 -418.593 -367.245 +243.132]

---------------------------- Optimal solution -----------------------------
Primal variables:         [+0.007 +0.013 +0.012 +0.008]
Dual slacks:              [+1.756 +3.179 +2.903 +1.839]
Dual variables:           [+4.516 -3.841 -5.857 +5.527]

Optimal objective:       -6.09377372e+00
===========================================================================


----------------- Linear system Information -----------------
Norm of RHS vector:      2.00e+00
Norm of matrix:          1.00e+02
Condition number:        2.00e+00

Minimum eigenvalue:      +5.00e+01

RHS vector transpose:    [+0.678 +1.431 +1.114 +0.500]

Coffcient matrix:        [[+81.690 +1.528 +7.589 -5.495]
                          [+1.528 +93.865 +12.367 +0.769]
                          [+7.589 +12.367 +67.920 +7.398]
                          [-5.495 +0.769 +7.398 +56.524]]

------------- Modified linear system Information ------------
Norm of RHS vector:      1.00e+00
Norm of matrix:          5.00e+01
Condition number:        2.00e+00

Norm of difference:      4.78e-17
Norm of residual:        3.60e-15

------------------- Parameters of the QLSA ------------------
HHL method:              2
num_qubits:              6
Is simulator:            True

-------------------- Results of the QLSA --------------------
Quantum solution:        [+0.007 +0.013 +0.012 +0.008]
Exact solution:          [+0.007 +0.013 +0.012 +0.008]

Norm of difference:      4.78e-17
Norm of residual:        3.60e-15
Is sign changed:         False
Time (s):                7.04e-01
=============================================================
