
--------------- Linear optimization problem characteristics ---------------
Seed:                    23
Number of variables:     4
Number of constraints:   4

Norm of primal sol:      2.50e-02
Norm of dual sol:        1.00e+01
Norm of dual slacks:     5.00e+00

Norm of vector b:        2.00e+00
Norm of vector c:        8.35e+02

Norm of matrix A:        1.00e+02
Condition number:        2.00e+00

----------------------- Linear optimization problem -----------------------
Coeff matrix A:          [[+83.238 -6.308 -0.257 +22.644]
                          [-6.308 +81.292 +0.476 +5.585]
                          [-0.257 +0.476 +66.629 +1.646]
                          [+22.644 +5.585 +1.646 +68.841]]

RHS vector b:            [+0.800 +1.399 +0.957 +0.697]
Obj vector c:            [-549.940 +336.517 -455.150 -271.927]

---------------------------- Optimal solution -----------------------------
Primal variables:         [+0.010 +0.018 +0.014 +0.005]
Dual slacks:              [+1.912 +3.500 +2.829 +1.044]
Dual variables:           [-5.756 +3.843 -6.868 -2.219]

Optimal objective:       -7.22938026e+00
===========================================================================


----------------- Linear system Information -----------------
Norm of RHS vector:      2.00e+00
Norm of matrix:          1.00e+02
Condition number:        2.00e+00

Minimum eigenvalue:      +5.00e+01

RHS vector transpose:    [+0.800 +1.399 +0.957 +0.697]

Coffcient matrix:        [[+83.238 -6.308 -0.257 +22.644]
                          [-6.308 +81.292 +0.476 +5.585]
                          [-0.257 +0.476 +66.629 +1.646]
                          [+22.644 +5.585 +1.646 +68.841]]

------------- Modified linear system Information ------------
Norm of RHS vector:      1.00e+00
Norm of matrix:          5.00e+01
Condition number:        2.00e+00

Norm of difference:      1.16e-16
Norm of residual:        6.62e-15

------------------- Parameters of the QLSA ------------------
HHL method:              2
num_qubits:              6
Is simulator:            True

-------------------- Results of the QLSA --------------------
Quantum solution:        [+0.010 +0.018 +0.014 +0.005]
Exact solution:          [+0.010 +0.018 +0.014 +0.005]

Norm of difference:      1.16e-16
Norm of residual:        6.62e-15
Is sign changed:         False
Time (s):                6.44e-01
=============================================================
