
--------------- Linear optimization problem characteristics ---------------
Seed:                    88
Number of variables:     4
Number of constraints:   4

Norm of primal sol:      2.62e-02
Norm of dual sol:        1.00e+01
Norm of dual slacks:     5.00e+00

Norm of vector b:        2.00e+00
Norm of vector c:        6.14e+02

Norm of matrix A:        1.00e+02
Condition number:        2.00e+00

----------------------- Linear optimization problem -----------------------
Coeff matrix A:          [[+65.535 -6.979 +4.006 +14.976]
                          [-6.979 +87.631 -14.251 +4.458]
                          [+4.006 -14.251 +76.820 -6.616]
                          [+14.976 +4.458 -6.616 +70.014]]

RHS vector b:            [+1.075 +0.718 +0.593 +1.406]
Obj vector c:            [+184.231 +286.705 +357.203 -365.290]

---------------------------- Optimal solution -----------------------------
Primal variables:         [+0.013 +0.010 +0.010 +0.018]
Dual slacks:              [+2.441 +1.912 +1.992 +3.379]
Dual variables:           [+4.364 +4.677 +4.743 -6.049]

Optimal objective:       +2.48821797e+00
===========================================================================


----------------- Linear system Information -----------------
Norm of RHS vector:      2.00e+00
Norm of matrix:          1.00e+02
Condition number:        2.00e+00

Minimum eigenvalue:      +5.00e+01

RHS vector transpose:    [+1.075 +0.718 +0.593 +1.406]

Coffcient matrix:        [[+65.535 -6.979 +4.006 +14.976]
                          [-6.979 +87.631 -14.251 +4.458]
                          [+4.006 -14.251 +76.820 -6.616]
                          [+14.976 +4.458 -6.616 +70.014]]

------------- Modified linear system Information ------------
Norm of RHS vector:      1.00e+00
Norm of matrix:          5.00e+01
Condition number:        2.00e+00

Norm of difference:      1.30e-16
Norm of residual:        1.22e-14

------------------- Parameters of the QLSA ------------------
HHL method:              2
num_qubits:              6
Is simulator:            True

-------------------- Results of the QLSA --------------------
Quantum solution:        [+0.013 +0.010 +0.010 +0.018]
Exact solution:          [+0.013 +0.010 +0.010 +0.018]

Norm of difference:      1.30e-16
Norm of residual:        1.22e-14
Is sign changed:         False
Time (s):                6.19e-01
=============================================================
