
--------------- Linear optimization problem characteristics ---------------
Seed:                    26
Number of variables:     4
Number of constraints:   4

Norm of primal sol:      2.38e-02
Norm of dual sol:        1.00e+01
Norm of dual slacks:     5.00e+00

Norm of vector b:        2.00e+00
Norm of vector c:        7.92e+02

Norm of matrix A:        1.00e+02
Condition number:        2.00e+00

----------------------- Linear optimization problem -----------------------
Coeff matrix A:          [[+83.344 +11.561 +1.320 -7.740]
                          [+11.561 +73.623 +15.867 +5.429]
                          [+1.320 +15.867 +84.225 -2.915]
                          [-7.740 +5.429 -2.915 +58.808]]

RHS vector b:            [+0.504 +1.104 +1.346 +0.845]
Obj vector c:            [+504.494 -414.880 -441.753 -73.542]

---------------------------- Optimal solution -----------------------------
Primal variables:         [+0.006 +0.010 +0.015 +0.015]
Dual slacks:              [+1.226 +2.068 +3.058 +3.142]
Dual variables:           [+6.907 -5.817 -4.296 -0.071]

Optimal objective:       -8.67009328e+00
===========================================================================


----------------- Linear system Information -----------------
Norm of RHS vector:      2.00e+00
Norm of matrix:          1.00e+02
Condition number:        2.00e+00

Minimum eigenvalue:      +5.00e+01

RHS vector transpose:    [+0.504 +1.104 +1.346 +0.845]

Coffcient matrix:        [[+83.344 +11.561 +1.320 -7.740]
                          [+11.561 +73.623 +15.867 +5.429]
                          [+1.320 +15.867 +84.225 -2.915]
                          [-7.740 +5.429 -2.915 +58.808]]

------------- Modified linear system Information ------------
Norm of RHS vector:      1.00e+00
Norm of matrix:          5.00e+01
Condition number:        2.00e+00

Norm of difference:      8.33e-16
Norm of residual:        5.30e-14

------------------- Parameters of the QLSA ------------------
HHL method:              2
num_qubits:              6
Is simulator:            True

-------------------- Results of the QLSA --------------------
Quantum solution:        [+0.006 +0.010 +0.015 +0.015]
Exact solution:          [+0.006 +0.010 +0.015 +0.015]

Norm of difference:      8.33e-16
Norm of residual:        5.30e-14
Is sign changed:         False
Time (s):                6.07e-01
=============================================================
