
--------------- Linear optimization problem characteristics ---------------
Seed:                    40
Number of variables:     4
Number of constraints:   4

Norm of primal sol:      2.64e-02
Norm of dual sol:        1.00e+01
Norm of dual slacks:     5.00e+00

Norm of vector b:        2.00e+00
Norm of vector c:        7.06e+02

Norm of matrix A:        1.00e+02
Condition number:        2.00e+00

----------------------- Linear optimization problem -----------------------
Coeff matrix A:          [[+71.464 -16.474 +3.320 +12.371]
                          [-16.474 +84.229 -10.366 +6.594]
                          [+3.320 -10.366 +74.844 -6.625]
                          [+12.371 +6.594 -6.625 +69.463]]

RHS vector b:            [+0.972 -0.235 +1.636 +0.569]
Obj vector c:            [+56.723 -634.829 +130.913 +274.701]

---------------------------- Optimal solution -----------------------------
Primal variables:         [+0.012 +0.002 +0.022 +0.008]
Dual slacks:              [+2.181 +0.296 +4.218 +1.537]
Dual variables:           [-2.081 -8.217 +1.106 +5.189]

Optimal objective:       +4.80732957e+00
===========================================================================


----------------- Linear system Information -----------------
Norm of RHS vector:      2.00e+00
Norm of matrix:          1.00e+02
Condition number:        2.00e+00

Minimum eigenvalue:      +5.00e+01

RHS vector transpose:    [+0.972 -0.235 +1.636 +0.569]

Coffcient matrix:        [[+71.464 -16.474 +3.320 +12.371]
                          [-16.474 +84.229 -10.366 +6.594]
                          [+3.320 -10.366 +74.844 -6.625]
                          [+12.371 +6.594 -6.625 +69.463]]

------------- Modified linear system Information ------------
Norm of RHS vector:      1.00e+00
Norm of matrix:          5.00e+01
Condition number:        2.00e+00

Norm of difference:      1.69e-16
Norm of residual:        1.36e-14

------------------- Parameters of the QLSA ------------------
HHL method:              2
num_qubits:              6
Is simulator:            True

-------------------- Results of the QLSA --------------------
Quantum solution:        [+0.012 +0.002 +0.022 +0.008]
Exact solution:          [+0.012 +0.002 +0.022 +0.008]

Norm of difference:      1.69e-16
Norm of residual:        1.36e-14
Is sign changed:         False
Time (s):                6.99e-01
=============================================================
