
--------------- Linear optimization problem characteristics ---------------
Seed:                    73
Number of variables:     4
Number of constraints:   4

Norm of primal sol:      7.46e-02
Norm of dual sol:        1.00e+01
Norm of dual slacks:     5.00e+00

Norm of vector b:        2.00e+00
Norm of vector c:        3.41e+02

Norm of matrix A:        5.00e+01
Condition number:        2.00e+00

----------------------- Linear optimization problem -----------------------
Coeff matrix A:          [[+38.576 -4.471 -10.196 -1.780]
                          [-4.471 +37.746 -5.660 -1.055]
                          [-10.196 -5.660 +40.167 +1.105]
                          [-1.780 -1.055 +1.105 +33.510]]

RHS vector b:            [+1.038 +0.898 +0.751 +1.246]
Obj vector c:            [+92.151 -237.840 -215.991 +65.324]

---------------------------- Optimal solution -----------------------------
Primal variables:         [+0.041 +0.035 +0.033 +0.039]
Dual slacks:              [+2.778 +2.329 +2.213 +2.638]
Dual variables:           [-0.180 -7.316 -6.560 +1.847]

Optimal objective:       -9.00913575e+00
===========================================================================


----------------- Linear system Information -----------------
Norm of RHS vector:      2.00e+00
Norm of matrix:          5.00e+01
Condition number:        2.00e+00

Minimum eigenvalue:      +2.50e+01

RHS vector transpose:    [+1.038 +0.898 +0.751 +1.246]

Coffcient matrix:        [[+38.576 -4.471 -10.196 -1.780]
                          [-4.471 +37.746 -5.660 -1.055]
                          [-10.196 -5.660 +40.167 +1.105]
                          [-1.780 -1.055 +1.105 +33.510]]

------------- Modified linear system Information ------------
Norm of RHS vector:      1.00e+00
Norm of matrix:          2.50e+01
Condition number:        2.00e+00

Norm of difference:      1.18e-16
Norm of residual:        3.97e-15

------------------- Parameters of the QLSA ------------------
HHL method:              2
num_qubits:              6
Is simulator:            True

-------------------- Results of the QLSA --------------------
Quantum solution:        [+0.041 +0.035 +0.033 +0.039]
Exact solution:          [+0.041 +0.035 +0.033 +0.039]

Norm of difference:      1.18e-16
Norm of residual:        3.97e-15
Is sign changed:         False
Time (s):                6.71e-01
=============================================================
