
--------------- Linear optimization problem characteristics ---------------
Seed:                    43
Number of variables:     4
Number of constraints:   4

Norm of primal sol:      3.48e-02
Norm of dual sol:        1.00e+01
Norm of dual slacks:     5.00e+00

Norm of vector b:        2.00e+00
Norm of vector c:        6.44e+02

Norm of matrix A:        1.00e+02
Condition number:        2.00e+00

----------------------- Linear optimization problem -----------------------
Coeff matrix A:          [[+78.916 -4.549 -8.056 +4.743]
                          [-4.549 +64.770 -19.155 -5.997]
                          [-8.056 -19.155 +82.477 +9.740]
                          [+4.743 -5.997 +9.740 +73.836]]

RHS vector b:            [+0.328 +1.794 +0.039 +0.820]
Obj vector c:            [-377.664 +479.867 +199.549 +40.583]

---------------------------- Optimal solution -----------------------------
Primal variables:         [+0.006 +0.031 +0.007 +0.012]
Dual slacks:              [+0.848 +4.491 +0.984 +1.774]
Dual variables:           [-3.985 +8.280 +3.829 +0.949]

Optimal objective:       +1.46506711e+01
===========================================================================


----------------- Linear system Information -----------------
Norm of RHS vector:      2.00e+00
Norm of matrix:          1.00e+02
Condition number:        2.00e+00

Minimum eigenvalue:      +5.00e+01

RHS vector transpose:    [+0.328 +1.794 +0.039 +0.820]

Coffcient matrix:        [[+78.916 -4.549 -8.056 +4.743]
                          [-4.549 +64.770 -19.155 -5.997]
                          [-8.056 -19.155 +82.477 +9.740]
                          [+4.743 -5.997 +9.740 +73.836]]

------------- Modified linear system Information ------------
Norm of RHS vector:      1.00e+00
Norm of matrix:          5.00e+01
Condition number:        2.00e+00

Norm of difference:      3.51e-17
Norm of residual:        2.60e-15

------------------- Parameters of the QLSA ------------------
HHL method:              2
num_qubits:              6
Is simulator:            True

-------------------- Results of the QLSA --------------------
Quantum solution:        [+0.006 +0.031 +0.007 +0.012]
Exact solution:          [+0.006 +0.031 +0.007 +0.012]

Norm of difference:      3.51e-17
Norm of residual:        2.60e-15
Is sign changed:         False
Time (s):                7.74e-01
=============================================================
