
--------------- Linear optimization problem characteristics ---------------
Seed:                    71
Number of variables:     4
Number of constraints:   4

Norm of primal sol:      2.34e-02
Norm of dual sol:        1.00e+01
Norm of dual slacks:     5.00e+00

Norm of vector b:        2.00e+00
Norm of vector c:        8.41e+02

Norm of matrix A:        1.00e+02
Condition number:        2.00e+00

----------------------- Linear optimization problem -----------------------
Coeff matrix A:          [[+71.384 +18.153 +11.389 -11.742]
                          [+18.153 +76.024 +6.931 +4.520]
                          [+11.389 +6.931 +72.295 -2.035]
                          [-11.742 +4.520 -2.035 +80.297]]

RHS vector b:            [+0.672 +0.966 +1.581 +0.339]
Obj vector c:            [+427.457 +449.768 +298.149 +482.414]

---------------------------- Optimal solution -----------------------------
Primal variables:         [+0.005 +0.009 +0.020 +0.005]
Dual slacks:              [+0.970 +2.020 +4.347 +1.038]
Dual variables:           [+5.607 +3.881 +2.996 +6.672]

Optimal objective:       +1.46321166e+01
===========================================================================


----------------- Linear system Information -----------------
Norm of RHS vector:      2.00e+00
Norm of matrix:          1.00e+02
Condition number:        2.00e+00

Minimum eigenvalue:      +5.00e+01

RHS vector transpose:    [+0.672 +0.966 +1.581 +0.339]

Coffcient matrix:        [[+71.384 +18.153 +11.389 -11.742]
                          [+18.153 +76.024 +6.931 +4.520]
                          [+11.389 +6.931 +72.295 -2.035]
                          [-11.742 +4.520 -2.035 +80.297]]

------------- Modified linear system Information ------------
Norm of RHS vector:      1.00e+00
Norm of matrix:          5.00e+01
Condition number:        2.00e+00

Norm of difference:      1.99e-16
Norm of residual:        1.60e-14

------------------- Parameters of the QLSA ------------------
HHL method:              2
num_qubits:              6
Is simulator:            True

-------------------- Results of the QLSA --------------------
Quantum solution:        [+0.005 +0.009 +0.020 +0.005]
Exact solution:          [+0.005 +0.009 +0.020 +0.005]

Norm of difference:      1.99e-16
Norm of residual:        1.60e-14
Is sign changed:         False
Time (s):                7.26e-01
=============================================================
