
--------------- Linear optimization problem characteristics ---------------
Seed:                    60
Number of variables:     4
Number of constraints:   4

Norm of primal sol:      2.53e-02
Norm of dual sol:        1.00e+01
Norm of dual slacks:     5.00e+00

Norm of vector b:        2.00e+00
Norm of vector c:        8.31e+02

Norm of matrix A:        1.00e+02
Condition number:        2.00e+00

----------------------- Linear optimization problem -----------------------
Coeff matrix A:          [[+84.430 -8.132 -0.624 -7.898]
                          [-8.132 +64.198 +17.074 +11.438]
                          [-0.624 +17.074 +80.337 +4.276]
                          [-7.898 +11.438 +4.276 +71.035]]

RHS vector b:            [+0.568 +0.699 +0.980 +1.493]
Obj vector c:            [+202.819 -282.978 -259.506 -708.955]

---------------------------- Optimal solution -----------------------------
Primal variables:         [+0.009 +0.006 +0.010 +0.021]
Dual slacks:              [+1.834 +1.139 +1.970 +4.057]
Dual variables:           [+1.291 -1.962 -2.325 -9.438]

Optimal objective:       -1.68787670e+01
===========================================================================


----------------- Linear system Information -----------------
Norm of RHS vector:      2.00e+00
Norm of matrix:          1.00e+02
Condition number:        2.00e+00

Minimum eigenvalue:      +5.00e+01

RHS vector transpose:    [+0.568 +0.699 +0.980 +1.493]

Coffcient matrix:        [[+84.430 -8.132 -0.624 -7.898]
                          [-8.132 +64.198 +17.074 +11.438]
                          [-0.624 +17.074 +80.337 +4.276]
                          [-7.898 +11.438 +4.276 +71.035]]

------------- Modified linear system Information ------------
Norm of RHS vector:      1.00e+00
Norm of matrix:          5.00e+01
Condition number:        2.00e+00

Norm of difference:      1.57e-16
Norm of residual:        9.51e-15

------------------- Parameters of the QLSA ------------------
HHL method:              2
num_qubits:              6
Is simulator:            True

-------------------- Results of the QLSA --------------------
Quantum solution:        [+0.009 +0.006 +0.010 +0.021]
Exact solution:          [+0.009 +0.006 +0.010 +0.021]

Norm of difference:      1.57e-16
Norm of residual:        9.51e-15
Is sign changed:         False
Time (s):                6.75e-01
=============================================================
