
--------------- Linear optimization problem characteristics ---------------
Seed:                    62
Number of variables:     4
Number of constraints:   4

Norm of primal sol:      5.10e-02
Norm of dual sol:        1.00e+01
Norm of dual slacks:     5.00e+00

Norm of vector b:        2.00e+00
Norm of vector c:        3.25e+02

Norm of matrix A:        5.00e+01
Condition number:        2.00e+00

----------------------- Linear optimization problem -----------------------
Coeff matrix A:          [[+37.847 +0.853 +10.836 +5.914]
                          [+0.853 +34.849 +1.317 -3.174]
                          [+10.836 +1.317 +38.983 -1.915]
                          [+5.914 -3.174 -1.915 +38.321]]

RHS vector b:            [+0.640 +0.812 +1.598 +0.615]
Obj vector c:            [+98.924 -166.853 +94.267 -243.052]

---------------------------- Optimal solution -----------------------------
Primal variables:         [+0.002 +0.024 +0.041 +0.020]
Dual slacks:              [+0.159 +2.305 +3.988 +1.939]
Dual variables:           [+3.554 -5.654 +1.158 -7.352]

Optimal objective:       -4.73924512e+00
===========================================================================


----------------- Linear system Information -----------------
Norm of RHS vector:      2.00e+00
Norm of matrix:          5.00e+01
Condition number:        2.00e+00

Minimum eigenvalue:      +2.50e+01

RHS vector transpose:    [+0.640 +0.812 +1.598 +0.615]

Coffcient matrix:        [[+37.847 +0.853 +10.836 +5.914]
                          [+0.853 +34.849 +1.317 -3.174]
                          [+10.836 +1.317 +38.983 -1.915]
                          [+5.914 -3.174 -1.915 +38.321]]

------------- Modified linear system Information ------------
Norm of RHS vector:      1.00e+00
Norm of matrix:          2.50e+01
Condition number:        2.00e+00

Norm of difference:      5.39e-17
Norm of residual:        1.78e-15

------------------- Parameters of the QLSA ------------------
HHL method:              2
num_qubits:              6
Is simulator:            True

-------------------- Results of the QLSA --------------------
Quantum solution:        [+0.002 +0.024 +0.041 +0.020]
Exact solution:          [+0.002 +0.024 +0.041 +0.020]

Norm of difference:      5.39e-17
Norm of residual:        1.78e-15
Is sign changed:         False
Time (s):                7.79e-01
=============================================================
