
--------------- Linear optimization problem characteristics ---------------
Seed:                    61
Number of variables:     4
Number of constraints:   4

Norm of primal sol:      2.96e-02
Norm of dual sol:        1.00e+01
Norm of dual slacks:     5.00e+00

Norm of vector b:        2.00e+00
Norm of vector c:        6.22e+02

Norm of matrix A:        1.00e+02
Condition number:        2.00e+00

----------------------- Linear optimization problem -----------------------
Coeff matrix A:          [[+79.669 -0.404 -22.771 +7.710]
                          [-0.404 +66.603 +3.302 -0.194]
                          [-22.771 +3.302 +73.881 +6.846]
                          [+7.710 -0.194 +6.846 +79.847]]

RHS vector b:            [+1.114 +0.327 +1.127 +1.175]
Obj vector c:            [+355.385 -392.059 +249.230 +210.309]

---------------------------- Optimal solution -----------------------------
Primal variables:         [+0.019 +0.004 +0.020 +0.011]
Dual slacks:              [+3.132 +0.689 +3.333 +1.898]
Dual variables:           [+5.728 -6.116 +5.219 +1.595]

Optimal objective:       +1.22827263e+01
===========================================================================


----------------- Linear system Information -----------------
Norm of RHS vector:      2.00e+00
Norm of matrix:          1.00e+02
Condition number:        2.00e+00

Minimum eigenvalue:      +5.00e+01

RHS vector transpose:    [+1.114 +0.327 +1.127 +1.175]

Coffcient matrix:        [[+79.669 -0.404 -22.771 +7.710]
                          [-0.404 +66.603 +3.302 -0.194]
                          [-22.771 +3.302 +73.881 +6.846]
                          [+7.710 -0.194 +6.846 +79.847]]

------------- Modified linear system Information ------------
Norm of RHS vector:      1.00e+00
Norm of matrix:          5.00e+01
Condition number:        2.00e+00

Norm of difference:      6.93e-17
Norm of residual:        4.39e-15

------------------- Parameters of the QLSA ------------------
HHL method:              2
num_qubits:              6
Is simulator:            True

-------------------- Results of the QLSA --------------------
Quantum solution:        [+0.019 +0.004 +0.020 +0.011]
Exact solution:          [+0.019 +0.004 +0.020 +0.011]

Norm of difference:      6.93e-17
Norm of residual:        4.39e-15
Is sign changed:         True
Time (s):                7.77e-01
=============================================================
