
--------------- Linear optimization problem characteristics ---------------
Seed:                    79
Number of variables:     4
Number of constraints:   4

Norm of primal sol:      4.10e-02
Norm of dual sol:        1.00e+01
Norm of dual slacks:     5.00e+00

Norm of vector b:        2.00e+00
Norm of vector c:        3.61e+02

Norm of matrix A:        5.00e+01
Condition number:        2.00e+00

----------------------- Linear optimization problem -----------------------
Coeff matrix A:          [[+37.437 +10.276 +6.183 +0.340]
                          [+10.276 +37.669 -0.367 +5.042]
                          [+6.183 -0.367 +37.692 -2.007]
                          [+0.340 +5.042 -2.007 +37.202]]

RHS vector b:            [+1.269 +1.110 +1.022 +0.336]
Obj vector c:            [+217.620 -32.241 +216.698 +186.598]

---------------------------- Optimal solution -----------------------------
Primal variables:         [+0.024 +0.022 +0.024 +0.007]
Dual slacks:              [+2.905 +2.715 +2.905 +0.865]
Dual variables:           [+5.737 -3.200 +5.000 +5.644]

Optimal objective:       +1.09436476e+01
===========================================================================


----------------- Linear system Information -----------------
Norm of RHS vector:      2.00e+00
Norm of matrix:          5.00e+01
Condition number:        2.00e+00

Minimum eigenvalue:      +2.50e+01

RHS vector transpose:    [+1.269 +1.110 +1.022 +0.336]

Coffcient matrix:        [[+37.437 +10.276 +6.183 +0.340]
                          [+10.276 +37.669 -0.367 +5.042]
                          [+6.183 -0.367 +37.692 -2.007]
                          [+0.340 +5.042 -2.007 +37.202]]

------------- Modified linear system Information ------------
Norm of RHS vector:      1.00e+00
Norm of matrix:          2.50e+01
Condition number:        2.00e+00

Norm of difference:      8.08e-17
Norm of residual:        2.03e-15

------------------- Parameters of the QLSA ------------------
HHL method:              2
num_qubits:              6
Is simulator:            True

-------------------- Results of the QLSA --------------------
Quantum solution:        [+0.024 +0.022 +0.024 +0.007]
Exact solution:          [+0.024 +0.022 +0.024 +0.007]

Norm of difference:      8.08e-17
Norm of residual:        2.03e-15
Is sign changed:         False
Time (s):                6.21e-01
=============================================================
