
--------------- Linear optimization problem characteristics ---------------
Seed:                    32
Number of variables:     4
Number of constraints:   4

Norm of primal sol:      3.27e-02
Norm of dual sol:        1.00e+01
Norm of dual slacks:     5.00e+00

Norm of vector b:        2.00e+00
Norm of vector c:        6.21e+02

Norm of matrix A:        1.00e+02
Condition number:        2.00e+00

----------------------- Linear optimization problem -----------------------
Coeff matrix A:          [[+72.002 -5.895 +0.998 -12.960]
                          [-5.895 +67.937 +15.405 -12.595]
                          [+0.998 +15.405 +80.612 -6.299]
                          [-12.960 -12.595 -6.299 +79.449]]

RHS vector b:            [+1.081 +0.379 +1.025 +1.280]
Obj vector c:            [+133.595 +122.277 -419.329 +421.101]

---------------------------- Optimal solution -----------------------------
Primal variables:         [+0.019 +0.008 +0.013 +0.022]
Dual slacks:              [+2.965 +1.287 +1.916 +3.299]
Dual variables:           [+3.351 +4.477 -5.649 +6.067]

Optimal objective:       +7.45974904e+00
===========================================================================


----------------- Linear system Information -----------------
Norm of RHS vector:      2.00e+00
Norm of matrix:          1.00e+02
Condition number:        2.00e+00

Minimum eigenvalue:      +5.00e+01

RHS vector transpose:    [+1.081 +0.379 +1.025 +1.280]

Coffcient matrix:        [[+72.002 -5.895 +0.998 -12.960]
                          [-5.895 +67.937 +15.405 -12.595]
                          [+0.998 +15.405 +80.612 -6.299]
                          [-12.960 -12.595 -6.299 +79.449]]

------------- Modified linear system Information ------------
Norm of RHS vector:      1.00e+00
Norm of matrix:          5.00e+01
Condition number:        2.00e+00

Norm of difference:      1.56e-16
Norm of residual:        8.55e-15

------------------- Parameters of the QLSA ------------------
HHL method:              2
num_qubits:              6
Is simulator:            True

-------------------- Results of the QLSA --------------------
Quantum solution:        [+0.019 +0.008 +0.013 +0.022]
Exact solution:          [+0.019 +0.008 +0.013 +0.022]

Norm of difference:      1.56e-16
Norm of residual:        8.55e-15
Is sign changed:         False
Time (s):                7.12e-01
=============================================================
