
--------------- Linear optimization problem characteristics ---------------
Seed:                    74
Number of variables:     4
Number of constraints:   4

Norm of primal sol:      2.93e-02
Norm of dual sol:        1.00e+01
Norm of dual slacks:     5.00e+00

Norm of vector b:        2.00e+00
Norm of vector c:        5.75e+02

Norm of matrix A:        1.00e+02
Condition number:        2.00e+00

----------------------- Linear optimization problem -----------------------
Coeff matrix A:          [[+78.722 +2.954 +8.308 +13.372]
                          [+2.954 +82.285 -12.709 -12.730]
                          [+8.308 -12.709 +74.909 +4.612]
                          [+13.372 -12.730 +4.612 +64.083]]

RHS vector b:            [+0.710 +1.194 +1.376 +0.421]
Obj vector c:            [-309.684 +419.972 +226.175 +84.851]

---------------------------- Optimal solution -----------------------------
Primal variables:         [+0.005 +0.019 +0.021 +0.008]
Dual slacks:              [+0.824 +3.199 +3.509 +1.334]
Dual variables:           [-5.226 +6.458 +4.441 +3.357]

Optimal objective:       +1.16710427e+01
===========================================================================


----------------- Linear system Information -----------------
Norm of RHS vector:      2.00e+00
Norm of matrix:          1.00e+02
Condition number:        2.00e+00

Minimum eigenvalue:      +5.00e+01

RHS vector transpose:    [+0.710 +1.194 +1.376 +0.421]

Coffcient matrix:        [[+78.722 +2.954 +8.308 +13.372]
                          [+2.954 +82.285 -12.709 -12.730]
                          [+8.308 -12.709 +74.909 +4.612]
                          [+13.372 -12.730 +4.612 +64.083]]

------------- Modified linear system Information ------------
Norm of RHS vector:      1.00e+00
Norm of matrix:          5.00e+01
Condition number:        2.00e+00

Norm of difference:      1.17e-16
Norm of residual:        7.70e-15

------------------- Parameters of the QLSA ------------------
HHL method:              2
num_qubits:              6
Is simulator:            True

-------------------- Results of the QLSA --------------------
Quantum solution:        [+0.005 +0.019 +0.021 +0.008]
Exact solution:          [+0.005 +0.019 +0.021 +0.008]

Norm of difference:      1.17e-16
Norm of residual:        7.70e-15
Is sign changed:         True
Time (s):                6.22e-01
=============================================================
