
--------------- Linear optimization problem characteristics ---------------
Seed:                    2
Number of variables:     4
Number of constraints:   4

Norm of primal sol:      2.40e-02
Norm of dual sol:        1.00e+01
Norm of dual slacks:     5.00e+00

Norm of vector b:        2.00e+00
Norm of vector c:        7.25e+02

Norm of matrix A:        1.00e+02
Condition number:        2.00e+00

----------------------- Linear optimization problem -----------------------
Coeff matrix A:          [[+64.595 -13.612 -2.423 +5.200]
                          [-13.612 +70.559 -12.533 -13.138]
                          [-2.423 -12.533 +87.087 +2.393]
                          [+5.200 -13.138 +2.393 +77.759]]

RHS vector b:            [+0.835 -0.486 +1.381 +1.077]
Obj vector c:            [-37.911 -236.680 -622.162 +283.567]

---------------------------- Optimal solution -----------------------------
Primal variables:         [+0.013 +0.001 +0.016 +0.013]
Dual slacks:              [+2.639 +0.157 +3.327 +2.635]
Dual variables:           [-2.155 -4.591 -7.992 +3.227]

Optimal objective:       -7.00657442e+00
===========================================================================


----------------- Linear system Information -----------------
Norm of RHS vector:      2.00e+00
Norm of matrix:          1.00e+02
Condition number:        2.00e+00

Minimum eigenvalue:      +5.00e+01

RHS vector transpose:    [+0.835 -0.486 +1.381 +1.077]

Coffcient matrix:        [[+64.595 -13.612 -2.423 +5.200]
                          [-13.612 +70.559 -12.533 -13.138]
                          [-2.423 -12.533 +87.087 +2.393]
                          [+5.200 -13.138 +2.393 +77.759]]

------------- Modified linear system Information ------------
Norm of RHS vector:      1.00e+00
Norm of matrix:          5.00e+01
Condition number:        2.00e+00

Norm of difference:      3.13e-15
Norm of residual:        1.68e-13

------------------- Parameters of the QLSA ------------------
HHL method:              2
num_qubits:              6
Is simulator:            True

-------------------- Results of the QLSA --------------------
Quantum solution:        [+0.013 +0.001 +0.016 +0.013]
Exact solution:          [+0.013 +0.001 +0.016 +0.013]

Norm of difference:      3.13e-15
Norm of residual:        1.68e-13
Is sign changed:         True
Time (s):                8.68e-01
=============================================================
