
--------------- Linear optimization problem characteristics ---------------
Seed:                    19
Number of variables:     4
Number of constraints:   4

Norm of primal sol:      2.36e-02
Norm of dual sol:        1.00e+01
Norm of dual slacks:     5.00e+00

Norm of vector b:        2.00e+00
Norm of vector c:        6.93e+02

Norm of matrix A:        1.00e+02
Condition number:        2.00e+00

----------------------- Linear optimization problem -----------------------
Coeff matrix A:          [[+75.154 -8.925 -13.648 +16.939]
                          [-8.925 +83.653 +7.439 +0.862]
                          [-13.648 +7.439 +65.425 +1.391]
                          [+16.939 +0.862 +1.391 +75.768]]

RHS vector b:            [-0.014 +1.871 +0.597 +0.379]
Obj vector c:            [-106.254 -553.025 +192.034 +355.658]

---------------------------- Optimal solution -----------------------------
Primal variables:         [+0.003 +0.022 +0.007 +0.004]
Dual slacks:              [+0.596 +4.653 +1.509 +0.844]
Dual variables:           [-2.953 -7.305 +3.013 +5.371]

Optimal objective:       -9.67034410e+00
===========================================================================


----------------- Linear system Information -----------------
Norm of RHS vector:      2.00e+00
Norm of matrix:          1.00e+02
Condition number:        2.00e+00

Minimum eigenvalue:      +5.00e+01

RHS vector transpose:    [-0.014 +1.871 +0.597 +0.379]

Coffcient matrix:        [[+75.154 -8.925 -13.648 +16.939]
                          [-8.925 +83.653 +7.439 +0.862]
                          [-13.648 +7.439 +65.425 +1.391]
                          [+16.939 +0.862 +1.391 +75.768]]

------------- Modified linear system Information ------------
Norm of RHS vector:      1.00e+00
Norm of matrix:          5.00e+01
Condition number:        2.00e+00

Norm of difference:      3.92e-17
Norm of residual:        3.46e-15

------------------- Parameters of the QLSA ------------------
HHL method:              2
num_qubits:              6
Is simulator:            True

-------------------- Results of the QLSA --------------------
Quantum solution:        [+0.003 +0.022 +0.007 +0.004]
Exact solution:          [+0.003 +0.022 +0.007 +0.004]

Norm of difference:      3.92e-17
Norm of residual:        3.46e-15
Is sign changed:         False
Time (s):                7.71e-01
=============================================================
