
--------------- Linear optimization problem characteristics ---------------
Seed:                    75
Number of variables:     4
Number of constraints:   4

Norm of primal sol:      2.47e-02
Norm of dual sol:        1.00e+01
Norm of dual slacks:     5.00e+00

Norm of vector b:        2.00e+00
Norm of vector c:        7.56e+02

Norm of matrix A:        1.00e+02
Condition number:        2.00e+00

----------------------- Linear optimization problem -----------------------
Coeff matrix A:          [[+72.981 -1.340 -4.837 -11.851]
                          [-1.340 +58.008 +15.361 +3.905]
                          [-4.837 +15.361 +80.175 +4.700]
                          [-11.851 +3.905 +4.700 +88.836]]

RHS vector b:            [+0.458 +0.357 +1.296 +1.409]
Obj vector c:            [+346.903 -52.312 -642.948 +188.857]

---------------------------- Optimal solution -----------------------------
Primal variables:         [+0.010 +0.001 +0.016 +0.016]
Dual slacks:              [+2.021 +0.234 +3.155 +3.303]
Dual variables:           [+4.708 +1.160 -8.178 +3.099]

Optimal objective:       -3.53602676e+00
===========================================================================


----------------- Linear system Information -----------------
Norm of RHS vector:      2.00e+00
Norm of matrix:          1.00e+02
Condition number:        2.00e+00

Minimum eigenvalue:      +5.00e+01

RHS vector transpose:    [+0.458 +0.357 +1.296 +1.409]

Coffcient matrix:        [[+72.981 -1.340 -4.837 -11.851]
                          [-1.340 +58.008 +15.361 +3.905]
                          [-4.837 +15.361 +80.175 +4.700]
                          [-11.851 +3.905 +4.700 +88.836]]

------------- Modified linear system Information ------------
Norm of RHS vector:      1.00e+00
Norm of matrix:          5.00e+01
Condition number:        2.00e+00

Norm of difference:      3.66e-16
Norm of residual:        2.62e-14

------------------- Parameters of the QLSA ------------------
HHL method:              2
num_qubits:              6
Is simulator:            True

-------------------- Results of the QLSA --------------------
Quantum solution:        [+0.010 +0.001 +0.016 +0.016]
Exact solution:          [+0.010 +0.001 +0.016 +0.016]

Norm of difference:      3.66e-16
Norm of residual:        2.62e-14
Is sign changed:         False
Time (s):                6.11e-01
=============================================================
