
--------------- Linear optimization problem characteristics ---------------
Seed:                    68
Number of variables:     4
Number of constraints:   4

Norm of primal sol:      3.71e-02
Norm of dual sol:        1.00e+01
Norm of dual slacks:     5.00e+00

Norm of vector b:        2.00e+00
Norm of vector c:        8.89e+02

Norm of matrix A:        1.00e+02
Condition number:        2.00e+00

----------------------- Linear optimization problem -----------------------
Coeff matrix A:          [[+79.146 -0.621 -11.674 +4.827]
                          [-0.621 +70.998 +4.950 +12.218]
                          [-11.674 +4.950 +59.112 -9.693]
                          [+4.827 +12.218 -9.693 +90.744]]

RHS vector b:            [+0.814 +0.410 +1.743 +0.363]
Obj vector c:            [+61.968 -320.947 +358.589 -745.279]

---------------------------- Optimal solution -----------------------------
Primal variables:         [+0.015 +0.002 +0.033 +0.006]
Dual slacks:              [+2.000 +0.334 +4.487 +0.867]
Dual variables:           [+1.982 -3.644 +5.498 -7.250]

Optimal objective:       +7.25742174e+00
===========================================================================


----------------- Linear system Information -----------------
Norm of RHS vector:      2.00e+00
Norm of matrix:          1.00e+02
Condition number:        2.00e+00

Minimum eigenvalue:      +5.00e+01

RHS vector transpose:    [+0.814 +0.410 +1.743 +0.363]

Coffcient matrix:        [[+79.146 -0.621 -11.674 +4.827]
                          [-0.621 +70.998 +4.950 +12.218]
                          [-11.674 +4.950 +59.112 -9.693]
                          [+4.827 +12.218 -9.693 +90.744]]

------------- Modified linear system Information ------------
Norm of RHS vector:      1.00e+00
Norm of matrix:          5.00e+01
Condition number:        2.00e+00

Norm of difference:      7.01e-17
Norm of residual:        4.47e-15

------------------- Parameters of the QLSA ------------------
HHL method:              2
num_qubits:              6
Is simulator:            True

-------------------- Results of the QLSA --------------------
Quantum solution:        [+0.015 +0.002 +0.033 +0.006]
Exact solution:          [+0.015 +0.002 +0.033 +0.006]

Norm of difference:      7.01e-17
Norm of residual:        4.47e-15
Is sign changed:         False
Time (s):                7.80e-01
=============================================================
