
--------------- Linear optimization problem characteristics ---------------
Seed:                    81
Number of variables:     4
Number of constraints:   4

Norm of primal sol:      2.48e-02
Norm of dual sol:        1.00e+01
Norm of dual slacks:     5.00e+00

Norm of vector b:        2.00e+00
Norm of vector c:        8.49e+02

Norm of matrix A:        1.00e+02
Condition number:        2.00e+00

----------------------- Linear optimization problem -----------------------
Coeff matrix A:          [[+76.539 -0.249 -10.775 -10.581]
                          [-0.249 +83.036 -0.096 -5.771]
                          [-10.775 -0.096 +75.017 +18.803]
                          [-10.581 -5.771 +18.803 +65.408]]

RHS vector b:            [+0.132 +0.406 +1.482 +1.273]
Obj vector c:            [+469.827 -600.825 -362.749 -81.503]

---------------------------- Optimal solution -----------------------------
Primal variables:         [+0.006 +0.006 +0.017 +0.016]
Dual slacks:              [+1.273 +1.221 +3.343 +3.273]
Dual variables:           [+5.537 -7.228 -4.132 +0.150]

Optimal objective:       -8.01755781e+00
===========================================================================


----------------- Linear system Information -----------------
Norm of RHS vector:      2.00e+00
Norm of matrix:          1.00e+02
Condition number:        2.00e+00

Minimum eigenvalue:      +5.00e+01

RHS vector transpose:    [+0.132 +0.406 +1.482 +1.273]

Coffcient matrix:        [[+76.539 -0.249 -10.775 -10.581]
                          [-0.249 +83.036 -0.096 -5.771]
                          [-10.775 -0.096 +75.017 +18.803]
                          [-10.581 -5.771 +18.803 +65.408]]

------------- Modified linear system Information ------------
Norm of RHS vector:      1.00e+00
Norm of matrix:          5.00e+01
Condition number:        2.00e+00

Norm of difference:      5.69e-17
Norm of residual:        4.68e-15

------------------- Parameters of the QLSA ------------------
HHL method:              2
num_qubits:              6
Is simulator:            True

-------------------- Results of the QLSA --------------------
Quantum solution:        [+0.006 +0.006 +0.017 +0.016]
Exact solution:          [+0.006 +0.006 +0.017 +0.016]

Norm of difference:      5.69e-17
Norm of residual:        4.68e-15
Is sign changed:         False
Time (s):                6.25e-01
=============================================================
