
--------------- Linear optimization problem characteristics ---------------
Seed:                    61
Number of variables:     4
Number of constraints:   4

Norm of primal sol:      5.93e-02
Norm of dual sol:        1.00e+01
Norm of dual slacks:     5.00e+00

Norm of vector b:        2.00e+00
Norm of vector c:        3.12e+02

Norm of matrix A:        5.00e+01
Condition number:        2.00e+00

----------------------- Linear optimization problem -----------------------
Coeff matrix A:          [[+39.835 -0.202 -11.385 +3.855]
                          [-0.202 +33.301 +1.651 -0.097]
                          [-11.385 +1.651 +36.940 +3.423]
                          [+3.855 -0.097 +3.423 +39.924]]

RHS vector b:            [+1.114 +0.327 +1.127 +1.175]
Obj vector c:            [+179.259 -195.685 +126.282 +106.103]

---------------------------- Optimal solution -----------------------------
Primal variables:         [+0.037 +0.008 +0.039 +0.022]
Dual slacks:              [+3.132 +0.689 +3.333 +1.898]
Dual variables:           [+5.728 -6.116 +5.219 +1.595]

Optimal objective:       +1.24308533e+01
===========================================================================


----------------- Linear system Information -----------------
Norm of RHS vector:      2.00e+00
Norm of matrix:          5.00e+01
Condition number:        2.00e+00

Minimum eigenvalue:      +2.50e+01

RHS vector transpose:    [+1.114 +0.327 +1.127 +1.175]

Coffcient matrix:        [[+39.835 -0.202 -11.385 +3.855]
                          [-0.202 +33.301 +1.651 -0.097]
                          [-11.385 +1.651 +36.940 +3.423]
                          [+3.855 -0.097 +3.423 +39.924]]

------------- Modified linear system Information ------------
Norm of RHS vector:      1.00e+00
Norm of matrix:          2.50e+01
Condition number:        2.00e+00

Norm of difference:      1.39e-16
Norm of residual:        4.39e-15

------------------- Parameters of the QLSA ------------------
HHL method:              2
num_qubits:              6
Is simulator:            True

-------------------- Results of the QLSA --------------------
Quantum solution:        [+0.037 +0.008 +0.039 +0.022]
Exact solution:          [+0.037 +0.008 +0.039 +0.022]

Norm of difference:      1.39e-16
Norm of residual:        4.39e-15
Is sign changed:         True
Time (s):                6.24e-01
=============================================================
