
--------------- Linear optimization problem characteristics ---------------
Seed:                    96
Number of variables:     4
Number of constraints:   4

Norm of primal sol:      2.42e-02
Norm of dual sol:        1.00e+01
Norm of dual slacks:     5.00e+00

Norm of vector b:        2.00e+00
Norm of vector c:        8.20e+02

Norm of matrix A:        1.00e+02
Condition number:        2.00e+00

----------------------- Linear optimization problem -----------------------
Coeff matrix A:          [[+79.008 -1.855 +16.768 +4.567]
                          [-1.855 +64.601 +14.917 -9.017]
                          [+16.768 +14.917 +81.335 +1.730]
                          [+4.567 -9.017 +1.730 +75.056]]

RHS vector b:            [+0.522 +0.984 +1.343 +0.978]
Obj vector c:            [+176.069 -526.293 -586.338 +142.119]

---------------------------- Optimal solution -----------------------------
Primal variables:         [+0.003 +0.014 +0.013 +0.014]
Dual slacks:              [+0.699 +2.961 +2.661 +2.943]
Dual variables:           [+3.455 -6.377 -6.806 +1.035]

Optimal objective:       -1.24783109e+01
===========================================================================


----------------- Linear system Information -----------------
Norm of RHS vector:      2.00e+00
Norm of matrix:          1.00e+02
Condition number:        2.00e+00

Minimum eigenvalue:      +5.00e+01

RHS vector transpose:    [+0.522 +0.984 +1.343 +0.978]

Coffcient matrix:        [[+79.008 -1.855 +16.768 +4.567]
                          [-1.855 +64.601 +14.917 -9.017]
                          [+16.768 +14.917 +81.335 +1.730]
                          [+4.567 -9.017 +1.730 +75.056]]

------------- Modified linear system Information ------------
Norm of RHS vector:      1.00e+00
Norm of matrix:          5.00e+01
Condition number:        2.00e+00

Norm of difference:      1.15e-16
Norm of residual:        8.51e-15

------------------- Parameters of the QLSA ------------------
HHL method:              2
num_qubits:              6
Is simulator:            True

-------------------- Results of the QLSA --------------------
Quantum solution:        [+0.003 +0.014 +0.013 +0.014]
Exact solution:          [+0.003 +0.014 +0.013 +0.014]

Norm of difference:      1.15e-16
Norm of residual:        8.51e-15
Is sign changed:         False
Time (s):                6.55e-01
=============================================================
