
--------------- Linear optimization problem characteristics ---------------
Seed:                    27
Number of variables:     4
Number of constraints:   4

Norm of primal sol:      4.68e-02
Norm of dual sol:        1.00e+01
Norm of dual slacks:     5.00e+00

Norm of vector b:        2.00e+00
Norm of vector c:        3.72e+02

Norm of matrix A:        5.00e+01
Condition number:        2.00e+00

----------------------- Linear optimization problem -----------------------
Coeff matrix A:          [[+35.738 +2.148 +11.351 +2.346]
                          [+2.148 +40.274 -0.547 +2.502]
                          [+11.351 -0.547 +40.799 -2.822]
                          [+2.346 +2.502 -2.822 +33.189]]

RHS vector b:            [+0.874 +1.135 +1.021 +0.952]
Obj vector c:            [+10.730 +263.657 +222.460 -138.396]

---------------------------- Optimal solution -----------------------------
Primal variables:         [+0.014 +0.026 +0.024 +0.028]
Dual slacks:              [+1.455 +2.785 +2.514 +2.967]
Dual variables:           [-1.679 +6.904 +5.661 -4.180]

Optimal objective:       +8.40165440e+00
===========================================================================


----------------- Linear system Information -----------------
Norm of RHS vector:      2.00e+00
Norm of matrix:          5.00e+01
Condition number:        2.00e+00

Minimum eigenvalue:      +2.50e+01

RHS vector transpose:    [+0.874 +1.135 +1.021 +0.952]

Coffcient matrix:        [[+35.738 +2.148 +11.351 +2.346]
                          [+2.148 +40.274 -0.547 +2.502]
                          [+11.351 -0.547 +40.799 -2.822]
                          [+2.346 +2.502 -2.822 +33.189]]

------------- Modified linear system Information ------------
Norm of RHS vector:      1.00e+00
Norm of matrix:          2.50e+01
Condition number:        2.00e+00

Norm of difference:      1.75e-16
Norm of residual:        7.73e-15

------------------- Parameters of the QLSA ------------------
HHL method:              2
num_qubits:              6
Is simulator:            True

-------------------- Results of the QLSA --------------------
Quantum solution:        [+0.014 +0.026 +0.024 +0.028]
Exact solution:          [+0.014 +0.026 +0.024 +0.028]

Norm of difference:      1.75e-16
Norm of residual:        7.73e-15
Is sign changed:         False
Time (s):                6.46e-01
=============================================================
