
--------------- Linear optimization problem characteristics ---------------
Seed:                    84
Number of variables:     4
Number of constraints:   4

Norm of primal sol:      2.80e-02
Norm of dual sol:        1.00e+01
Norm of dual slacks:     5.00e+00

Norm of vector b:        2.00e+00
Norm of vector c:        8.97e+02

Norm of matrix A:        1.00e+02
Condition number:        2.00e+00

----------------------- Linear optimization problem -----------------------
Coeff matrix A:          [[+82.269 -12.860 -1.876 -13.724]
                          [-12.860 +84.069 -4.725 -2.151]
                          [-1.876 -4.725 +55.869 -7.470]
                          [-13.724 -2.151 -7.470 +77.794]]

RHS vector b:            [-0.366 +1.020 +0.255 +1.661]
Obj vector c:            [+666.110 -477.196 -210.460 -298.861]

---------------------------- Optimal solution -----------------------------
Primal variables:         [+0.002 +0.013 +0.009 +0.023]
Dual slacks:              [+0.299 +2.404 +1.573 +4.081]
Dual variables:           [+6.660 -5.019 -4.435 -3.284]

Optimal objective:       -1.40045277e+01
===========================================================================


----------------- Linear system Information -----------------
Norm of RHS vector:      2.00e+00
Norm of matrix:          1.00e+02
Condition number:        2.00e+00

Minimum eigenvalue:      +5.00e+01

RHS vector transpose:    [-0.366 +1.020 +0.255 +1.661]

Coffcient matrix:        [[+82.269 -12.860 -1.876 -13.724]
                          [-12.860 +84.069 -4.725 -2.151]
                          [-1.876 -4.725 +55.869 -7.470]
                          [-13.724 -2.151 -7.470 +77.794]]

------------- Modified linear system Information ------------
Norm of RHS vector:      1.00e+00
Norm of matrix:          5.00e+01
Condition number:        2.00e+00

Norm of difference:      2.90e-17
Norm of residual:        1.98e-15

------------------- Parameters of the QLSA ------------------
HHL method:              2
num_qubits:              6
Is simulator:            True

-------------------- Results of the QLSA --------------------
Quantum solution:        [+0.002 +0.013 +0.009 +0.023]
Exact solution:          [+0.002 +0.013 +0.009 +0.023]

Norm of difference:      2.90e-17
Norm of residual:        1.98e-15
Is sign changed:         False
Time (s):                6.20e-01
=============================================================
