
--------------- Linear optimization problem characteristics ---------------
Seed:                    41
Number of variables:     4
Number of constraints:   4

Norm of primal sol:      2.84e-02
Norm of dual sol:        1.00e+01
Norm of dual slacks:     5.00e+00

Norm of vector b:        2.00e+00
Norm of vector c:        8.01e+02

Norm of matrix A:        1.00e+02
Condition number:        2.00e+00

----------------------- Linear optimization problem -----------------------
Coeff matrix A:          [[+81.062 +1.209 -6.228 -3.209]
                          [+1.209 +85.093 -10.886 +17.271]
                          [-6.228 -10.886 +74.846 -5.456]
                          [-3.209 +17.271 -5.456 +58.999]]

RHS vector b:            [+0.629 -0.094 +1.896 -0.045]
Obj vector c:            [-555.517 +276.260 -424.681 +276.317]

---------------------------- Optimal solution -----------------------------
Primal variables:         [+0.010 +0.002 +0.027 +0.002]
Dual slacks:              [+1.731 +0.318 +4.670 +0.300]
Dual variables:           [-7.225 +1.956 -5.822 +3.174]

Optimal objective:       -1.57630434e+01
===========================================================================


----------------- Linear system Information -----------------
Norm of RHS vector:      2.00e+00
Norm of matrix:          1.00e+02
Condition number:        2.00e+00

Minimum eigenvalue:      +5.00e+01

RHS vector transpose:    [+0.629 -0.094 +1.896 -0.045]

Coffcient matrix:        [[+81.062 +1.209 -6.228 -3.209]
                          [+1.209 +85.093 -10.886 +17.271]
                          [-6.228 -10.886 +74.846 -5.456]
                          [-3.209 +17.271 -5.456 +58.999]]

------------- Modified linear system Information ------------
Norm of RHS vector:      1.00e+00
Norm of matrix:          5.00e+01
Condition number:        2.00e+00

Norm of difference:      4.38e-17
Norm of residual:        3.82e-15

------------------- Parameters of the QLSA ------------------
HHL method:              2
num_qubits:              6
Is simulator:            True

-------------------- Results of the QLSA --------------------
Quantum solution:        [+0.010 +0.002 +0.027 +0.002]
Exact solution:          [+0.010 +0.002 +0.027 +0.002]

Norm of difference:      4.38e-17
Norm of residual:        3.82e-15
Is sign changed:         False
Time (s):                6.36e-01
=============================================================
