
--------------- Linear optimization problem characteristics ---------------
Seed:                    57
Number of variables:     4
Number of constraints:   4

Norm of primal sol:      2.32e-02
Norm of dual sol:        1.00e+01
Norm of dual slacks:     5.00e+00

Norm of vector b:        2.00e+00
Norm of vector c:        8.25e+02

Norm of matrix A:        1.00e+02
Condition number:        2.00e+00

----------------------- Linear optimization problem -----------------------
Coeff matrix A:          [[+68.964 -11.679 -8.736 +11.408]
                          [-11.679 +90.663 +8.490 +5.795]
                          [-8.736 +8.490 +66.100 +8.074]
                          [+11.408 +5.795 +8.074 +74.274]]

RHS vector b:            [+0.134 +1.023 +1.254 +1.167]
Obj vector c:            [+117.156 +161.005 +450.934 +660.936]

---------------------------- Optimal solution -----------------------------
Primal variables:         [+0.004 +0.009 +0.017 +0.013]
Dual slacks:              [+0.765 +2.017 +3.598 +2.720]
Dual variables:           [+1.256 +0.858 +5.850 +7.966]

Optimal objective:       +1.78007418e+01
===========================================================================


----------------- Linear system Information -----------------
Norm of RHS vector:      2.00e+00
Norm of matrix:          1.00e+02
Condition number:        2.00e+00

Minimum eigenvalue:      +5.00e+01

RHS vector transpose:    [+0.134 +1.023 +1.254 +1.167]

Coffcient matrix:        [[+68.964 -11.679 -8.736 +11.408]
                          [-11.679 +90.663 +8.490 +5.795]
                          [-8.736 +8.490 +66.100 +8.074]
                          [+11.408 +5.795 +8.074 +74.274]]

------------- Modified linear system Information ------------
Norm of RHS vector:      1.00e+00
Norm of matrix:          5.00e+01
Condition number:        2.00e+00

Norm of difference:      5.83e-17
Norm of residual:        4.17e-15

------------------- Parameters of the QLSA ------------------
HHL method:              2
num_qubits:              6
Is simulator:            True

-------------------- Results of the QLSA --------------------
Quantum solution:        [+0.004 +0.009 +0.017 +0.013]
Exact solution:          [+0.004 +0.009 +0.017 +0.013]

Norm of difference:      5.83e-17
Norm of residual:        4.17e-15
Is sign changed:         False
Time (s):                7.97e-01
=============================================================
