
--------------- Linear optimization problem characteristics ---------------
Seed:                    29
Number of variables:     4
Number of constraints:   4

Norm of primal sol:      2.77e-02
Norm of dual sol:        1.00e+01
Norm of dual slacks:     5.00e+00

Norm of vector b:        2.00e+00
Norm of vector c:        5.22e+02

Norm of matrix A:        1.00e+02
Condition number:        2.00e+00

----------------------- Linear optimization problem -----------------------
Coeff matrix A:          [[+72.916 +12.583 +1.909 -2.807]
                          [+12.583 +92.040 -0.850 -5.725]
                          [+1.909 -0.850 +68.094 -16.956]
                          [-2.807 -5.725 -16.956 +66.949]]

RHS vector b:            [+1.504 +0.761 -0.152 +1.067]
Obj vector c:            [-78.633 +27.524 +223.432 +464.330]

---------------------------- Optimal solution -----------------------------
Primal variables:         [+0.020 +0.007 +0.002 +0.018]
Dual slacks:              [+3.630 +1.197 +0.308 +3.208]
Dual variables:           [-1.123 +1.005 +5.385 +8.290]

Optimal objective:       +7.23513271e+00
===========================================================================


----------------- Linear system Information -----------------
Norm of RHS vector:      2.00e+00
Norm of matrix:          1.00e+02
Condition number:        2.00e+00

Minimum eigenvalue:      +5.00e+01

RHS vector transpose:    [+1.504 +0.761 -0.152 +1.067]

Coffcient matrix:        [[+72.916 +12.583 +1.909 -2.807]
                          [+12.583 +92.040 -0.850 -5.725]
                          [+1.909 -0.850 +68.094 -16.956]
                          [-2.807 -5.725 -16.956 +66.949]]

------------- Modified linear system Information ------------
Norm of RHS vector:      1.00e+00
Norm of matrix:          5.00e+01
Condition number:        2.00e+00

Norm of difference:      1.13e-16
Norm of residual:        7.08e-15

------------------- Parameters of the QLSA ------------------
HHL method:              2
num_qubits:              6
Is simulator:            True

-------------------- Results of the QLSA --------------------
Quantum solution:        [+0.020 +0.007 +0.002 +0.018]
Exact solution:          [+0.020 +0.007 +0.002 +0.018]

Norm of difference:      1.13e-16
Norm of residual:        7.08e-15
Is sign changed:         False
Time (s):                7.73e-01
=============================================================
