
--------------- Linear optimization problem characteristics ---------------
Seed:                    44
Number of variables:     4
Number of constraints:   4

Norm of primal sol:      3.01e-02
Norm of dual sol:        1.00e+01
Norm of dual slacks:     5.00e+00

Norm of vector b:        2.00e+00
Norm of vector c:        8.04e+02

Norm of matrix A:        1.00e+02
Condition number:        2.00e+00

----------------------- Linear optimization problem -----------------------
Coeff matrix A:          [[+71.990 -8.692 +7.604 -5.432]
                          [-8.692 +88.744 -8.159 +1.495]
                          [+7.604 -8.159 +61.265 -16.277]
                          [-5.432 +1.495 -16.277 +78.000]]

RHS vector b:            [+1.604 -0.089 +1.154 +0.296]
Obj vector c:            [-499.525 +514.825 -305.470 -194.361]

---------------------------- Optimal solution -----------------------------
Primal variables:         [+0.021 +0.003 +0.019 +0.009]
Dual slacks:              [+3.537 +0.444 +3.155 +1.528]
Dual variables:           [-6.213 +4.824 -4.691 -4.015]

Optimal objective:       -1.68474429e+01
===========================================================================


----------------- Linear system Information -----------------
Norm of RHS vector:      2.00e+00
Norm of matrix:          1.00e+02
Condition number:        2.00e+00

Minimum eigenvalue:      +5.00e+01

RHS vector transpose:    [+1.604 -0.089 +1.154 +0.296]

Coffcient matrix:        [[+71.990 -8.692 +7.604 -5.432]
                          [-8.692 +88.744 -8.159 +1.495]
                          [+7.604 -8.159 +61.265 -16.277]
                          [-5.432 +1.495 -16.277 +78.000]]

------------- Modified linear system Information ------------
Norm of RHS vector:      1.00e+00
Norm of matrix:          5.00e+01
Condition number:        2.00e+00

Norm of difference:      1.40e-16
Norm of residual:        1.14e-14

------------------- Parameters of the QLSA ------------------
HHL method:              2
num_qubits:              6
Is simulator:            True

-------------------- Results of the QLSA --------------------
Quantum solution:        [+0.021 +0.003 +0.019 +0.009]
Exact solution:          [+0.021 +0.003 +0.019 +0.009]

Norm of difference:      1.40e-16
Norm of residual:        1.14e-14
Is sign changed:         True
Time (s):                7.30e-01
=============================================================
