
--------------- Linear optimization problem characteristics ---------------
Seed:                    17
Number of variables:     4
Number of constraints:   4

Norm of primal sol:      2.09e-02
Norm of dual sol:        1.00e+01
Norm of dual slacks:     5.00e+00

Norm of vector b:        2.00e+00
Norm of vector c:        9.85e+02

Norm of matrix A:        1.00e+02
Condition number:        2.00e+00

----------------------- Linear optimization problem -----------------------
Coeff matrix A:          [[+83.807 +19.745 +1.027 -5.519]
                          [+19.745 +68.741 +11.907 +5.968]
                          [+1.027 +11.907 +75.191 +5.790]
                          [-5.519 +5.968 +5.790 +72.261]]

RHS vector b:            [+1.141 +1.466 +0.698 +0.246]
Obj vector c:            [+743.267 +514.494 +358.267 +155.230]

---------------------------- Optimal solution -----------------------------
Primal variables:         [+0.010 +0.017 +0.006 +0.002]
Dual slacks:              [+2.302 +4.145 +1.496 +0.530]
Dual variables:           [+7.916 +4.312 +3.793 +2.085]

Optimal objective:       +1.86213218e+01
===========================================================================


----------------- Linear system Information -----------------
Norm of RHS vector:      2.00e+00
Norm of matrix:          1.00e+02
Condition number:        2.00e+00

Minimum eigenvalue:      +5.00e+01

RHS vector transpose:    [+1.141 +1.466 +0.698 +0.246]

Coffcient matrix:        [[+83.807 +19.745 +1.027 -5.519]
                          [+19.745 +68.741 +11.907 +5.968]
                          [+1.027 +11.907 +75.191 +5.790]
                          [-5.519 +5.968 +5.790 +72.261]]

------------- Modified linear system Information ------------
Norm of RHS vector:      1.00e+00
Norm of matrix:          5.00e+01
Condition number:        2.00e+00

Norm of difference:      3.08e-17
Norm of residual:        1.75e-15

------------------- Parameters of the QLSA ------------------
HHL method:              2
num_qubits:              6
Is simulator:            True

-------------------- Results of the QLSA --------------------
Quantum solution:        [+0.010 +0.017 +0.006 +0.002]
Exact solution:          [+0.010 +0.017 +0.006 +0.002]

Norm of difference:      3.08e-17
Norm of residual:        1.75e-15
Is sign changed:         False
Time (s):                6.10e-01
=============================================================
