
--------------- Linear optimization problem characteristics ---------------
Seed:                    98
Number of variables:     4
Number of constraints:   4

Norm of primal sol:      2.40e-02
Norm of dual sol:        1.00e+01
Norm of dual slacks:     5.00e+00

Norm of vector b:        2.00e+00
Norm of vector c:        6.66e+02

Norm of matrix A:        1.00e+02
Condition number:        2.00e+00

----------------------- Linear optimization problem -----------------------
Coeff matrix A:          [[+79.166 +0.187 +16.170 -4.928]
                          [+0.187 +58.722 -5.542 +10.054]
                          [+16.170 -5.542 +86.182 +8.529]
                          [-4.928 +10.054 +8.529 +75.931]]

RHS vector b:            [+1.134 +0.761 +0.793 +1.227]
Obj vector c:            [-34.127 -553.245 -203.888 -307.769]

---------------------------- Optimal solution -----------------------------
Primal variables:         [+0.014 +0.011 +0.006 +0.015]
Dual slacks:              [+2.933 +2.272 +1.207 +3.127]
Dual variables:           [-0.052 -9.277 -2.713 -2.565]

Optimal objective:       -1.22927143e+01
===========================================================================


----------------- Linear system Information -----------------
Norm of RHS vector:      2.00e+00
Norm of matrix:          1.00e+02
Condition number:        2.00e+00

Minimum eigenvalue:      +5.00e+01

RHS vector transpose:    [+1.134 +0.761 +0.793 +1.227]

Coffcient matrix:        [[+79.166 +0.187 +16.170 -4.928]
                          [+0.187 +58.722 -5.542 +10.054]
                          [+16.170 -5.542 +86.182 +8.529]
                          [-4.928 +10.054 +8.529 +75.931]]

------------- Modified linear system Information ------------
Norm of RHS vector:      1.00e+00
Norm of matrix:          5.00e+01
Condition number:        2.00e+00

Norm of difference:      7.43e-17
Norm of residual:        4.67e-15

------------------- Parameters of the QLSA ------------------
HHL method:              2
num_qubits:              6
Is simulator:            True

-------------------- Results of the QLSA --------------------
Quantum solution:        [+0.014 +0.011 +0.006 +0.015]
Exact solution:          [+0.014 +0.011 +0.006 +0.015]

Norm of difference:      7.43e-17
Norm of residual:        4.67e-15
Is sign changed:         False
Time (s):                6.24e-01
=============================================================
