
--------------- Linear optimization problem characteristics ---------------
Seed:                    38
Number of variables:     4
Number of constraints:   4

Norm of primal sol:      6.25e-02
Norm of dual sol:        1.00e+01
Norm of dual slacks:     5.00e+00

Norm of vector b:        2.00e+00
Norm of vector c:        4.22e+02

Norm of matrix A:        5.00e+01
Condition number:        2.00e+00

----------------------- Linear optimization problem -----------------------
Coeff matrix A:          [[+37.960 -2.845 -3.255 -4.618]
                          [-2.845 +34.531 +1.590 -10.262]
                          [-3.255 +1.590 +35.612 +3.130]
                          [-4.618 -10.262 +3.130 +41.897]]

RHS vector b:            [+0.242 +0.949 +1.491 +0.904]
Obj vector c:            [+173.985 +111.909 -308.205 -200.518]

---------------------------- Optimal solution -----------------------------
Primal variables:         [+0.016 +0.036 +0.039 +0.029]
Dual slacks:              [+1.276 +2.851 +3.132 +2.331]
Dual variables:           [+3.682 +2.920 -8.263 -3.103]

Optimal objective:       -1.11495365e+01
===========================================================================


----------------- Linear system Information -----------------
Norm of RHS vector:      2.00e+00
Norm of matrix:          5.00e+01
Condition number:        2.00e+00

Minimum eigenvalue:      +2.50e+01

RHS vector transpose:    [+0.242 +0.949 +1.491 +0.904]

Coffcient matrix:        [[+37.960 -2.845 -3.255 -4.618]
                          [-2.845 +34.531 +1.590 -10.262]
                          [-3.255 +1.590 +35.612 +3.130]
                          [-4.618 -10.262 +3.130 +41.897]]

------------- Modified linear system Information ------------
Norm of RHS vector:      1.00e+00
Norm of matrix:          2.50e+01
Condition number:        2.00e+00

Norm of difference:      9.19e-17
Norm of residual:        3.12e-15

------------------- Parameters of the QLSA ------------------
HHL method:              2
num_qubits:              6
Is simulator:            True

-------------------- Results of the QLSA --------------------
Quantum solution:        [+0.016 +0.036 +0.039 +0.029]
Exact solution:          [+0.016 +0.036 +0.039 +0.029]

Norm of difference:      9.19e-17
Norm of residual:        3.12e-15
Is sign changed:         False
Time (s):                7.56e-01
=============================================================
