
--------------- Linear optimization problem characteristics ---------------
Seed:                    36
Number of variables:     4
Number of constraints:   4

Norm of primal sol:      2.94e-02
Norm of dual sol:        1.00e+01
Norm of dual slacks:     5.00e+00

Norm of vector b:        2.00e+00
Norm of vector c:        9.32e+02

Norm of matrix A:        1.00e+02
Condition number:        2.00e+00

----------------------- Linear optimization problem -----------------------
Coeff matrix A:          [[+91.688 -1.386 -14.744 -4.023]
                          [-1.386 +72.063 +2.941 +14.712]
                          [-14.744 +2.941 +71.889 -5.370]
                          [-4.023 +14.712 -5.370 +64.359]]

RHS vector b:            [+1.119 +1.030 +1.280 +0.218]
Obj vector c:            [+656.971 -281.897 -500.717 -328.255]

---------------------------- Optimal solution -----------------------------
Primal variables:         [+0.016 +0.013 +0.021 +0.003]
Dual slacks:              [+2.700 +2.230 +3.529 +0.531]
Dual variables:           [+5.921 -2.635 -6.039 -4.640]

Optimal objective:       -4.68173067e+00
===========================================================================


----------------- Linear system Information -----------------
Norm of RHS vector:      2.00e+00
Norm of matrix:          1.00e+02
Condition number:        2.00e+00

Minimum eigenvalue:      +5.00e+01

RHS vector transpose:    [+1.119 +1.030 +1.280 +0.218]

Coffcient matrix:        [[+91.688 -1.386 -14.744 -4.023]
                          [-1.386 +72.063 +2.941 +14.712]
                          [-14.744 +2.941 +71.889 -5.370]
                          [-4.023 +14.712 -5.370 +64.359]]

------------- Modified linear system Information ------------
Norm of RHS vector:      1.00e+00
Norm of matrix:          5.00e+01
Condition number:        2.00e+00

Norm of difference:      3.99e-17
Norm of residual:        2.48e-15

------------------- Parameters of the QLSA ------------------
HHL method:              2
num_qubits:              6
Is simulator:            True

-------------------- Results of the QLSA --------------------
Quantum solution:        [+0.016 +0.013 +0.021 +0.003]
Exact solution:          [+0.016 +0.013 +0.021 +0.003]

Norm of difference:      3.99e-17
Norm of residual:        2.48e-15
Is sign changed:         True
Time (s):                8.32e-01
=============================================================
