
--------------- Linear optimization problem characteristics ---------------
Seed:                    52
Number of variables:     4
Number of constraints:   4

Norm of primal sol:      2.72e-02
Norm of dual sol:        1.00e+01
Norm of dual slacks:     5.00e+00

Norm of vector b:        2.00e+00
Norm of vector c:        8.80e+02

Norm of matrix A:        1.00e+02
Condition number:        2.00e+00

----------------------- Linear optimization problem -----------------------
Coeff matrix A:          [[+69.400 +13.130 +10.040 +0.318]
                          [+13.130 +78.728 -16.288 +6.529]
                          [+10.040 -16.288 +82.050 -7.234]
                          [+0.318 +6.529 -7.234 +69.822]]

RHS vector b:            [+1.550 +0.349 +0.535 +1.091]
Obj vector c:            [-395.915 +188.819 -598.415 +473.432]

---------------------------- Optimal solution -----------------------------
Primal variables:         [+0.021 +0.001 +0.005 +0.016]
Dual slacks:              [+3.915 +0.124 +1.003 +2.941]
Dual variables:           [-5.243 +1.568 -5.823 +6.012]

Optimal objective:       -3.99961302e+00
===========================================================================


----------------- Linear system Information -----------------
Norm of RHS vector:      2.00e+00
Norm of matrix:          1.00e+02
Condition number:        2.00e+00

Minimum eigenvalue:      +5.00e+01

RHS vector transpose:    [+1.550 +0.349 +0.535 +1.091]

Coffcient matrix:        [[+69.400 +13.130 +10.040 +0.318]
                          [+13.130 +78.728 -16.288 +6.529]
                          [+10.040 -16.288 +82.050 -7.234]
                          [+0.318 +6.529 -7.234 +69.822]]

------------- Modified linear system Information ------------
Norm of RHS vector:      1.00e+00
Norm of matrix:          5.00e+01
Condition number:        2.00e+00

Norm of difference:      2.43e-17
Norm of residual:        2.18e-15

------------------- Parameters of the QLSA ------------------
HHL method:              2
num_qubits:              6
Is simulator:            True

-------------------- Results of the QLSA --------------------
Quantum solution:        [+0.021 +0.001 +0.005 +0.016]
Exact solution:          [+0.021 +0.001 +0.005 +0.016]

Norm of difference:      2.43e-17
Norm of residual:        2.18e-15
Is sign changed:         True
Time (s):                7.14e-01
=============================================================
