
--------------- Linear optimization problem characteristics ---------------
Seed:                    6
Number of variables:     10
Number of constraints:   10

Norm of primal sol:      3.19e+00
Norm of dual sol:        1.00e+01
Norm of dual slacks:     5.00e+00

Norm of vector b:        2.00e+00
Norm of vector c:        9.56e+00

Norm of matrix A:        1.00e+00
Condition number:        4.00e+00

----------------------- Linear optimization problem -----------------------
Coeff matrix A:          [[+0.525 -0.027 +0.108 +0.091 -0.192 -0.135 +0.056 -0.013 +0.000 -0.043]
                          [-0.027 +0.682 +0.030 -0.023 +0.019 -0.095 +0.030 -0.025 +0.016 -0.092]
                          [+0.108 +0.030 +0.637 -0.069 -0.014 -0.029 -0.055 +0.078 -0.007 -0.042]
                          [+0.091 -0.023 -0.069 +0.467 +0.056 -0.023 +0.127 -0.025 +0.046 +0.002]
                          [-0.192 +0.019 -0.014 +0.056 +0.658 +0.006 -0.015 -0.068 -0.063 -0.056]
                          [-0.135 -0.095 -0.029 -0.023 +0.006 +0.503 -0.006 +0.123 -0.004 +0.068]
                          [+0.056 +0.030 -0.055 +0.127 -0.015 -0.006 +0.693 +0.005 +0.153 -0.201]
                          [-0.013 -0.025 +0.078 -0.025 -0.068 +0.123 +0.005 +0.726 +0.076 +0.028]
                          [+0.000 +0.016 -0.007 +0.046 -0.063 -0.004 +0.153 +0.076 +0.750 +0.025]
                          [-0.043 -0.092 -0.042 +0.002 -0.056 +0.068 -0.201 +0.028 +0.025 +0.609]]

RHS vector b:            [+0.839 +0.233 +1.090 +0.191 -0.360 +0.397 +0.580 +0.857 +0.695 +0.419]
Obj vector c:            [+1.183 +2.249 +1.802 +1.116 +1.263 +4.637 +4.225 +1.481 +4.957 +3.578]

---------------------------- Optimal solution -----------------------------
Primal variables:         [+1.671 +0.621 +1.537 +0.078 +0.201 +1.114 +0.992 +0.784 +0.628 +1.165]
Dual slacks:              [+2.619 +0.974 +2.409 +0.122 +0.316 +1.746 +1.554 +1.229 +0.984 +1.826]
Dual variables:           [-0.748 +2.853 +0.218 +0.954 +1.758 +5.929 +3.868 -1.050 +4.551 +3.916]

Optimal objective:       +2.42787940e+01
===========================================================================

[F[K 
----------------- Linear system Information -----------------
Norm of RHS vector:      2.00e+00
Norm of matrix:          1.00e+00
Condition number:        4.00e+00

Minimum eigenvalue:      +2.50e-01

RHS vector transpose:    [+0.839 +0.233 +1.090 +0.191 -0.360 +0.397 +0.580 +0.857 +0.695 +0.419]

Coffcient matrix:        [[+0.525 -0.027 +0.108 +0.091 -0.192 -0.135 +0.056 -0.013 +0.000 -0.043]
                          [-0.027 +0.682 +0.030 -0.023 +0.019 -0.095 +0.030 -0.025 +0.016 -0.092]
                          [+0.108 +0.030 +0.637 -0.069 -0.014 -0.029 -0.055 +0.078 -0.007 -0.042]
                          [+0.091 -0.023 -0.069 +0.467 +0.056 -0.023 +0.127 -0.025 +0.046 +0.002]
                          [-0.192 +0.019 -0.014 +0.056 +0.658 +0.006 -0.015 -0.068 -0.063 -0.056]
                          [-0.135 -0.095 -0.029 -0.023 +0.006 +0.503 -0.006 +0.123 -0.004 +0.068]
                          [+0.056 +0.030 -0.055 +0.127 -0.015 -0.006 +0.693 +0.005 +0.153 -0.201]
                          [-0.013 -0.025 +0.078 -0.025 -0.068 +0.123 +0.005 +0.726 +0.076 +0.028]
                          [+0.000 +0.016 -0.007 +0.046 -0.063 -0.004 +0.153 +0.076 +0.750 +0.025]
                          [-0.043 -0.092 -0.042 +0.002 -0.056 +0.068 -0.201 +0.028 +0.025 +0.609]]

------------- Modified linear system Information ------------
Norm of RHS vector:      1.00e+00
Norm of matrix:          5.00e-01
Condition number:        4.00e+00

Norm of difference:      3.80e+00
Norm of residual:        2.78e+00

------------------- Parameters of the QLSA ------------------
HHL method:              2
num_qubits:              10
Is simulator:            True

-------------------- Results of the QLSA --------------------
Quantum solution:        [+0.355 +1.575 +0.849 +2.180 +1.006 +0.749 +0.113 -0.153 -1.323 +1.973]
Exact solution:          [+1.671 +0.621 +1.537 +0.078 +0.201 +1.114 +0.992 +0.784 +0.628 +1.165]

Norm of difference:      3.80e+00
Norm of residual:        2.78e+00
Is sign changed:         False
Time (s):                2.07e+02
=============================================================
